427
572.532  43.9235  592.526  45.0424 1.77337 0.125 17.2667 0
461.521  236.941  424.538  235.518 1.88318 0.125 47.0687 0
687.473  260.675  698.52  262.369 1.44317 0.125 1.01112 0
107.839  292.478  107.315  308.494 1 0.125 0.108034 0
422.031  202.243  406.109  231.286 1.72261 0.125 37.1347 0
424.533  221.284  428.083  205.407 1.84855 0.125 12.7513 0
498.199  141.451  496.407  152.485 1.81382 0.125 3.72039 0
713.516  231.125  672.51  230.646 1.96484 0.125 58.8089 0
613.49  46.1766  630.474  45.6549 1.3373 0.125 10.042 0
422.586  232.344  424.111  223.433 1.63403 0.03125 6.14155 0
719.233  218.429  716.06  230.383 1.87337 0.125 7.33275 0
85.1687  319.528  84.6917  296.517 1.93739 0.125 27.2007 0
304.824  81.5002  304.855  33.5002 2.00522 0.125 68.6241 0
58.9014  331.526  57.2572  293.511 2.04134 0.125 56.0996 0
13.3522  351.506  11.6438  307.533 2.6973 0.125 48.277 0
658.746  240.445  661.237  251.559 1.63177 0.125 3.72039 0
422.219  237.451  421.639  252.467 1.92135 0.125 12.7513 0
94.5195  229.938  26.4625  227.582 2.41018 0.125 123.802 0
493.497  200.525  523.563  203.943 1.78411 0.125 34.4255 0
37.5459  341.545  35.5681  299.544 1.95075 0.125 59.712 0
78.5847  321.534  77.4427  290.502 1.88832 0.125 36.2316 0
95.7037  328.513  95.4233  311.501 1.03282 0.125 1.01112 0
530.761  21.453  528.53  56.5019 1.88739 0.125 46.1656 0
588.538  287.444  634.55  289.098 2.42318 0.125 50.9621 0
23.6804  345.553  21.7458  315.549 2.02743 0.125 39.844 0
130.843  300.502  130.772  277.502 2.00307 0.125 24.6822 0
734.496  219.896  758.495  219.742 1.14153 0.125 6.42966 0
45.9173  337.523  44.7127  306.57 2.5818 0.125 42.58 0
81.4564  296.484  81.8732  321.494 2.08305 0.125 30.4486 0
507.489  297.924  529.5  297.494 2.25367 0.125 29.1539 0
661.609  262.543  653.486  261.622 1.53616 0.03125 1.71607 0
431.408  202.07  460.481  200.204 2.35335 0.125 38.6254 0
459.515  320.786  496.499  321.568 2.2321 0.125 46.0598 0
729.505  256.522  746.304  252.649 1.79977 0.125 10.4128 0
661.482  208.189  644.482  209.198 1.176 0.125 2.8173 0
604.491  231.254  618.473  230.747 1.92623 0.0625 2.55875 0
93.1227  312.495  92.8201  333.505 2.1726 0.125 24.4915 0
402.545  230.77  389.409  232.956 1.97128 0.125 10.042 0
9.37278  433.281  100.429  380.378 2.16442 0.125 155.805 0
218.509  393.918  295.506  395.132 1.95246 0.125 118.998 0
24.6242  165.365  0.367473  162.712 3.09094 0.125 47.7775 0
347.494  517.925  389.49  517.508 2.13908 0.125 60.7394 0
98.9831  312.487  99.1949  320.508 1.1844 0.0625 1.61318 0
737.52  242.213  720.535  241.008 1.78262 0.125 9.26472 0
473.504  520.261  508.511  520.906 2.42366 0.125 54.786 0
466.5  201.121  490.5  201.121 1.00031 0.125 4.20178 0
527.74  92.5077  525.39  165.496 2.54402 0.125 110.06 0
671.728  226.349  683.015  218.776 2.19667 0.125 6.64198 0
79.5254  370.499  79.2947  360.482 1.11488 0.03125 1.31215 0
448.509  519.371  457.508  519.278 2.07179 0.125 1.01112 0
379.285  106.454  378.906  116.478 1.88526 0.125 0.668085 0
62.3831  168.9  32.5908  166.413 3.23743 0.125 61.9814 0
170.59  180.706  149.632  178.335 3.33626 0.125 36.8706 0
23.8045  586.987  33.691  580.806 1.48512 0.125 1.01112 0
130.422  175.687  114.557  174.637 3.19142 0.125 29.0069 0
175.765  233.554  174.886  221.545 2.43281 0.125 12.7513 0
144.579  177.862  133.623  176.508 2.97734 0.125 15.4606 0
529.421  313.363  540.506  312.592 1.85645 0.125 5.52657 0
786.065  541.865  778.122  534.8 2.74098 0.125 9.52392 0
686.447  483.487  691.111  487.846 2.8745 0.125 1.91421 0
490.655  494.242  487.861  491.062 2.34483 0.03125 1.31215 0
469.371  598.62  468.299  588.521 3.08882 0.125 6.55695 0
85.5709  171.677  69.5178  170.293 3.41843 0.125 26.589 0
76.0239  331.497  76.0801  342.497 1.04596 0.03125 1.31215 0
709.143  293.533  710.217  272.435 2.84365 0.125 36.6673 0
117.867  305.514  117.605  293.498 1.21761 0.03125 4.32245 0
722.797  556.16  726.729  560.346 2.82703 0.125 0.108034 0
135.575  338.506  137.083  320.465 2.65958 0.125 22.2023 0
532.504  373.36  548.52  373.858 2.27884 0.125 17.1751 0
102.475  379.458  118.274  370.118 1.40783 0.125 9.13893 0
531.142  0.425557  527.631  17.3193 2.1233 0.125 4.41525 0
456.7  455.489  451.512  449.333 3.1018 0.125 9.13893 0
56.2373  339.547  55.3515  353.491 1.25159 0.125 1.01112 0
108.536  174.141  92.4949  172.551 3.08399 0.125 27.3647 0
635.486  290.547  688.558  306.303 1.69266 0.125 69.646 0
98.5125  207.839  114.526  208.141 2.22623 0.125 14.5575 0
496.501  188.553  510.493  188.203 0.599717 0.0625 0.463196 0
791.162  586.968  785.136  582.618 3.01781 0.125 4.20178 0
648.493  188.71  658.515  189.059 2.17309 0.125 2.43315 0
770.56  316.376  756.547  315.624 3.31686 0.125 22.2023 0
738.048  306.722  742.227  296.39 1.69816 0.125 2.8173 0
402.709  108.497  402.643  125.497 2.05015 0.125 11.8953 0
463.44  572.521  459.671  561.442 1.93214 0.125 2.2932 0
166.498  273.86  226.501  273.663 1.19697 0.125 39.844 0
747.402  253.813  760.423  251.961 1.83487 0.125 6.42966 0
738.313  503.426  733.209  499.563 3.01714 0.125 1.91421 0
391.364  525.519  394.144  545.41 1.84235 0.125 15.7549 0
495.67  118.503  495.949  104.489 1.25856 0.125 1.91421 0
403.614  356.517  404.348  309.513 2.76536 0.125 47.7433 0
504.515  223.729  484.503  223.35 1 0.125 1.55013 0
569.008  27.4286  567.404  38.4861 1.69229 0.125 2.8173 0
630.497  241.537  642.58  242.499 2.5935 0.125 11.3022 0
798.632  550.982  793.503  547.155 3.40927 0.125 4.62348 0
314.624  33.3317  328.465  43.5469 1.22616 0.125 2.43315 0
769.053  567.074  765.454  564.274 2.80661 0.0625 1.61318 0
772.801  181.43  774.106  168.46 2.39053 0.125 0.398689 0
601.45  280.701  610.399  282.909 1.47576 0.0625 0.409064 0
402.742  96.4352  402.148  103.384 2.41868 0.125 1.91421 0
452.326  538.66  451.356  531.52 2.97267 0.125 1.42765 0
102.388  349.504  101.886  335.486 1.429 0.125 7.33275 0
22.488  441.484  30.3621  435.667 2.58687 0.125 4.02883 0
91.5  294.5  91.5  312.5 1 0.125 1.91421 0
103.053  368.522  102.257  352.462 1.35354 0.125 4.62348 0
515.465  316.038  528.542  315.05 1.84365 0.125 3.1603 0
646.4  255.266  630.424  256.568 3.39604 0.125 22.8982 0
769.526  309.35  779.229  311.049 3.24999 0.125 10.1408 0
559.258  138.487  560.374  117.493 1.15784 0.125 7.33275 0
616.516  189.277  630.517  190.253 1.20614 0.125 0.108034 0
719.502  527.753  697.503  527.682 1.06791 0.125 4.62348 0
543.479  212.863  554.558  213.502 1.82391 0.125 1.55013 0
82.3657  403.336  90.1012  397.012 2.46399 0.125 5.08724 0
180.507  324.371  209.475  325.954 1.98048 0.125 28.347 0
629.473  249.785  643.536  251.119 1.70768 0.125 7.33275 0
365.578  480.333  370.991  450.408 2.31372 0.125 35.6427 0
719.522  307.823  715.855  296.713 2.54474 0.125 5.69779 0
636.53  329.629  627.326  331.745 3.14778 0.125 6.64198 0
712.42  266.402  721.858  258.712 1.89489 0.125 1.42765 0
33.9684  519.89  91.6178  469.635 1.7583 0.125 89.6124 0
50.0029  423.748  62.035  415.796 2.7858 0.125 17.1751 0
669.501  450.499  614.658  408.295 1.15776 0.125 48.3011 0
607.495  265.6  629.505  265.488 3.08661 0.125 46.1656 0
669.51  280.557  641.788  285.212 3.29735 0.125 47.3772 0
510.824  517.234  492.322  494.646 1.1274 0.125 14.5575 0
660.528  463.467  681.676  481.291 1.28892 0.125 10.0068 0
141.544  121.135  164.571  123.916 1.89912 0.125 15.9723 0
107.462  116.783  120.493  118.551 2.43507 0.125 10.1408 0
117.155  326.532  117.692  315.461 1.90084 0.125 1.55013 0
428.429  425.358  420.91  415.973 2.80667 0.125 11.8953 0
533.856  353.081  538.184  357.883 2.8979 0.125 2.8173 0
602.501  220.605  618.5  220.518 1.03292 0.125 0.108034 0
697.633  309.045  755.361  325.973 2.31604 0.125 94.3744 0
465.341  240.432  460.199  252.371 1.69618 0.125 0.563807 0
755.571  326.271  796.39  338.857 2.13422 0.125 56.2429 0
18.5  328.5  18.5  344.5 1 0.125 0.108034 0
582.47  227.916  557.433  229.192 2.23213 0.125 27.4678 0
46.5052  210.524  57.4279  208.166 1.87739 0.125 3.72039 0
646.543  327.7  637.322  329.662 2.78878 0.125 5.76976 0
667.601  320.855  659.409  323.181 1.50829 0.0625 0.409064 0
53.329  471.926  63.6083  468.863 2.10054 0.125 4.20178 0
420.006  272.498  419.915  292.497 1.07732 0.125 4.02089 0
623.501  237.153  605.499  237.115 1.03383 0.125 1.91421 0
2.51189  216.907  18.5274  216.439 1.99915 0.125 14.5575 0
419.365  97.2886  421.773  84.3645 2.44808 0.125 0.113964 0
751.419  515.598  738.31  504.729 1.14489 0.125 0.668085 0
588.769  403.186  607.642  419.334 1.08895 0.125 5.76976 0
530.09  260.472  529.622  250.494 2.94987 0.125 6.64198 0
458.652  191.62  446.497  189.52 2.61566 0.125 4.94605 0
136.144  430.056  147.723  420.778 1.56566 0.125 4.20178 0
524.602  280.049  530.02  269.259 3.13735 0.125 8.29566 0
483.387  483.594  463.879  460.184 1.15257 0.125 9.10874 0
609.545  404.444  588.544  387.445 1 0.125 10.042 0
678.531  317.64  667.844  320.034 3.14603 0.125 11.0177 0
409.042  537.48  408.681  545.553 2.3109 0.0625 1.8894 0
362.467  339.313  370.565  337.865 2.17271 0.125 1.91421 0
692.485  309.471  686.492  312.484 2.69015 0.125 1.01112 0
776.764  535.16  755.45  518.565 1 0.125 9.13893 0
701.51  269.439  662.568  263.081 1.93364 0.125 44.7783 0
192.497  127.578  200.524  127.908 2.20329 0.0625 1.8894 0
17.4088  106.09  30.5583  108.123 1.59927 0.125 2.43315 0
43.8151  210.805  33.2335  221.229 2.10541 0.125 2.45711 0
464.929  285.29  460.787  276.85 2.26942 0.125 4.62348 0
327.476  329.041  343.537  328.206 2.25677 0.125 19.0729 0
638.284  8.49646  638.087  20.4932 2.18039 0.125 7.33275 0
639.548  267.219  658.508  270.453 1.51299 0.125 10.042 0
417.506  501.499  418.541  509.622 2.48958 0.125 2.43315 0
583.616  383.356  568.681  371.277 1 0.125 1.91421 0
276.513  369.315  260.518  368.229 1.13314 0.125 0.108034 0
85.4854  208.633  95.5833  209.742 2.76379 0.125 0.989353 0
61.8275  365.488  62.5915  386.497 1.68979 0.125 8.29566 0
763.544  564.452  735.383  538.627 1 0.125 16.6464 0
404.628  537.506  405.629  516.506 1.90251 0.125 19.3228 0
508.556  228.745  491.502  227.475 1.81398 0.125 10.4128 0
90.0158  173.545  91.2107  186.527 1.71663 0.125 6.42966 0
144.425  351.523  211.506  356.413 2.68082 0.125 68.0259 0
378.361  449.486  375.563  476.507 1.85354 0.125 23.7673 0
417.029  553.5  417.038  567.501 2.00684 0.125 10.9451 0
0.186051  484.169  41.4834  474.43 2.39676 0.125 51.5907 0
434.498  314.714  454.495  314.934 1.22006 0.125 6.42966 0
783.701  582.277  768.464  568.54 1.04655 0.125 1.55013 0
274.473  345.984  342.523  344.763 4.01214 0.125 137.049 0
631.557  435.432  665.778  464.169 1.10444 0.125 21.1621 0
777.592  213.919  767.374  212.292 2.08808 0.125 0.563807 0
465.625  52.0509  451.598  48.1491 1.55032 0.125 4.62348 0
209.525  343.033  243.427  344.861 3.12778 0.125 36.3855 0
533.269  240.642  541.186  247.734 2.82417 0.125 10.4128 0
268.465  186.683  277.517  188.413 2.75889 0.125 1.42771 0
641.494  186.318  615.523  187.183 1.2657 0.125 15.4606 0
627.493  205.034  643.504  204.805 1.22847 0.125 9.13893 0
613.628  258.823  635.42  262.924 1.95415 0.125 16.9572 0
149.192  221.574  148.676  212.49 2.71171 0.125 2.2932 0
269.279  45.5395  266.762  31.4532 2.84833 0.125 13.3898 0
254.5  368.5  235.5  368.5 1 0.125 2.8173 0
722.58  489.4  705.394  475.632 1 0.125 1.42765 0
760.433  544.578  794.351  573.673 1.08631 0.125 17.6301 0
505.971  101.483  505.711  109.539 2.03118 0.125 1.01112 0
657.217  437.871  615.239  405.841 1 0.125 27.7874 0
80.3564  448.349  74.2071  454.192 2.97202 0.125 1.42771 0
86.9979  339.468  87.7796  351.547 1.73748 0.125 2.43315 0
250.538  415.665  227.389  421.022 1.79541 0.125 16.8351 0
73.4756  454.466  58.2883  465.2 2.4498 0.125 17.6988 0
359.494  204.75  369.536  204.987 1.97584 0.0625 1.55421 0
47.8496  365.542  50.056  399.529 1.86623 0.125 32.3088 0
115.827  421.859  107.472  429.47 1.88882 0.125 3.72039 0
231.437  293.118  239.545  291.771 2.79253 0.125 3.31706 0
611.503  218.454  593.526  217.147 1.14236 0.125 3.72039 0
137.353  406.299  116.035  421.863 2.9483 0.125 33.8377 0
344.517  509.504  353.189  472.427 2.15204 0.125 32.446 0
420.503  414.497  406.196  400.818 1.57241 0.125 7.41745 0
417.789  509.489  418.313  523.507 1.44816 0.125 4.89868 0
63.3837  171.509  65.0994  194.53 1.81473 0.125 22.6853 0
380.449  411.186  398.62  408.24 2.98796 0.125 17.8317 0
580.512  252.816  552.503  252.315 1.82089 0.125 15.0905 0
296.641  29.1215  285.451  27.9808 3.08595 0.125 8.25658 0
40.963  383.483  41.5441  399.498 2.10746 0.125 9.10874 0
87.3767  89.0364  105.565  93.2182 2.02744 0.125 16.2936 0
196.481  415.215  176.502  416.534 1 0.125 2.8173 0
469.473  49.5802  487.77  55.6928 1.89479 0.125 5.89477 0
131.929  178.517  132.195  187.509 1.2066 0.0625 0.463196 0
227.484  274.514  266.506  275.12 1.95315 0.125 47.7775 0
251.501  346.552  272.5  346.585 2.01417 0.125 5.61522 0
704.278  474.781  688.598  462.377 1 0.125 0.668085 0
762.652  560.337  732.631  532.36 1 0.125 18.0571 0
0.580756  70.1326  86.6011  89.0399 2.87593 0.125 110.427 0
95.6495  437.702  85.8446  444.965 1.63669 0.125 4.62348 0
214.583  130.005  233.553  133.185 1.64756 0.125 13.0822 0
412.992  545.581  411.546  536.493 2.60382 0.125 1.42771 0
248.477  201.079  239.491  200.716 2.20059 0.125 0.108034 0
390.499  74.9069  331.501  75.056 3.05812 0.125 104.329 0
419.949  69.4182  418.163  81.45 2.56548 0.125 6.55695 0
141.229  328.35  138.143  313.368 1.81579 0.125 4.02089 0
305.499  365.839  260.499  365.73 2.09933 0.125 58.4262 0
31.5642  486.599  19.4604  494.439 2.51796 0.125 11.7388 0
612.295  419.748  629.261  433.789 1 0.125 2.43315 0
726.5  561.5  748.5  583.5 1 0.125 5.52657 0
204.334  227.691  220.475  224.378 2.56234 0.125 10.1529 0
480.377  49.9811  463.461  45.6516 1.17063 0.125 3.72039 0
557.499  266.072  601.501  265.918 2.02095 0.125 65.1305 0
455.5  231.487  468.498  231.673 1.05695 0.03125 1.71607 0
254.529  365.292  224.498  364.565 2.14468 0.125 38.1086 0
622.476  248.694  608.458  249.116 2.84809 0.125 15.7549 0
78.4773  202.292  97.4691  200.217 2.42272 0.125 15.9279 0
268.375  29.8454  279.542  27.7198 2.19911 0.125 1.42771 0
647.524  236.165  633.452  235.177 1.78489 0.125 8.23584 0
68.2612  334.514  69.2809  351.513 1.47723 0.125 2.27789 0
386.629  483.621  384.936  471.439 2.94438 0.125 9.13775 0
404.22  224.383  410.593  209.121 1.91667 0.125 9.26472 0
628.5  255.5  610.5  255.5 1 0.125 1.91421 0
23.1631  94.539  24.3197  104.521 1.64139 0.125 1.01112 0
99.5351  353.498  100.244  363.518 3.06306 0.125 2.613 0
586.48  236.888  571.469  236.101 2.46853 0.125 19.0729 0
549.498  352.502  534.47  341.541 1 0.125 1.91421 0
14.3367  498.298  4.37718  506.348 3.11087 0.125 11.6737 0
575.508  274.791  565.488  275.061 1.26888 0.125 0.108034 0
132.11  319.488  132.428  335.501 1.21771 0.125 0.108034 0
326.371  390.556  340.442  389.624 2.86119 0.125 11.6737 0
722.5  525.5  693.5  525.5 1 0.125 11.8482 0
615.504  123.296  599.49  122.947 1.95594 0.125 6.55695 0
250.484  286.254  234.422  287.294 1.86665 0.125 2.45711 0
268.78  66.4798  267.34  46.5116 1 0.125 1.55013 0
434.483  67.7922  421.485  67.6238 3.06453 0.125 8.38105 0
471.499  229.382  440.491  229.771 1 0.125 9.26472 0
687.546  364.838  700.553  365.734 2.47628 0.125 9.1425 0
468.65  505.387  457.442  490.544 1.61242 0.125 5.69779 0
202.727  380.386  207.139  389.179 2.18788 0.125 1.42765 0
21.805  375.513  21.6882  387.502 2.05835 0.125 6.42966 0
138.705  388.607  133.991  353.434 2.17627 0.125 38.9155 0
201.02  228.229  184.739  257.071 2.05108 0.125 14.8275 0
417.425  461.476  417.994  483.513 1.92188 0.125 18.0571 0
616.518  363.184  633.52  364.136 1.82905 0.125 11.8482 0
347.435  339.506  361.505  338.58 1.99569 0.125 7.51526 0
263.534  341.132  243.427  339.297 1.89702 0.125 15.4127 0
457.5  69.502  440.5  69.4803 2.01275 0.125 7.6803 0
502.508  274.486  518.331  282.82 1 0.125 0.108034 0
639.493  363.926  652.491  363.768 1.15742 0.0625 1.61318 0
147.5  337.497  172.54  338.486 1.87997 0.125 27.2007 0
271.493  357.8  284.509  358.091 1.24546 0.125 4.62348 0
371.5  334.5  355.5  334.5 1 0.125 0.108034 0
547.687  312.551  542.521  331.506 2.9837 0.125 14.4275 0
568.5  129.5  605.5  129.5 1 0.125 19.0729 0
755.462  265.333  796.514  267.202 2.13438 0.125 47.5148 0
327.507  339.719  264.498  340.105 3.0122 0.125 116.187 0
320.448  217.165  342.547  218.903 1.85945 0.125 22.6853 0
424.785  568.432  421.449  554.512 1.67168 0.125 4.20178 0
168.5  53.5011  176.473  52.3202 2.82113 0.125 1.42765 0
544.518  217.018  561.497  216.417 1.96337 0.125 6.55695 0
182.511  342.071  208.519  342.717 2.42189 0.125 13.5605 0
405.278  475.38  407.633  490.634 2.12916 0.125 3.60558 0
214.999  290.398  228.495  296.51 2.73279 0.125 9.32668 0
556.499  269.973  600.501  269.877 2.04584 0.125 53.2833 0
108.477  93.602  180.438  109.776 2.29137 0.125 56.1746 0
315.498  397.935  214.496  397.578 2.27564 0.125 95.9333 0
223.504  362.305  291.496  363.704 1 0.125 42.5904 0
350.517  386.312  327.485  386.796 1.53678 0.125 9.13893 0
345.478  389.535  359.494  389.218 3.11228 0.125 10.1529 0
567.5  226.5  544.5  226.5 1 0.125 6.42966 0
2.22884  214.517  2.64635  196.503 2.27752 0.125 12.0749 0
119.315  323.498  119.016  346.507 1.22085 0.125 13.6544 0
88.5137  224.202  73.4994  223.513 1.41145 0.125 5.52657 0
235.55  136.969  222.477  135.75 2.26996 0.125 8.63548 0
240.624  302.723  259.464  305.728 1.81755 0.125 10.1408 0
363.461  381.749  324.514  383.771 1.89362 0.125 21.4208 0
496.436  252.437  484.101  265.112 1.58737 0.125 16.3637 0
628.398  336.475  624.671  351.542 1.9515 0.125 3.28424 0
70.6787  95.6419  61.6535  93.7626 2.52931 0.125 6.42966 0
115.415  92.8261  94.5248  87.4045 1.43347 0.125 4.02089 0
264.5  219.743  271.5  219.744 1.0004 0.00012207 3.00032 0
456.489  272.71  437.488  271.742 1.30385 0.125 5.08724 0
307.501  283.542  283.519  284.194 2.97171 0.125 23.2955 0
321.438  222.211  339.475  223.783 1.99244 0.125 9.10874 0
552.511  233.079  566.506  232.806 1.2142 0.125 3.31706 0
241.483  354.857  171.502  351.464 1.21072 0.125 44.1724 0
200.851  371.748  203.565  378.857 3.29512 0.0625 2.00187 0
515.582  327.397  507.247  320.821 2.31192 0.125 1.42771 0
530.257  277.485  529.257  293.547 2.55514 0.125 18.9395 0
344.499  358.749  370.503  358.874 2.07162 0.125 16.9002 0
700.5  185.5  682.5  185.5 1 0.125 1.91421 0
781.548  264.411  771.738  259.064 2.55503 0.125 0.182574 0
155.556  380.881  174.491  382.598 1.53786 0.125 3.1796 0
190.457  381.93  155.505  378.453 1.88599 0.125 22.1962 0
290.509  221.155  321.46  221.986 2.40186 0.125 15.1576 0
206.637  382.51  207.973  364.387 2.47717 0.125 3.52114 0
272.509  265.057  219.49  264.01 1.96013 0.125 40.8199 0
228.502  401.268  315.502  401 2.92606 0.125 98.2977 0
440.501  278.608  458.5  278.509 1.03288 0.125 0.108034 0
553.492  203.698  581.488  204.813 1.40118 0.125 13.6527 0
244.5  343.5  262.5  343.5 1 0.125 1.91421 0
339.506  284.709  307.475  285.659 2.26605 0.125 43.0187 0
410.353  412.509  411.463  431.56 2.87855 0.125 18.6604 0
10.4802  29.585  0.332389  27.2188 2.69454 0.125 1.63274 0
23.0834  303.346  30.554  300.65 2.48232 0.125 0.668085 0
400.519  379.506  396.203  393.714 2.0834 0.125 2.613 0
54.5867  97.5585  69.5519  98.9363 2.71231 0.125 13.3898 0
285.507  265.882  273.485  265.74 1.98809 0.125 5.08724 0
306.875  388.508  306.6  366.499 2.13726 0.125 17.6988 0
399.496  72.6157  382.482  72.0031 2.25059 0.125 5.61522 0
429.333  598.524  426.44  578.509 1.14473 0.125 0.57978 0
482.467  263.471  493.614  250.599 2.36905 0.125 10.8849 0
29.5037  291.722  22.5039  291.689 2.024 0.0625 1.61318 0
151.143  380.471  149.764  397.521 2.31595 0.125 10.8268 0
167.477  350.815  151.489  349.653 1 0.0625 4.02142 0
219.471  356.183  271.504  358.398 2.91223 0.125 37.5312 0
353.507  267.513  332.501  267.66 2.02088 0.125 3.73688 0
259.638  354.399  251.515  353.377 2.47655 0.0625 0.441485 0
308.487  264.153  344.512  264.89 2.44942 0.125 16.6582 0
36.7476  221.769  45.1143  214.08 2.3281 0.125 3.98429 0
777.468  514.684  762.404  512.047 2.26532 0.125 3.60558 0
307.514  297.413  321.632  299.677 2.01219 0.125 6.64198 0
632.5  361.5  653.5  361.5 1 0.125 4.62348 0
768.499  500.526  758.476  500.152 1.72275 0.125 0.108034 0
112.835  52.4442  112.155  60.5549 2.49434 0.125 0.57978 0
146.541  52.4054  153.533  55.4228 3.27647 0.0625 3.13832 0
264.468  252.225  282.477  253.026 2.0869 0.125 6.04281 0
337.5  355.871  300.5  355.876 2.00538 0.125 37.374 0
339.55  223.954  352.442  225.136 1.5352 0.125 3.72039 0
540.427  135.499  540.634  118.489 1 0.0625 1.8894 0
183.682  197.492  184.152  208.472 1.34101 0.125 1.91421 0
270.497  354.879  260.49  354.802 2.06102 0.125 3.72039 0
63.7184  222.565  67.863  208.608 2.0973 0.125 1.79958 0
347.661  336.876  327.354  339.246 2.99518 0.125 13.5445 0
349.462  354.293  338.461  356.284 1.96802 0.125 3.31706 0
481.482  206.764  465.487  205.691 1.66084 0.125 1.50405 0
554.977  115.473  558.843  40.5177 1.5853 0.125 39.8385 0
672.514  165.25  664.483  164.788 1.34313 0.0625 1.61318 0
227.406  220.873  239.437  219.076 1.68269 0.0625 4.20393 0
798.563  312.197  780.508  308.46 1.18193 0.125 1.42765 0
260.496  215.735  283.506  216.115 1.31378 0.125 14.3442 0
559.211  38.4892  560.633  0.504983 1.26116 0.125 24.4915 0
665.5  362.5  700.5  362.5 1 0.125 17.2667 0
466.878  258.184  475.983  240.238 2.75386 0.125 8.65132 0
29.2351  42.6827  17.1323  31.797 2.82447 0.125 16.7823 0
49.2549  48.7126  43.6432  42.2433 3.22185 0.125 0.182574 0
750.366  287.49  751.223  276.478 1.30723 0.03125 1.61264 0
286.516  256.924  303.503  257.406 2.0559 0.125 4.24863 0
316.514  254.114  307.49  253.797 2.03397 0.125 1.91421 0
590.474  288.962  558.5  290.495 2.70918 0.125 22.8034 0
207.359  26.8373  201.185  24.2507 3.15338 0.125 0.563807 0
663.508  163.502  653.5  163.462 2.99998 0.125 0.398689 0
554.5  135.5  554.5  120.5 1 0.0625 1.63941 0
487.5  202.5  471.5  202.5 1 0.125 0.108034 0
135.352  450.868  269.493  419.469 2.44354 0.125 232.345 0
274.504  276.113  331.495  275.716 2.95822 0.125 98.7431 0
731.432  499.586  562.852  365.059 2.96863 0.125 376.226 0
64.4813  468.424  172.557  441.729 2.41408 0.125 70.1344 0
257.503  305.89  798.505  308.367 2.95419 0.125 84.7037 0
67.3041  258.724  70.1814  389.529 19.1274 0.125 69.1834 0
464.57  303.703  557.952  298.271 13.7441 0.125 100.071 0
542.515  363.482  780.62  565.358 2.00585 0.125 273.934 0
89.561  114.022  139.639  120.413 3.22906 0.125 103.329 0
403.599  464.506  401.269  505.544 2.6203 0.125 71.6932 0
538.417  167.726  605.401  160.572 2.9645 0.125 103.057 0
87.5667  374.504  94.0117  252.944 24.7002 0.125 62.6142 0
329.162  45.5047  330.124  114.505 2.18108 0.125 116.519 0
169.826  194.799  684.563  271.073 22.605 0.0625 124.448 0
353.116  505.418  360.602  470.522 2.51376 0.125 29.0719 0
97.9168  194.187  102.354  327.505 18.0233 0.03125 35.7158 0
48.3275  221.411  -0.224891  416.327 276.974 0.125 88.3534 0
377.963  418.724  352.001  472.258 3.1934 0.125 60.6848 0
1.7613  547.799  135.67  430.695 3.39192 0.125 312.222 0
445.154  286.479  631.745  439.201 9.14823 0.125 22.6305 0
389.665  248.549  455.588  259.994 2.19648 0.125 39.5898 0
464.563  260.362  516.659  284.151 1.88164 0.125 40.4348 0
141.622  298.673  451.39  312.056 9.35088 0.0625 56.676 0
528.681  57.4391  526.151  91.4741 3.18068 0.125 51.1291 0
543.12  119.486  541.642  158.505 1.58228 0.125 32.4314 0
422.919  520.464  428.11  580.62 2.55901 0.125 60.5423 0
143.957  187.96  791.617  321.936 14.689 0.125 14.5359 0
501.774  325.333  656.661  460.316 3.01554 0.0625 408.173 0
220.871  153.999  537.234  172.948 20.3931 0.125 14.6536 0
420.488  265.245  638.505  266.753 9.01361 0.125 31.8088 0
567.708  249.576  565.378  10.5012 21.999 0.125 7.73471 0
204.962  68.653  706.53  502.466 8.50425 0.125 52.1254 0
88.5573  198.229  163.118  192.369 17.0261 0.125 33.713 0
402.17  407.388  369.911  502.3 2.05583 0.0625 0.497011 0
410.55  300.316  504.506  297.729 3.30158 0.125 54.1168 0
281.498  166.398  336.498  165.385 1.29436 0.125 37.7747 0
72.3902  303.832  40.6117  444.403 75.2994 0.125 240.419 0
241.436  216.856  649.551  175.998 19.8009 0.125 76.7387 0
196.649  118.677  0.558109  83.179 3.13904 0.125 234.072 0
477.554  306.254  741.044  529.04 8.21978 0.125 261.222 0
282.5  283.481  191.506  282.087 3.20985 0.125 87.4991 0
642.553  287.206  798.692  315.437 3.13006 0.125 40.0591 0
553.462  360.565  717.501  366.48 5.88799 0.125 103.004 0
526.578  308.932  192.447  262.882 5.09611 0.125 14.6225 0
28.8474  197.426  347.499  213.514 24.9152 0.125 193.038 0
29.9971  189.026  666.476  205.419 41.9346 0.125 64.4019 0
621.419  241.189  112.078  181.075 16.6737 0.125 57.1763 0
24.3496  245.484  629.81  155.838 57.9312 0.0625 137.546 0
