261
11.4557  450.505  10.339  440.518 2.32097 0.125 3.1603 0
247.495  197.856  265.502  197.717 1.13126 0.125 1.91421 0
146.479  200.704  196.471  199.389 1.92043 0.125 68.7429 0
228.501  458.509  219.4  459.783 2.53521 0.125 5.08724 0
30.487  202.067  71.4884  203.006 1.97658 0.125 57.0027 0
405.485  458.857  369.481  459.711 2.52153 0.125 51.9765 0
190.492  533.209  251.507  533.873 2.18494 0.125 89.9366 0
4.18306  195.492  6.08118  115.49 2.33151 0.125 111.84 0
539.478  472.462  547.952  467.553 1.64101 0.125 0.108034 0
6.24928  213.538  6.86431  201.468 2.35362 0.125 14.5575 0
486.337  472.01  476.436  475.309 1.26596 0.03125 3.18911 0
501.237  466.773  490.231  470.757 1.54022 0.125 1.01112 0
470.515  441.104  458.533  440.647 1.34211 0.125 2.8173 0
506.508  478.519  483.396  488.252 1.69944 0.125 24.4915 0
17.428  490.514  14.4295  268.514 2.47301 0.125 397.596 0
24.5868  721.491  24.6955  734.507 2.1001 0.125 10.042 0
223.54  554.607  210.521  554.03 1.86502 0.125 5.52657 0
38.5604  666.389  24.5475  665.627 2.83257 0.125 13.4748 0
155.931  539.718  164.671  533.36 2.13282 0.125 3.31706 0
449.457  627.502  446.941  560.483 2.24735 0.125 121.122 0
331.695  510.723  321.634  519.509 1.79267 0.125 4.20178 0
293.521  459.112  273.442  459.799 2.99825 0.125 33.631 0
13.4892  204.116  40.496  203.359 1.94315 0.125 25.7106 0
216.69  456.724  234.313  438.321 1.79948 0.125 25.1291 0
484.99  553.542  483.499  535.5 1.74616 0.125 14.5575 0
155.63  478.48  147.507  477.445 1.62392 0.03125 3.18911 0
358.807  443.518  358.36  426.504 2.10448 0.125 11.6736 0
540.501  672.781  521.497  672.868 1.08273 0.125 2.8173 0
20.4038  798.74  21.0726  793.446 3.10167 0.0625 3.99669 0
418.319  428.434  421.989  418.315 1.70481 0.0625 5.17742 0
54.6047  384.45  55.3254  371.49 1.88586 0.125 9.13893 0
197.498  490.057  216.502  489.956 1.10125 0.125 18.1698 0
272.496  459.908  230.49  460.22 2.2303 0.125 60.6151 0
353.484  428.339  342.395  429.413 1.79793 0.125 3.72039 0
136.796  413.501  136.775  394.501 1.02123 0.125 1.91421 0
479.5  672.574  459.5  672.564 1.00868 0.125 2.8173 0
455.438  509.508  460.22  544.674 2.0772 0.125 46.4607 0
349.829  498.081  337.309  505.163 2.08346 0.125 4.8643 0
13.221  264.505  12.1758  205.506 1.94655 0.125 89.5139 0
25.3265  742.506  26.9937  789.518 1.89241 0.125 65.1305 0
4.99876  744.486  4.33837  767.495 1.20041 0.125 10.042 0
73.5045  666.868  39.4991  666.626 1.24273 0.125 16.3637 0
202.5  196.5  242.5  196.5 1 0.125 21.7822 0
21.3229  575.49  20.6533  587.509 2.27507 0.125 8.23584 0
470.233  531.562  467.225  518.564 1.42518 0.125 2.8173 0
20.0458  531.495  19.9722  554.498 2.02877 0.125 27.2007 0
408.534  434.665  426.504  435.4 1.87558 0.125 9.10874 0
541.667  262.448  542.923  242.527 1.87028 0.125 18.1698 0
146.508  668.067  80.4929  666.9 2.71678 0.125 124.047 0
339.457  416.248  351.475  416.934 1.82583 0.125 2.8173 0
8.5  387.5  8.5  342.5 1 0.125 26.2976 0
158.966  512.489  159.242  499.495 1.23373 0.125 1.55013 0
574.504  672.977  555.498  672.838 1.13887 0.125 8.23584 0
216.5  492.5  197.5  492.5 1 0.125 2.8173 0
203.941  459.545  188.098  468.813 1.80822 0.125 12.192 0
3.00377  684.484  2.33604  705.495 1.19008 0.125 8.23584 0
10.5  491.5  10.5  451.5 1 0.125 21.7822 0
12.0738  68.4943  13.3966  200.511 2.40872 0.125 239.651 0
9.5  437.5  9.5  400.5 1 0.125 19.0729 0
1.91377  638.498  1.98382  650.497 1.0642 0.015625 8.87231 0
540.806  288.497  540.654  272.489 1.99042 0.125 14.5575 0
592.47  673.936  575.481  672.786 1.79284 0.125 8.38953 0
10.3986  5.54611  12.4482  54.5022 2.00301 0.125 65.539 0
6.69512  721.503  6.97451  705.491 1.2092 0.125 3.72039 0
415.342  457.629  406.452  459.237 1.69614 0.125 0.108034 0
312.038  515.108  341.277  489.247 2.01419 0.125 47.42 0
496.538  509.498  497.09  519.523 1.38369 0.125 0.108034 0
498.041  533.541  499.647  551.576 1.70534 0.125 11.8482 0
0.995813  571.498  1.09112  597.498 1.09164 0.125 19.976 0
184.622  526.465  180.396  511.529 3.30428 0.125 13.0518 0
197.524  667.341  147.493  667.99 2.92197 0.125 48.4745 0
302.1  458.562  272.751  471.088 3.04015 0.125 40.0975 0
476.737  425.492  477.123  436.513 1.27978 0.125 0.668085 0
8.5  115.5  8.5  151.5 1 0.125 18.1698 0
542.993  240.867  563.472  224.465 1.72346 0.125 16.8351 0
107.072  469.508  106.681  447.497 1.35485 0.125 14.5324 0
275.5  195.5  278.5  195.5 1 0.00012207 0.409064 0
74.502  497.525  85.511  496.637 1.47961 0.125 1.01112 0
496.737  290.444  495.777  303.447 1.84722 0.125 3.1603 0
591.341  288.307  598.35  282.531 2.45106 0.125 2.43315 0
104.325  452.483  104.676  469.517 1.69057 0.125 3.72039 0
253.503  532.421  264.523  532.781 2.12951 0.125 9.13893 0
488.835  275.494  489.024  286.508 1.15414 0.125 0.108034 0
5.08611  654.511  4.69872  639.495 1.30915 0.125 8.23584 0
238.5  551.5  202.5  551.5 1 0.125 18.1698 0
339.456  534.001  356.499  535.511 2.96286 0.125 12.2411 0
11.5  558.5  11.5  511.5 1 0.125 28.1038 0
21.7325  649.491  22.2397  662.471 2.46702 0.125 9.13893 0
139.831  389.789  134.528  377.488 1.71004 0.125 6.42966 0
259.502  528.536  246.5  528.564 2.00419 0.125 9.13893 0
582.91  211.557  596.302  203.183 1.80087 0.125 9.13893 0
262.421  508.054  272.459  506.268 1.50998 0.03125 8.8379 0
522.535  309.547  536.412  299.38 1.55741 0.125 9.13893 0
283.407  531.215  292.717  528.163 1.62012 0.125 0.108034 0
162.75  515.876  175.675  521.065 3.34621 0.125 14.3109 0
281.67  223.654  300.654  202.732 2.04353 0.125 26.2425 0
500.019  325.789  509.44  319.411 2.50988 0.125 1.63274 0
17.0797  582.508  17.5819  610.499 1.94587 0.125 25.7106 0
149.191  486.863  157.28  485.335 2.26218 0.125 1.91421 0
140.431  528.93  160.384  526.532 3.01685 0.125 20.4261 0
272.584  471.637  253.416  483.362 2.46838 0.125 23.6525 0
563.844  224.03  580.375  213.307 1.63266 0.125 12.192 0
221.499  668.464  213.475  668.728 2.09776 0.125 1.91421 0
265.498  532.907  276.497  532.864 3.01182 0.125 14.5575 0
296.07  524.54  296.996  511.464 2.56008 0.125 12.7737 0
504.43  522.505  523.546  523.843 1.99512 0.125 8.38105 0
501.506  565.364  490.483  564.875 2.13116 0.125 5.52657 0
133.411  412.494  133.54  431.5 1 0.125 2.8173 0
277.426  525.994  263.434  528.051 2.82262 0.125 11.6736 0
350.774  407.193  354.253  398.972 1.87311 0.125 1.01112 0
416.5  190.5  447.5  190.5 1 0.125 13.6544 0
552.197  407.54  554.276  423.398 2.24301 0.125 7.45533 0
137.313  452.495  137.842  434.51 1.94032 0.125 4.24863 0
175.952  520.857  181.102  528.759 2.80501 0.125 1.50405 0
271.577  507.727  285.652  502.947 1.87597 0.125 2.34059 0
481.045  638.546  482.564  653.493 1.77085 0.125 9.13893 0
184.496  498.971  192.504  499.042 1.0708 0.03125 3.77414 0
173.534  501.378  163.482  498.563 1.81035 0.125 1.55013 0
486.873  599.475  486.133  588.525 2.26521 0.125 4.02883 0
63.401  450.502  63.7474  468.495 1.01906 0.125 1.91421 0
327.473  670.038  308.47  669.097 2.39355 0.125 16.7823 0
66.1225  462.511  65.9194  455.488 1.20191 0.0625 2.8173 0
283.517  422.833  263.467  423.86 1.89509 0.125 11.6736 0
498.496  497.596  480.485  496.854 2.36878 0.125 3.23875 0
555.096  377.495  554.707  410.491 2.87023 0.125 44.0014 0
594.595  606.455  576.035  567.247 1.70585 0.125 39.1074 0
507.491  671.753  487.481  672.001 2.93781 0.125 16.4673 0
10.9263  672.498  10.8596  688.501 1.0542 0.125 0.108034 0
539.5  271.5  539.5  243.5 1 0.125 10.9451 0
16.5  754.5  16.5  727.5 1 0.125 10.042 0
3.5  135.5  3.5  0.5 1 0.125 107.576 0
559.93  370.496  560.062  383.504 1.12184 0.125 8.23584 0
189.498  521.812  223.503  522.066 1.99994 0.125 42.0064 0
296.914  510.576  299.279  497.642 3.21547 0.125 8.01974 0
466.498  320.754  477.497  320.845 2.04933 0.125 5.52657 0
11.7784  712.469  12.8848  722.567 1.66133 0.125 1.91421 0
18.5  796.5  18.5  781.5 1 0.0625 4.02142 0
450.5  189.5  471.5  189.5 1 0.125 4.62348 0
302.537  669.477  274.538  668.457 3.14357 0.125 31.4218 0
476.5  669.5  454.5  669.5 1 0.125 5.52657 0
167.89  461.497  167.738  444.498 1.13422 0.0625 3.99669 0
11.4722  686.478  12.0506  711.51 1.88396 0.125 25.5762 0
134.251  443.513  135.465  466.502 1.10407 0.125 8.23584 0
421.444  315.199  428.568  313.863 2.15008 0.125 0.108034 0
572.148  556.692  562.689  539.397 1.59001 0.125 6.55695 0
17.5  779.5  17.5  756.5 1 0.125 6.42966 0
3.10981  798.519  2.90494  783.494 2.01345 0.125 13.6544 0
519.378  422.593  520.556  411.506 2.77197 0.125 8.27934 0
379.447  611.472  374.593  620.55 1.88635 0.125 2.8173 0
67.4842  0.255694  11.5247  3.88144 2.08853 0.125 81.3121 0
222.465  530.152  189.453  528.372 2.08017 0.125 29.528 0
89.2742  448.503  89.5794  471.499 1.07952 0.125 6.42966 0
52.3668  514.355  64.5509  512.937 2.27982 0.125 0.182574 0
134.494  519.723  120.504  519.356 2.20943 0.125 1.42275 0
2.00499  768.499  1.98276  753.499 1.02075 0.125 8.23584 0
520.509  509.109  531.507  508.943 2.45423 0.125 3.31706 0
322.399  473.98  332.597  472 2.31606 0.125 3.1603 0
521.092  408.511  520.858  399.517 1.18149 0.0625 1.63941 0
91.5917  471.5  91.5355  448.5 1.02689 0.125 6.42966 0
354.63  655.66  345.538  654.256 3.04507 0.125 5.69779 0
378.491  403.579  391.546  405.112 1.69307 0.125 2.2932 0
271.5  457.5  231.5  457.5 1 0.125 21.7822 0
122.53  503.788  108.371  505.267 3.02807 0.125 2.76539 0
214.497  462.558  233.501  463.478 1.53065 0.125 11.8482 0
406.5  559.814  433.5  559.821 2.00714 0.125 27.7874 0
428.492  563.212  402.495  562.937 2.12708 0.125 29.1539 0
63.5121  527.533  72.4263  524.297 1.97863 0.125 2.8173 0
68.2937  452.477  68.6943  466.494 1.24207 0.0625 0.463196 0
481.065  435.502  480.97  414.498 1.09106 0.125 13.4748 0
380.78  559.831  371.597  567.614 2.34912 0.125 0.989353 0
173.451  530.92  189.581  532.802 2.15204 0.125 7.45533 0
458.49  459.003  469.506  459.229 1.18458 0.125 0.108034 0
591.363  420.491  590.494  433.433 2.45764 0.125 12.7513 0
304.497  422.87  288.498  422.753 2.97809 0.125 6.32126 0
347.479  644.922  356.507  645.367 1.34309 0.0625 0.463196 0
389.639  591.576  383.028  603.786 1.90456 0.125 6.86018 0
544.875  264.438  543.188  281.469 1.79314 0.125 8.38953 0
508.731  416.502  508.582  436.501 1.4851 0.125 1.55013 0
597.411  253.365  568.522  272.533 2.22733 0.125 22.6393 0
272.704  282.68  279.252  275.281 2.16043 0.125 0.563807 0
4.5  509.5  4.5  534.5 1 0.125 8.23584 0
85.0647  456.433  86.6116  469.487 1.27999 0.125 1.01112 0
96.511  447.499  97.7127  467.487 1.35829 0.125 3.13013 0
534.643  500.751  521.547  498.255 2.38519 0.125 1.99536 0
256.182  477.952  274.426  467.373 1.45399 0.125 0.182574 0
363.424  480.826  375.497  479.471 1.44012 0.0625 4.02142 0
81.4804  458.5  81.6787  472.497 1.09907 0.0625 0.463196 0
399.487  474.37  351.553  479.048 1.91848 0.125 49.2407 0
376.496  479.459  449.546  471.951 2.64128 0.125 59.2277 0
100.425  448.502  100.888  463.488 1.18468 0.0625 2.8173 0
423.112  626.592  424.597  616.664 2.17248 0.125 4.62348 0
578.69  434.506  579.472  410.499 2.51001 0.125 21.0817 0
87.5611  471.499  87.3867  454.491 1 0.125 1.01112 0
102.5  464.5  102.5  448.5 1 0.125 0.108034 0
490.463  423.501  490.974  440.516 1.3001 0.125 5.52657 0
121.492  515.931  129.497  515.975 1.99997 0.0625 0.736218 0
519.5  382.417  500.5  382.473 1.52346 0.125 1.01112 0
590.849  431.332  588.239  441.433 1.96876 0.125 0.563807 0
420.034  524.267  410.836  542.668 3.1308 0.125 12.5246 0
149.228  257.488  149.695  246.508 3.03981 0.125 5.78041 0
496.659  440.5  496.672  412.5 1.00834 0.125 10.9451 0
0.518327  480.5  0.547862  519.5 1.01136 0.125 18.4304 0
483.493  413.5  483.791  433.511 1.28305 0.125 1.55013 0
425.396  615.112  430.111  601.715 2.72461 0.125 9.98151 0
351.426  345.088  365.454  346.861 3.22708 0.125 13.4039 0
505.869  430.514  506.749  406.509 1.14592 0.125 4.84021 0
587.322  434.482  588.733  420.524 1.19614 0.125 0.108034 0
589.118  406.566  591.369  419.523 2.82647 0.125 4.60708 0
547.484  239.499  545.836  263.591 2.99301 0.125 12.462 0
453.769  500.537  455.412  488.488 2.11681 0.125 4.89868 0
555.034  272.51  554.645  254.497 2.08601 0.125 10.8174 0
2.5  417.5  2.5  462.5 1 0.125 26.2976 0
508.658  398.529  508.349  389.471 2.27141 0.125 10.042 0
0.5  707.5  0.5  688.5 1 0.125 2.8173 0
1.47828  213.5  1.34408  231.499 1.05216 0.03125 8.13608 0
265.247  291.039  271.57  282.272 3.15098 0.125 6.61688 0
373.497  466.577  351.489  465.801 1.52836 0.125 5.89477 0
426.275  509.43  423.095  519.685 2.79876 0.125 3.28424 0
1.40864  375.504  2.207  393.513 1.39761 0.125 7.74756 0
126.998  294.548  127.257  286.524 3.22427 0.125 0.182574 0
218.659  482.793  206.596  484.277 2.36703 0.125 7.74756 0
553.196  252.625  555.525  239.685 2.24384 0.125 4.02089 0
2.20665  264.498  1.58186  370.5 1.42435 0.125 93.286 0
249.654  480.515  230.638  483.408 2.36435 0.125 15.0746 0
285.534  476.739  270.412  478.873 2.95873 0.125 7.42286 0
360.498  469.292  389.496  469.057 1.16193 0.125 9.26472 0
107.891  315.657  118.472  320.56 2.85494 0.0625 4.28899 0
229.673  481.18  219.564  483.753 2.44924 0.125 2.34059 0
582.775  434.515  583.757  416.514 1.10749 0.125 3.72039 0
392.5  466.5  375.5  466.5 1 0.125 1.01112 0
4.19237  369.507  12.6861  743.518 2.36505 0.125 606.376 0
21.3947  619.534  24.5261  720.53 2.66551 0.125 185.687 0
543.922  293.66  598.774  255.898 3.15789 0.125 103.567 0
16.0417  520.489  18.8849  664.512 2.11191 0.125 202.683 0
238.351  429.883  294.428  424.716 3.05218 0.125 60.5082 0
486.516  672.775  425.501  671.439 2.15274 0.125 99.6707 0
250.97  503.295  343.527  448.545 4.07298 0.125 31.4498 0
4.13681  621.506  3.12508  561.506 1.3759 0.125 58.0894 0
166.5  197.445  595.497  198.592 4.02137 0.125 54.097 0
494.03  446.302  351.364  462.287 8.5236 0.125 172.258 0
20.7275  556.489  21.135  603.503 2.73122 0.125 78.2513 0
43.4997  200.651  145.501  200.85 3.0331 0.125 181.371 0
449.085  655.483  450.396  472.435 10.9409 0.125 114.388 0
6.51625  267.5  5.87718  691.501 1.01959 0.125 49.0597 0
320.501  193.708  438.498  193.144 1.99041 0.125 194.517 0
50.4986  485.855  231.5  486.574 2.96027 0.125 95.8484 0
411.639  544.07  396.651  574.076 3.13918 0.125 21.8633 0
5.5  214.5  5.5  585.5 1 0.125 72.8374 0
49.408  499.359  140.381  492.024 3.79397 0.0625 39.9712 0
21.4434  509.174  47.5268  504.654 2.8632 0.125 16.1572 0
244.416  515.715  567.809  272.912 11.8089 0.0625 36.8252 0
282.479  550.77  194.495  553.336 3.17365 0.125 147.501 0
9.84554  53.4932  7.21453  307.497 3.52808 0.125 144.725 0
3.27304  464.509  16.0761  793.516 4.17603 0.125 630.061 0
28.5597  489.437  533.473  493.706 14.4331 0.125 2.98695 0
558.605  449.214  348.507  446.848 21.0099 0.125 22.8493 0
123.518  197.634  285.451  200.928 12.1806 0.125 98.1688 0
445.834  473.383  482.716  668.216 11.8998 0.125 228.84 0
14.9413  760.506  8.57264  193.51 4.61717 0.015625 1255.02 0
191.344  469.636  17.697  501.063 11.673 0.125 104.049 0
72.4957  202.346  598.533  187.671 4.22819 0.125 1155.04 0
