224
32.6414  424.47  32.2412  409.454 3.07887 0.125 23.7884 0
492.466  155.614  393.458  159.416 2.00034 0.125 164.47 0
29.0501  380.533  27.9976  366.389 3.28856 0.125 26.4704 0
198.482  166.789  151.487  167.973 1.92386 0.125 67.8398 0
35.7317  454.428  34.5721  434.496 3.05301 0.125 37.2125 0
311.496  162.94  294.497  163.048 1.09521 0.125 13.6544 0
40.8987  508.62  39.5359  490.497 3.46386 0.125 35.3952 0
519.468  154.664  507.485  155.115 1.33847 0.125 1.91421 0
22.8655  307.557  21.8639  296.467 1.36222 0.125 0.108034 0
390.487  159.796  374.493  160.082 1.2503 0.125 9.13893 0
47.8322  584.609  46.3201  561.512 3.53418 0.125 42.4431 0
149.576  167.287  129.475  169.238 2.59973 0.125 30.9437 0
241.494  599.003  265.503  598.698 1.26646 0.125 15.4606 0
69.777  798.563  68.386  782.51 3.2478 0.125 27.7874 0
154.503  315.872  142.504  315.808 2.03752 0.125 7.33275 0
141.432  317.648  143.219  330.539 1.67684 0.125 5.52657 0
332.357  456.186  317.298  463.057 1.66054 0.125 7.74756 0
327.545  161.931  320.431  161.37 2.15123 0.125 1.01112 0
152.443  422.41  160.426  417.383 1.5985 0.0625 4.02142 0
415.497  350.594  436.509  351.177 2.55433 0.125 25.5762 0
256.572  472.202  248.656  473.017 2.70612 0.125 5.52657 0
372.498  597.822  409.501  597.7 1.12225 0.125 19.0729 0
87.1925  204.557  83.3128  183.535 1.81487 0.125 20.8791 0
245.493  303.452  225.331  306.3 2.38906 0.125 23.3587 0
138.33  343.855  156.396  339.105 1.88416 0.125 11.8953 0
120.271  349.692  135.468  345.387 1.63524 0.125 7.33275 0
290.459  302.673  244.423  304.946 2.50319 0.125 76.1965 0
7.62992  132.491  6.51364  116.569 1.57547 0.125 7.33275 0
468.521  353.813  490.487  352.305 1.85833 0.125 9.98151 0
232.526  352.889  247.526  351.88 2.26394 0.125 4.24863 0
128.738  439.448  151.903  422.675 2.09522 0.125 30.7418 0
219.961  264.478  219.286  250.51 1.85303 0.125 7.33275 0
598.516  288.018  561.525  286.758 2.85036 0.125 74.0164 0
48.4484  373.343  66.178  367.52 2.24006 0.125 16.9572 0
98.4967  270.454  118.464  269.004 1.8499 0.125 19.0729 0
161.68  296.363  159.838  280.461 2.86505 0.125 17.6988 0
80.1761  363.541  108.342  354.031 1.68478 0.125 32.6193 0
290.5  161.5  268.5  161.5 1 0.125 5.52657 0
118.5  167.5  100.5  167.5 1 0.125 1.91421 0
153.334  290.513  154.05  299.536 2.38948 0.125 6.42966 0
266.539  379.661  280.451  376.298 2.24344 0.125 6.5569 0
62.2258  377.966  55.4686  381.439 2.21123 0.125 1.01112 0
491.5  344.812  456.502  344.863 2.0467 0.125 44.3839 0
579.484  153.037  552.482  153.971 1.92967 0.125 24.8328 0
518.381  463.575  505.466  465.234 1.72883 0.125 4.20178 0
473.457  224.992  434.48  228.266 3.42422 0.125 62.2122 0
63.4949  601.318  82.4801  600.788 2.13899 0.125 19.0729 0
589.534  421.733  578.474  423.322 1.70076 0.125 4.62348 0
195.283  377.453  208.507  380.468 2.03584 0.125 5.76976 0
21.0953  648.335  12.3011  563.417 3.42496 0.125 162.737 0
222.569  282.845  214.742  293.967 1.93827 0.125 8.23584 0
15.3641  547.512  16.5785  561.58 2.81687 0.125 20.2155 0
231.5  163.5  213.5  163.5 1 0.125 1.91421 0
261.523  263.233  303.482  261.92 2.59222 0.125 59.8118 0
70.5482  215.491  75.4778  242.504 1.88139 0.125 32.6193 0
198.263  212.786  181.302  198.739 1.14344 0.125 5.97339 0
264.5  162.5  234.5  162.5 1 0.125 12.7513 0
65.0545  192.148  69.7053  212.68 3.01751 0.125 23.7415 0
67.4569  246.288  52.4471  245.466 2.16099 0.125 11.3022 0
32.7133  668.383  33.9854  681.55 2.76002 0.125 19.0729 0
23.0997  664.289  21.2705  650.399 3.02734 0.125 21.1084 0
26.6569  256.48  26.4163  266.45 3.11977 0.125 11.8482 0
486.388  225  466.708  229.423 1.97356 0.125 4.02632 0
493.5  153.5  468.5  153.5 1 0.125 8.23584 0
342.494  245.696  316.495  245.904 2.14425 0.125 19.329 0
286.56  257.284  271.496  258.445 2.14594 0.125 14.5575 0
337.507  300.618  314.466  301.89 2.16238 0.125 25.1291 0
344.5  159.5  325.5  159.5 1 0.125 2.8173 0
527.5  152.5  496.5  152.5 1 0.125 13.6544 0
152.29  205.532  150.621  194.482 1.34469 0.125 0.108034 0
331.843  163.492  331.624  180.502 2.19265 0.125 14.8636 0
338.575  269.48  343.545  288.488 1.81518 0.125 11.7388 0
140.5  166.5  121.5  166.5 1 0.125 0.668085 0
319.5  160.5  293.5  160.5 1 0.125 9.13893 0
247.503  191.817  236.503  191.905 2.03181 0.125 0.563807 0
474.58  373.507  475.489  362.499 1.57265 0.125 1.91421 0
426.485  376.674  443.531  378.143 2.25016 0.125 10.8174 0
434.5  155.5  411.5  155.5 1 0.125 6.42966 0
581.447  209.026  598.57  207.129 2.53859 0.125 25.3946 0
310.503  256.761  287.481  257.066 2.7479 0.125 29.5612 0
236.5  188.519  249.499  188.409 1.0255 0.0625 0.409064 0
66.4572  381.391  40.5203  391.552 2.70682 0.125 38.9906 0
274.456  286.74  289.521  285.865 1.99663 0.125 8.38953 0
263.35  258.67  251.555  260.806 2.41746 0.125 2.34059 0
115.116  363.447  92.2393  371.785 2.31732 0.125 32.2241 0
224.503  382.078  253.502  381.91 1.13293 0.125 24.8328 0
24.8745  682.461  23.1934  666.427 2.56655 0.125 17.8297 0
549.482  209.725  567.496  209.308 2.1846 0.125 13.3716 0
438.452  186.926  448.55  188.058 2.32176 0.125 4.20178 0
170.242  190.302  161.957  201.082 2.19514 0.125 6.5569 0
25.2042  56.0565  44.1626  66.1348 2.10083 0.125 11.811 0
208.476  344.225  221.509  343.979 2.99947 0.125 2.70155 0
435.646  208.291  426.407  209.996 2.07195 0.125 3.72039 0
91.5  168.5  76.5  168.5 1 0.0625 1.63941 0
244.499  343.034  290.501  343.152 1.09521 0.125 32.6193 0
245.491  299.82  231.502  299.438 1.10894 0.0625 0.409064 0
60.3707  192.526  63.2092  206.559 1.7732 0.125 8.23584 0
84.5673  374.668  68.3692  381.174 2.03828 0.125 13.6527 0
568.491  209.292  580.512  208.798 2.12158 0.125 5.08724 0
235.944  208.563  234.707  197.589 1.55415 0.125 0.108034 0
334.351  297.758  320.806  289.967 2.60049 0.125 1.71933 0
303.517  262.032  323.496  261.383 2.12886 0.125 10.1529 0
569.5  151.5  550.5  151.5 1 0.125 2.8173 0
385.84  312.713  370.652  306.149 2.48185 0.125 14.2496 0
22.8051  479.491  23.4179  500.473 2.96953 0.125 7.85309 0
539.5  203.94  574.5  203.94 3.00017 0.125 37.7836 0
493.76  175.504  493.686  162.493 2.02288 0.125 5.76976 0
151.011  169.427  153.174  184.547 1.83989 0.125 9.52392 0
226.5  355.5  206.5  355.5 1 0.125 3.72039 0
453.529  213.059  467.467  213.99 2.26202 0.125 0.989353 0
535.257  296.268  545.511  285.511 2.10379 0.125 10.4128 0
58.2852  213.541  54.2411  192.55 1.39636 0.125 3.28424 0
420.289  193.08  427.077  189.66 2.17921 0.125 0.108034 0
42.5655  395.702  49.1911  393.549 2.85322 0.0625 1.55421 0
141.521  181.037  130.46  181.469 2.2714 0.125 5.08724 0
213.488  399.95  266.486  398.82 1.97823 0.125 57.6624 0
153.759  212.904  142.328  220.231 2.52569 0.125 1.42275 0
515.457  205.637  536.505  204.592 1.79915 0.125 19.0729 0
175.767  195.347  182.249  206.644 1.73469 0.125 2.2932 0
418.478  237.156  452.531  234.984 2.8234 0.125 49.0864 0
391.82  161.48  390.837  195.539 2.99875 0.125 30.5076 0
149.355  351.044  138.499  354.496 1.95008 0.125 3.31706 0
290.941  226.45  290.026  218.44 1.6467 0.0625 0.409064 0
497.459  206.378  510.478  205.905 1.92605 0.125 9.13893 0
4.87783  77.5236  3.92923  52.4837 1.885 0.125 9.22925 0
533.511  279.772  504.477  280.92 2.94703 0.125 34.215 0
82.6562  228.469  79.8553  214.429 2.93958 0.125 13.3716 0
268.06  165.468  268.625  175.493 2.44741 0.125 9.13893 0
48.3143  393.019  151.378  353.185 2.90127 0.125 130.579 0
3.20729  49.5158  2.55717  37.4969 1.48465 0.125 4.62348 0
254.5  346.5  278.5  346.5 1 0.125 7.33275 0
422.446  216.653  451.519  214.796 2.01762 0.125 34.0006 0
221.327  317.067  210.427  313.739 2.36535 0.125 2.34059 0
62.7198  175.46  65.6197  191.478 1.88315 0.125 7.41745 0
184.107  207.814  192.099  217.82 1.87728 0.125 1.42771 0
1.23279  262.431  5.1709  304.531 2.11329 0.125 61.6329 0
510.448  247.896  533.577  250.907 3.02162 0.125 12.9067 0
516.448  211.956  531.409  210.537 1.80229 0.125 9.13893 0
519.463  232.93  529.475  233.789 1.99268 0.125 1.55013 0
565.428  282.251  592.453  280.685 2.35851 0.125 14.0829 0
186.414  181.08  199.675  178.349 2.18989 0.125 5.69779 0
209.512  314.299  192.511  313.311 2.57688 0.125 4.0042 0
291.699  345.196  302.55  343.923 3.44576 0.125 0.672749 0
411.247  245.353  402.037  261.232 2.3702 0.125 10.9811 0
4.12678  387.612  8.11189  436.45 2.62325 0.125 54.2741 0
11.093  548.538  9.68171  533.483 1.71127 0.125 10.9451 0
39.7631  798.468  37.3683  778.516 2.77978 0.125 27.2501 0
16.8676  418.481  17.9419  439.426 2.50963 0.125 5.15309 0
579.502  279.457  564.49  278.697 1.55533 0.125 0.670152 0
103.541  102.306  118.512  105.442 1.79893 0.125 6.86018 0
1.69507  25.5381  1.03239  11.5221 1.95054 0.125 3.13013 0
14.7286  400.48  16.1264  416.445 1.81793 0.125 11.8482 0
381.851  161.493  381.572  188.501 2.18572 0.125 21.0817 0
470.508  219.911  460.473  220.105 2.59625 0.0625 5.36474 0
317.509  293.618  306.421  294.445 1.92001 0.125 4.20178 0
515.478  341.04  524.519  341.17 2.48535 0.125 0.668085 0
51.456  31.5635  37.3203  21.7591 1.6434 0.125 10.9451 0
36.6222  104.288  21.4659  95.5592 1.99627 0.125 5.89477 0
231.191  314.343  225.104  326.298 2.28532 0.125 1.79958 0
41.2253  618.528  45.9555  664.556 3.55054 0.125 77.0202 0
312.478  362.266  324.469  361.164 1.80857 0.125 0.563807 0
548.166  274.842  545.21  263.318 2.70809 0.125 1.99536 0
115.042  20.5189  114.554  34.5367 2.20743 0.125 4.8643 0
19.2453  96.947  36.3808  106.709 1.62712 0.125 1.99536 0
534.51  269.597  517.488  271.386 3.40171 0.125 7.24336 0
81.355  81.1975  66.3785  78.0844 1.42461 0.125 3.31706 0
568.54  6.38911  580.448  10.6451 2.01928 0.125 0.57978 0
251.506  179.061  234.495  178.813 2.10207 0.125 9.10874 0
176.44  349.168  189.379  346.83 2.59662 0.125 1.19521 0
544.494  552.739  558.51  553.063 1.25391 0.125 0.563807 0
46.1176  665.54  60.139  798.643 3.56344 0.125 201.269 0
454.499  238.987  475.501  238.955 1.02748 0.125 0.563807 0
489.455  314.235  499.506  312.539 2.29259 0.125 5.52657 0
570.241  251.339  569.327  258.478 3.10269 0.125 0.57978 0
598.752  333.932  580.375  325.781 2.63212 0.125 11.6231 0
210.514  237.189  188.506  236.959 2.18736 0.125 25.3946 0
540.295  249.551  537.771  239.432 1.6963 0.125 0.668085 0
473.475  248.721  457.491  249.226 2.96692 0.125 9.63524 0
589.499  247.494  572.43  250.026 2.30951 0.125 11.6736 0
581.423  312.728  596.712  317.87 1.89565 0.125 5.7097 0
563.667  99.3772  564.938  111.454 2.51239 0.125 4.8643 0
226.396  336.474  229.491  324.245 2.41763 0.125 4.11395 0
505.366  239.842  513.659  243.093 2.59198 0.125 3.31706 0
73.9431  769.547  76.4018  798.508 1.82365 0.125 11.2591 0
301.527  238.198  289.534  237.124 1.72466 0.125 2.43315 0
498.5  232.692  510.502  232.721 0.526512 0.0625 0.409064 0
217.966  83.5762  216.388  72.516 2.54614 0.125 0.989353 0
327.419  248.849  337.566  251.218 2.85705 0.125 4.84021 0
16.1652  354.528  21.4262  416.421 2.96926 0.125 58.8433 0
97.6378  767.456  92.3391  762.678 2.97069 0.0625 2.03528 0
137.413  288.507  136.603  278.492 1.48043 0.125 0.108034 0
140.502  247.539  154.51  246.656 1.81064 0.125 1.42771 0
322.534  394.687  309.591  397.008 1.51397 0.125 1.55013 0
395.538  419.647  394.124  410.405 3.26809 0.125 11.3022 0
491.181  25.9434  498.166  30.9652 2.43575 0.125 1.55013 0
59.3261  662.379  56.2627  641.535 2.38649 0.125 11.4325 0
387.715  391.507  387.035  411.45 2.33994 0.125 0.698839 0
394.26  409.514  394.564  392.483 2.23209 0.125 10.4464 0
477.474  212.192  548.525  210.769 3.41972 0.125 129.982 0
21.5362  416.496  39.2784  593.522 3.39593 0.125 332.697 0
158.505  235.649  108.497  235.848 3.13902 0.125 83.1894 0
389.196  345.491  388.545  441.5 3.18126 0.125 63.612 0
568.195  317.558  563.835  369.444 3.16537 0.125 55.8928 0
2.5687  374.494  24.948  639.378 2.53528 0.125 220.871 0
371.429  288.621  168.378  304.989 3.35223 0.125 41.5507 0
460.488  378.804  499.546  380.333 2.8978 0.125 49.753 0
39.5006  599.601  354.496  597.829 12.9998 0.125 97.1968 0
159.478  248.155  212.392  244.794 2.75683 0.125 29.5339 0
6.20509  313.446  43.4979  798.577 2.76124 0.125 140.092 0
19.8954  452.552  35.6379  635.832 29.1685 0.125 663.198 0
27.1889  626.545  30.3665  648.374 1.99793 0.125 18.9475 0
32.5778  374.888  48.4461  780.737 35.4812 0.125 633.063 0
5.39478  305.405  49.3119  720.308 8.09684 0.125 606.838 0
25.142  639.541  42.2822  790.638 3.03982 0.125 294.118 0
315.503  167.589  120.497  167.903 9.00321 0.125 99.8227 0
598.735  309.478  571.522  306.31 4.04134 0.125 5.32483 0
140.467  231.118  551.491  236.227 7.84924 0.125 32.896 0
83.4821  600.846  371.502  597.728 2.79848 0.125 501.039 0
42.5445  428.496  72.5811  755.493 3.44478 0.125 140.501 0
25.3709  246.605  56.7252  582.479 3.69388 0.125 432.287 0
198.412  349.723  557.4  338.336 11.6084 0.125 295.563 0
0.973935  394.452  25.1041  633.237 5.99488 0.125 598.667 0
3.05649  429.551  30  665.671 8.52461 0.125 713.18 0
66.7273  782.479  1.49884  85.5001 4.1469 0.125 1677.23 0
