286
258.838  373.551  259.539  382.575 2.30373 0.125 2.7455 0
252.042  380.391  255.856  364.347 1.48317 0.125 7.6451 0
310.62  491.037  350.529  501.388 1.50626 0.125 39.3171 0
267.163  357.351  260.088  373.317 1.63121 0.125 11.2575 0
261.541  391.489  266.318  409.548 1.1352 0.125 5.83892 0
347.327  223.237  333.413  232.367 1.46405 0.125 9.45128 0
321.396  240.372  310.372  249.343 1.40681 0.125 4.03274 0
275.77  435.838  282.176  449.65 1.19647 0.125 2.22656 0
233.131  220.517  232.306  202.463 1.76965 0.125 14.8698 0
448.534  131.631  422.495  130.621 2.61857 0.125 38.0602 0
283.31  451.595  289.922  464.79 1 0.03125 3.50146 0
371.522  133.621  344.489  132.942 2.35092 0.125 44.6718 0
135.331  451.193  151.842  442.122 1.80156 0.125 14.2851 0
231.187  200.54  228.469  179.504 1.66625 0.125 16.0672 0
349.474  135.064  320.49  133.714 2.32342 0.125 31.6368 0
421.524  131.332  369.539  132.837 3.27497 0.125 128.255 0
243.803  401.613  251.629  380.548 2.11567 0.125 14.6232 0
13.5493  21.8909  5.4263  22.916 2.48505 0.125 3.12965 0
344.991  722.766  349.14  725.544 3.04927 0.0625 1.95175 0
66.4668  18.1529  77.5567  17.0936 2.98641 0.125 10.4531 0
57.4669  23.4853  45.4797  23.8759 2.19432 0.125 5.21103 0
43.4688  32.169  59.5271  32.9181 2.3706 0.125 18.3694 0
78.5028  2.54332  56.4656  3.96886 1.86672 0.125 22.9976 0
284.019  661.877  286.615  665.193 2.8077 0.0625 0.721411 0
7.50038  43.6061  33.4965  43.5136 3.00354 0.125 49.4477 0
5.46026  17.3798  13.5341  17.7445 2.22359 0.125 3.62941 0
36.503  48.5882  7.50002  48.4935 2.0751 0.125 47.387 0
67.4944  32.4401  83.5407  30.9333 3.01967 0.125 17.0947 0
78.5245  22.9156  67.4601  22.452 2.24941 0.125 6.08211 0
379.126  48.4626  375.725  82.5224 1.98868 0.125 47.3811 0
23.3051  17.4676  30.611  16.0881 3.50455 0.125 7.17253 0
45.1521  21.1954  48.9535  4.37648 2.07768 0.125 16.0672 0
12.5495  6.09171  4.43895  6.77039 2.40997 0.125 1.86248 0
228.597  275.606  227.29  264.525 1.86913 0.125 1.86248 0
233.564  460.5  233.668  478.505 2.05227 0.125 11.1297 0
406.498  117.762  448.503  118.049 2.19792 0.125 61.8305 0
381.313  23.4852  379.574  45.4266 1.94527 0.125 24.8038 0
199.235  118.306  194.827  115.593 2.70989 0.0625 0.775542 0
195.255  111.657  214.385  106.103 1.88965 0.125 14.8448 0
302.926  94.5017  302.972  110.504 1.99422 0.125 14.8698 0
18.6049  383.031  5.37179  380.074 2.18058 0.125 10.7252 0
54.8334  5.3066  51.9244  15.333 1.48794 0.125 0.420381 0
10.1553  34.8523  16.3125  23.3992 2.03638 0.125 5.15256 0
68.8715  39.5801  70.0156  48.5617 1.60488 0.015625 6.5397 0
251.616  635.47  249.313  626.548 1.46812 0.0625 1.92553 0
352.483  121.736  374.515  123.279 1.99511 0.125 25.7069 0
257.018  463.627  253.543  450.489 1.47807 0.125 1.86248 0
277.258  676.679  265.362  660.602 1.28648 0.125 3.44248 0
248.69  249.011  256.373  246.159 2.46446 0.125 3.12965 0
233.898  479.435  239.139  511.559 1.95295 0.125 38.7585 0
111.249  343.262  122.453  331.456 2.24999 0.125 12.9187 0
22.6158  161.755  37.3103  155.082 1.90466 0.125 13.0636 0
221.155  164.523  220.415  153.506 1.39959 0.125 1.32347 0
326.517  79.0727  316.493  78.6856 1.30798 0.125 0.420381 0
321.495  75.6951  342.507  76.1997 1.2638 0.125 13.0636 0
368.943  213.38  353.324  221.146 2.2659 0.125 11.1392 0
251.464  326.179  255.774  312.275 2.1394 0.125 2.92535 0
324.555  124.296  331.495  124.612 3.13358 0.125 4.03274 0
0.499112  297.461  33.5048  296.713 2.06743 0.125 37.1829 0
353.167  141.453  349.792  165.541 2.97097 0.125 34.0967 0
0.270929  155.773  15.6367  150.934 2.61391 0.125 16.2847 0
246.607  353.651  248.119  342.584 2.97241 0.125 14.8698 0
197.292  256.488  198.012  243.473 1.16415 0.0625 0.775542 0
248.636  617.393  262.24  634.705 1 0.125 4.03274 0
263.435  635.552  274.59  649.427 1 0.125 1.32347 0
396.611  520.979  384.521  518.4 1.46058 0.125 1.32347 0
3.484  525.333  32.5998  522.541 2.318 0.125 25.8126 0
48.5  301.5  90.5  301.5 1 0.125 23.9007 0
172.549  361.544  180.103  353.143 2.08079 0.125 4.51412 0
414.442  533.46  414.913  544.482 1.95547 0.125 2.7455 0
12.0135  100.459  25.3684  94.2184 1.87124 0.125 6.08211 0
267.169  238.218  270.896  233.837 2.17129 0.0625 0.721411 0
207.94  221.206  200.008  236.293 2.89255 0.125 14.0236 0
332.507  727.496  325.139  714.708 1.83653 0.125 4.29663 0
276.631  460.456  272.902  449.365 1.90392 0.125 3.62941 0
8.57334  141.28  0.457042  142.043 1.89759 0.03125 3.34601 0
290.558  504.613  305.668  496.826 2.6667 0.125 9.13867 0
226.517  308.501  228.77  278.445 2.11845 0.125 41.1097 0
195.874  254.644  199.081  268.596 1.42263 0.125 0.876154 0
50.5689  397.399  60.6616  404.262 1.09146 0.0625 3.12965 0
108.563  318.721  94.2966  322.786 2.06316 0.125 1.50756 0
162.096  385.695  167.36  396.568 2.70023 0.125 13.3945 0
191.418  235.577  190.202  218.521 2.77731 0.125 24.5561 0
357.32  779.715  375.298  794.742 1 0.125 5.39959 0
21.2524  365.121  33.6709  370.071 2.78675 0.125 14.8448 0
338.364  503.005  307.455  494.667 1.5626 0.125 24.2678 0
47.5876  296.352  63.5219  294.713 2.19417 0.125 16.676 0
329.933  140.494  329.743  158.503 2.06326 0.125 12.9187 0
12.3489  108.72  24.0192  116.745 1.90532 0.125 6.08211 0
100.747  374.384  104.364  382.095 2.23537 0.125 3.12965 0
80.5016  298.569  0.47568  300.483 2.30552 0.125 101.89 0
363.521  570.719  328.458  574.057 3.3181 0.125 53.9484 0
328.526  202.051  364.54  200.329 1.95403 0.125 30.7006 0
293.695  701.341  268.545  670.463 1.12532 0.125 14.5588 0
53.5612  379.375  67.2116  386.087 2.25102 0.125 4.7276 0
93.6086  288.477  94.126  268.49 2.07696 0.125 15.5267 0
358.751  784.208  369.515  793.482 1 0.0625 0.775542 0
311.528  135.489  316.785  148.783 1.47099 0.125 0.0141651 0
76.4867  607.081  90.5043  606.635 1.31733 0.125 0.0141651 0
127.436  200.328  112.306  205.981 1.97677 0.125 8.59169 0
417.473  122.075  427.496  121.442 1.37632 0.0625 3.12965 0
34.5494  90.7618  21.5408  89.8909 2.46309 0.125 7.71829 0
69.6547  138.812  65.25  140.996 2.68021 0.03125 1.19604 0
112.295  383.871  104.734  374.315 2.02511 0.125 0.982499 0
441.41  667.697  410.451  653.607 1.58647 0.125 27.7801 0
389.531  571.313  402.512  570.812 2.26852 0.125 3.44248 0
24.6943  118.18  45.8067  130.995 1.25052 0.125 11.6145 0
271.277  233.352  277.713  223.641 2.79153 0.125 9.42109 0
35.4765  365.573  23.7287  361.79 2.58127 0.125 9.57707 0
0.325894  360.153  20.7403  365.6 3.35143 0.125 30.7006 0
233.874  409.502  233.617  459.501 2.21086 0.125 34.3172 0
111.688  409.775  116.256  423.244 3.1954 0.125 18.0112 0
76.4023  134.344  69.8418  138.448 2.96535 0.125 2.60554 0
112.978  474.101  117.572  479.606 2.94961 0.125 4.93583 0
317.517  500.439  337.64  505.993 1.96273 0.125 10.3609 0
205.326  341.651  207.934  327.396 3.131 0.125 18.8758 0
401.329  648.779  385.69  639.19 1.56817 0.125 3.49195 0
431.498  120.927  448.502  121.015 1.07719 0.125 11.2575 0
60.507  210.242  98.4789  211.276 2.78121 0.125 71.1918 0
394.505  536.591  373.495  536.472 2.0788 0.125 6.96423 0
324.133  215.661  327.355  223.002 2.747 0.125 1.74 0
376.455  516.628  360.646  511.084 1.65458 0.125 3.44248 0
365.578  776.261  375.493  779.52 1.57443 0.125 0.420381 0
214.673  192.565  207.394  211.838 2.95108 0.125 23.1361 0
34.2715  371.203  49.3085  376.089 2.18717 0.125 11.1847 0
27.6586  388.093  45.6519  395.111 2.18002 0.125 3.55109 0
349.171  765.66  353.686  769.268 2.65409 0.0625 1.95175 0
271.247  200.485  270.775  208.574 2.11311 0.125 1.32347 0
85.0101  111.82  91.2487  116.502 2.60057 0.125 4.93583 0
13.174  128.085  0.277345  120.9 2.82042 0.125 13.7022 0
219.847  170.572  217.562  181.513 1.95776 0.125 0.0466342 0
221.218  334.441  226.507  309.291 3.09122 0.125 25.9258 0
263.775  655.327  255.657  642.401 1.28041 0.125 0.980432 0
94.0609  121.022  83.6114  130.621 2.3291 0.125 9.45485 0
106.799  211.641  115.221  209.434 2.90196 0.03125 0.899282 0
22.9363  361.137  0.368402  353.911 3.19957 0.125 30.8882 0
26.3569  204.341  60.7227  210.192 3.33593 0.125 53.9484 0
315.05  569.954  295.478  550.523 1 0.125 3.12965 0
41.4898  516.47  34.5942  518.781 2.20876 0.0625 1.04857 0
75.4928  357.55  87.672  359.31 2.40848 0.125 6.01013 0
214.716  236.609  224.971  216.234 2.72146 0.125 28.1937 0
264.623  476.455  270.054  491.297 1.62637 0.125 5.21103 0
183.431  164.419  168.246  177.198 1.60573 0.125 13.9667 0
37.5339  133.961  27.5107  133.33 2.37315 0.125 9.45128 0
406.727  11.0139  389.541  18.594 2.96047 0.125 18.1441 0
99.3075  118.137  135.616  129.115 3.2725 0.125 42.1781 0
73.5807  85.3186  58.8316  78.7549 2.03288 0.125 6.92923 0
267.06  436.621  263.209  422.58 1.13535 0.125 1.32347 0
0.475757  304.051  47.5006  301.512 2.18684 0.125 23.1913 0
240.029  296.454  238.208  275.439 1.81993 0.125 5.72329 0
279.374  223.49  279.036  192.494 3.25051 0.125 35.1095 0
332.404  222.529  328.786  210.415 2.10302 0.125 1.12368 0
14.4983  59.4222  97.5031  57.6455 2.87091 0.125 162.237 0
296.243  266.03  326.063  249.702 3.23789 0.125 36.0028 0
323.48  164.505  327.559  180.485 2.20564 0.125 8.60801 0
381.492  545.896  399.505  546.238 1.26594 0.125 6.86925 0
27.6807  94.4425  31.133  105.299 2.55589 0.125 6.08211 0
224.921  446.586  227.988  431.6 3.11683 0.125 12.3873 0
102.55  55.6044  96.4918  0.500897 3.12267 0.125 84.6239 0
119.52  440.42  127.527  442.391 2.65903 0.125 0.0466342 0
136.625  128.055  191.519  143.434 3.57847 0.125 63.682 0
320.123  195.566  323.439  214.511 1.50215 0.125 6.95433 0
374.486  16.5327  363.727  11.9658 2.09266 0.125 2.60554 0
39.3343  72.8874  50.4414  77.637 1.83893 0.125 0.0466342 0
448.7  662.063  423.859  650.715 2.33599 0.125 21.0089 0
73.5239  387.467  56.6881  375.241 1.91686 0.125 12.8435 0
137.468  256.437  148.641  250.779 1.81842 0.125 6.74201 0
448.608  654.13  430.4  648.846 2.04502 0.125 11.986 0
70.576  103.29  42.9318  93.3045 3.00402 0.125 24.1419 0
249.512  165.348  229.479  163.768 2.3869 0.125 2.62682 0
376.505  779.859  389.517  779.666 1.95545 0.125 0.982499 0
376.453  97.2503  387.472  97.9461 1.933 0.0625 0.156938 0
126.962  267.701  129.561  287.623 3.14718 0.125 13.3378 0
429.381  648.745  400.786  634.908 3.39694 0.125 40.6886 0
45.2591  147.928  35.9559  142.69 2.77542 0.125 5.17665 0
206.99  212.245  194.812  236.655 2.2341 0.125 15.7471 0
149.232  217.026  156.7  206.644 2.89123 0.125 1.4676 0
219.033  346.488  219.296  336.468 2.10429 0.125 1.86248 0
143.535  516.877  149.816  527.31 3.26077 0.125 11.986 0
80.4461  400.593  46.7371  381.09 2.60295 0.125 26.7869 0
214.598  391.768  217.356  380.465 3.88601 0.125 7.95796 0
435.946  549.557  436.96  541.558 2.3616 0.125 3.12965 0
409.338  683.964  420.386  687.826 1.51193 0.0625 4.30904 0
5.50142  74.4652  14.5272  74.8328 2.2018 0.125 1.74 0
118.516  196.732  100.464  197.969 2.74764 0.125 25.4415 0
136.457  502.525  142.75  513.355 1.08688 0.0625 3.12965 0
280.467  597.536  295.573  611.421 1.03355 0.125 0.0141651 0
52.2942  88.3879  59.4841  93.5223 2.78989 0.125 0.982499 0
62.5118  335.25  73.5345  335.773 1.78185 0.125 1.32347 0
324.413  203.515  320.996  183.586 2.28091 0.125 4.59302 0
32.3875  347.466  62.4668  344.195 3.09052 0.125 41.1307 0
420.455  688.653  444.711  695.783 1.58133 0.125 15.5267 0
20.4595  72.5911  0.789849  63.8479 3.04612 0.125 16.9839 0
323.929  734.117  335.273  746.81 2.63331 0.125 1.78452 0
34.5554  67.3375  26.4718  64.5829 1.63389 0.0625 1.95175 0
263.609  277.967  250.393  281.04 1.81194 0.125 2.59024 0
326.569  249.649  350.162  238.766 2.5163 0.125 17.5491 0
314.054  502.094  327.173  511.935 3.39973 0.125 2.37273 0
367.5  85.5919  356.504  85.5444 2.03023 0.125 1.86248 0
150.534  426.553  160.997  419.729 2.54908 0.125 11.33 0
212.95  321.421  216.628  342.478 1.92284 0.125 14.562 0
274.632  193.373  276.554  210.494 2.42352 0.125 3.55109 0
6.54336  89.2692  0.449986  89.6127 2.27821 0.125 2.22656 0
193.627  213.583  200.788  202.689 1.71802 0.125 0.0466342 0
337.784  595.116  371.261  619.824 1.34148 0.125 18.1441 0
432.529  652.407  448.55  657.339 1.98442 0.125 7.71829 0
257.489  220.485  251.007  225.198 2.42657 0.125 4.03274 0
257.131  173.911  267.638  183.347 3.26508 0.125 8.53229 0
215.804  202.636  209.597  216.543 1.82634 0.125 0.494921 0
50.5108  90.2304  42.4435  89.9059 3.11815 0.125 3.49195 0
204.29  292.566  199.863  278.387 1.61113 0.125 0.982499 0
211.554  189.515  213.832  181.315 3.15821 0.125 2.65294 0
277.849  193.314  273.222  184.649 2.29514 0.125 5.83892 0
433.563  626.418  447.7  637.238 2.56854 0.125 9.3319 0
101.559  197.044  72.5309  193.263 2.49993 0.125 25.3922 0
187.055  383.111  191.265  378.295 2.82206 0.125 0.099456 0
261.515  88.1202  191.483  89.7961 2.81285 0.125 61.7405 0
26.654  398.194  46.625  408.252 2.70521 0.125 19.2258 0
307.374  725.623  285.606  703.396 1.60566 0.125 24.7623 0
245.574  169.318  256.766  173.841 2.40674 0.125 2.11192 0
42.7348  187.769  28.5885  183.224 2.58483 0.125 3.27737 0
50.2388  75.0286  35.4032  67.6959 2.21548 0.125 0.985096 0
326.709  181.475  327.918  191.57 1.62884 0.125 2.22656 0
121.627  486.41  133.669  503.38 1.1842 0.125 0.982499 0
0.327894  341.99  12.3126  337.945 2.23867 0.125 8.94783 0
22.5867  271.453  47.562  269.182 2.44461 0.125 20.8643 0
65.5279  105.973  42.4991  105.552 3.29221 0.125 15.7572 0
208.003  229.757  201.894  241.702 1.8417 0.125 5.21103 0
229.5  462.5  229.5  485.5 1 0.125 6.74201 0
271.25  180.793  258.787  170.164 2.59558 0.125 9.78127 0
358.504  196.603  378.551  195.836 1.99854 0.125 7.33918 0
411.498  124.455  435.505  123.632 1.96455 0.125 5.16843 0
248.79  219.59  236.34  222.898 1.96018 0.125 0.151482 0
239.426  360.492  238.088  373.56 2.67875 0.125 2.76263 0
236.796  227.763  247.89  225.164 3.66641 0.125 7.33918 0
71.5814  193.1  43.5206  187.398 2.75637 0.125 24.5354 0
208.071  418.643  211.603  404.526 3.63769 0.125 12.1413 0
54.4751  341.149  40.4746  342.143 1.85332 0.0625 1.81256 0
110.518  599.84  95.5083  600.653 1.26901 0.125 3.12965 0
200.925  201.931  209.486  193.485 2.86633 0.125 3.32065 0
261.257  211.42  264.913  200.307 2.14986 0.125 3.44248 0
425.536  575.331  435.508  577.465 1.74649 0.125 0.420381 0
40.3625  95.9109  54.4577  100.626 1.58979 0.125 1.74006 0
247.5  137.5  226.5  137.5 1 0.125 4.93583 0
246.051  599.484  245.5  614.537 2.54738 0.125 18.7427 0
448.509  83.8621  377.479  85.6843 2.35838 0.125 97.6888 0
4.5178  352.576  17.5078  349.533 1.61398 0.125 0.876154 0
241.827  546.494  241.999  586.502 1.98708 0.125 51.6364 0
59.4986  306.474  40.5574  307.53 2.27513 0.125 10.4653 0
74.3381  335.19  80.6922  336.68 3.83399 0.03125 2.55473 0
183.523  90.0675  100.458  93.4861 2.23279 0.125 93.0903 0
229.5  439.5  229.5  455.5 1 0.125 0.420381 0
25.5226  308.84  16.4961  309.441 2.12851 0.125 0.980432 0
26.102  179.545  24.8625  168.459 2.09874 0.125 5.39959 0
40.535  307.879  26.4704  309.18 1.45618 0.125 0.0466342 0
231.386  389.517  234.04  407.42 1.68511 0.0625 2.97478 0
295.504  516.351  281.487  515.934 1.4166 0.0625 0.692424 0
341.625  582.099  356.401  579.024 2.12197 0.125 0.947835 0
64.5054  315.607  78.5203  314.903 1.29988 0.125 2.22656 0
248.566  100.993  266.524  103.317 1.34166 0.125 1.74006 0
201.325  439.423  204.016  433.288 2.6348 0.125 0.099456 0
11.3991  393.854  26.3262  398.11 2.7459 0.125 2.7894 0
94.5081  208.356  78.5022  207.461 1.38916 0.125 1.74 0
38.535  140.56  76.1813  118.672 2.69357 0.125 62.1655 0
11.5164  335.126  61.5082  333.813 3.76237 0.125 51.1465 0
332.488  123.87  410.498  122.384 2.34242 0.125 135.995 0
83.498  37.5362  44.496  37.6184 2.99999 0.125 43.8096 0
238.783  512.724  255.697  566.751 2.75535 0.125 61.5423 0
104  462.923  136.132  500.966 3.05585 0.125 80.8705 0
272.524  688.347  356.176  784.65 4.3476 0.0625 87.0299 0
301.518  87.3245  262.493  88.1739 3.19514 0.125 34.0621 0
0.49378  273.464  160.999  245.351 8.46984 0.125 17.9654 0
228.892  383.895  240.811  311.717 2.98058 0.125 84.6432 0
448.885  184.725  397.325  200.943 3.16182 0.125 75.7565 0
225.614  500.583  233.057  580.448 2.91925 0.125 38.343 0
276.826  211.642  267.723  232.597 3.51074 0.125 13.4879 0
376.548  668.402  408.269  683.971 1.86131 0.125 24.1553 0
239.698  346.039  271.953  425.721 9.33611 0.125 6.71681 0
252.523  624.654  334.703  724.024 8.40907 0.125 77.0492 0
320.435  629.969  366.74  663.548 4.10946 0.125 110.867 0
222.59  103.485  275.792  108.226 5.59185 0.125 95.4026 0
259.191  681.774  313.181  742.782 1.78933 0.125 74.2396 0
221.191  395.536  238.36  632.727 32.4887 0.125 177.636 0
69.5613  396.647  141.509  515.495 7.31553 0.125 32.3618 0
205.783  319.498  300.056  481.758 5.10579 0.125 21.4037 0
112.226  205.314  55.6097  196.773 4.55192 0.125 13.4998 0
