216
312.533  342.535  228.49  345.196 2.38451 0.125 159.696 0
284.499  128.81  260.499  128.837 2.0034 0.125 29.3193 0
258.968  130.491  258.088  182.493 2.0505 0.125 82.6016 0
153.501  343.71  135.5  343.697 3.00208 0.125 35.6409 0
227.5  344.641  154.5  344.685 2.02409 0.125 118.725 0
283.521  226.848  324.511  228.142 2.34603 0.125 69.9583 0
134.549  343.993  99.4907  340.596 1.95996 0.125 41.8922 0
367.01  225.461  368.211  210.477 1.83379 0.125 11.2575 0
87.5101  349.462  116.577  357.21 1.67681 0.125 23.2106 0
281.319  463.529  279.117  449.56 1.50851 0.125 4.93583 0
366.557  18.459  361.856  126.472 2.03811 0.125 177.675 0
97.5111  334.504  108.342  302.113 1.91755 0.125 44.6718 0
233.571  465.506  234.303  457.392 1.90202 0.125 1.32347 0
230.477  264.174  259.512  265.146 1.86505 0.125 35.6409 0
257.651  464.56  256.877  453.615 2.41823 0.125 1.12368 0
277.204  447.534  276.424  463.496 1.29175 0.125 2.7455 0
80.4591  252.088  96.5036  251.623 1.9413 0.125 11.33 0
87.5378  235.176  76.4552  233.885 2.6809 0.125 11.2575 0
224.505  442.435  235.521  443.203 2.0647 0.125 4.51412 0
110.323  296.433  118.298  275.423 1.99961 0.125 19.8892 0
386.988  104.526  387.571  93.4511 2.41769 0.125 12.1606 0
128.499  272.631  142.506  272.745 2.07292 0.125 11.2575 0
6.48929  371.178  20.507  370.712 1.33176 0.125 6.74201 0
383.827  404.566  381.561  381.593 1.78011 0.125 22.9976 0
345.573  91.4983  345.99  109.512 2.09189 0.125 9.4501 0
386.267  113.335  387.075  107.309 2.97344 0.125 2.22656 0
65.0283  421.43  64.1704  439.532 2.80726 0.125 33.8347 0
218.523  243.445  204.483  243.791 2.09782 0.125 14.8698 0
350.733  223.457  351.629  207.396 2.71687 0.125 6.94078 0
237.502  473.026  226.498  473.069 1.04268 0.03125 1.6245 0
387.437  449.5  387.469  430.498 2.02146 0.125 20.2884 0
348.75  22.4722  346.232  90.4901 2.03461 0.125 92.2609 0
193.192  183.521  192.767  157.496 1.95076 0.125 33.8347 0
388.638  92.5007  388.691  82.4958 2.05203 0.125 4.93583 0
111.331  495.151  127.432  487.36 1.91664 0.125 14.8698 0
182.5  442.5  213.5  442.5 1 0.125 13.9667 0
143.323  175.447  142.683  165.488 1.38312 0.0625 4.33377 0
135.478  486.399  224.482  484.59 1.94268 0.125 144.012 0
259.504  472.054  246.496  471.943 1.1108 0.125 9.45128 0
185.492  152.947  198.489  152.755 2.01457 0.125 7.17253 0
389.496  260.888  414.504  261.147 1.2286 0.125 12.955 0
364.237  332.613  357.331  316.573 1.17374 0.125 4.03274 0
6.50015  222.77  39.4996  222.752 2.00817 0.125 19.5521 0
238.5  441.5  253.5  441.5 1 0.03125 4.08648 0
125.748  406.701  129.197  419.581 1.55185 0.125 2.7455 0
261.5  440.5  277.5  440.5 1 0.125 0.420381 0
190.5  165.5  190.5  183.5 1 0.125 2.22656 0
200.25  224.578  198.8  201.481 1.86622 0.125 26.61 0
35.5214  337.519  21.2565  353.28 1.94285 0.125 16.3978 0
74.4998  229.505  88.5176  229.989 2.30927 0.125 7.71829 0
32.7957  356.021  40.4439  344.781 2.7444 0.125 12.9187 0
251.513  428.154  203.492  429.109 2.3034 0.125 56.1736 0
273.462  332.22  285.481  332.86 2.10361 0.125 9.45128 0
383.5  254.5  406.5  254.5 1 0.125 6.74201 0
155.525  429.298  130.415  426.189 2.12664 0.125 12.9378 0
282.475  482.176  319.41  479.334 2.37752 0.125 47.8271 0
118.599  185.507  119.274  176.483 2.14357 0.125 3.12965 0
392.645  23.3449  391.448  14.507 2.51884 0.125 2.60554 0
250.501  257.761  176.498  258.06 2.87479 0.125 107.815 0
231.492  484.321  246.508  483.677 2.2554 0.125 13.0636 0
40.9904  344.912  48.2358  336.278 1.53199 0.125 1.32347 0
218.5  481.5  240.5  481.5 1 0.125 5.83892 0
296.407  443.026  288.376  443.533 3.24624 0.125 0.151482 0
389.839  58.5055  390.001  48.5081 2.09685 0.125 4.03274 0
288.461  425.773  252.458  427.718 1.96985 0.125 34.1411 0
360.431  482.267  376.5  477.499 1.88592 0.125 13.9667 0
271.456  482.466  280.483  482.086 2.20844 0.125 2.22656 0
391.658  39.3391  390.704  32.4716 2.53135 0.125 0.420381 0
302.5  221.5  286.5  221.5 1 0.125 0.420381 0
419.334  30.4732  417.554  41.5087 1.97448 0.125 4.51412 0
148.5  483.5  182.5  483.5 1 0.125 16.676 0
13.4459  6.5025  14.9266  38.5265 2.32117 0.125 48.556 0
380.622  472.562  384.668  464.585 2.1628 0.125 0.0141651 0
70.0974  121.534  68.35  100.596 1.91141 0.125 18.7427 0
303.55  255.202  293.496  253.526 1.4797 0.125 0.420381 0
267.567  263.578  317.594  267.207 2.48565 0.125 72.6491 0
28.5022  267.065  7.49864  267.146 1.06541 0.125 4.93583 0
118.871  178.392  115.49  166.795 2.32033 0.125 8.94783 0
409.335  23.2447  398.392  30.3332 2.37526 0.125 8.70188 0
176.492  263.551  191.499  263.429 3.00802 0.125 26.61 0
408.758  55.9445  396.002  63.363 2.51357 0.125 3.54894 0
247.509  483.251  257.532  483.607 2.17636 0.125 1.74006 0
420.01  0.47379  419.693  18.4858 2.01728 0.125 13.9651 0
408.768  39.898  392.203  51.0591 1.99986 0.125 14.8448 0
112.765  268.66  104.613  282.172 2.73168 0.125 15.3869 0
65.9586  384.488  66.0177  391.504 3.02513 0.125 2.59024 0
406.525  281.372  448.658  289.702 2.3949 0.125 44.7642 0
247.508  424.803  262.497  424.396 1.05393 0.03125 4.97671 0
310.136  443.697  304.241  462.729 2.86567 0.125 23.045 0
237.492  244.108  231.493  244.032 3.01246 0.03125 0.765888 0
65.2692  77.4074  62.8681  57.4557 2.34413 0.125 9.3319 0
286.53  258.699  254.5  257.513 2.88691 0.125 35.1359 0
442.352  12.3333  449.19  6.27896 2.90897 0.125 1.74006 0
141.516  266.65  151.507  265.563 3.09057 0.125 8.70188 0
141.5  163.5  141.5  143.5 1 0.125 4.03274 0
199.5  155.5  199.5  176.5 1 0.125 4.93583 0
411.575  4.59524  395.406  17.3812 1.60503 0.125 13.3945 0
397.4  8.38523  406.477  0.474088 1.68047 0.125 0.0141651 0
182.494  337.386  225.504  337.141 2.2162 0.125 59.2652 0
217.5  425.5  227.5  425.5 1 0.015625 4.93583 0
418.539  259.276  448.676  264.481 2.82179 0.125 48.8162 0
173.564  121.569  174.602  105.507 2.0603 0.125 0.42631 0
132.375  268.686  141.468  267.289 1.67289 0.0625 1.92553 0
172.468  294.724  182.409  296.14 1.83908 0.125 0.099456 0
312.935  220.503  312.836  198.498 1.09002 0.125 4.93583 0
159.599  146.511  159.813  164.508 1.61908 0.125 0.494921 0
177.462  449.627  179.408  465.511 2.49127 0.125 5.1316 0
448.645  286.791  412.52  279.401 1.937 0.125 38.7144 0
166.545  427.299  182.494  426.396 1.33747 0.125 4.93583 0
183.544  427.573  216.529  426.209 1.99059 0.125 29.003 0
230.536  244.289  220.484  242.593 2.63754 0.125 5.21103 0
383.956  442.502  383.909  431.498 1.04611 0.03125 3.12965 0
448.204  48.902  440.99  52.4678 2.64284 0.125 0.0141651 0
118.157  368.348  120.729  379.447 2.39985 0.125 1.94508 0
149.444  245.877  134.475  247.228 1.81218 0.125 11.2575 0
188.898  133.496  188.786  150.502 2.05948 0.125 13.086 0
99.5083  257.084  69.4803  256.482 3.15954 0.125 47.6869 0
168.496  477.625  214.503  477.797 3.1309 0.125 100.933 0
235.534  289.182  221.519  289.878 2.1464 0.125 6.86925 0
378.571  17.0632  369.464  18.218 2.36151 0.125 1.74 0
136.426  336.494  147.513  335.678 2.55111 0.125 3.49195 0
433.87  13.577  435.149  7.42706 2.97647 0.125 0.099456 0
445.66  36.7822  435.842  42.3371 1.61859 0.0625 0.296652 0
264.51  475.619  345.616  468.906 3.41575 0.125 154.637 0
425.462  267.747  448.529  271.31 1.75947 0.125 14.5348 0
397.472  120.448  389.607  124.697 2.02203 0.125 0.420381 0
116.507  239.707  102.489  240.153 2.19009 0.125 9.83627 0
298.904  287.415  302.51  304.498 1.23919 0.125 4.51412 0
163.455  251.166  174.522  249.665 2.38491 0.125 0.982499 0
186.5  241.5  168.5  241.5 1 0.125 2.22656 0
124.349  286.899  120.548  294.992 2.82484 0.125 4.51412 0
52.5823  157.742  62.5731  158.828 1.88031 0.125 0.980432 0
309.249  310.58  299.118  278.621 2.44233 0.125 39.179 0
208.51  274.797  183.506  275.674 1.38475 0.125 18.4822 0
245.984  223.46  246.766  213.443 1.83838 0.125 1.32347 0
199.499  429.587  156.493  429.002 1.3671 0.125 28.4345 0
169.533  337.987  181.546  337.172 2.85761 0.125 4.7276 0
123.35  311.212  119.229  327.682 3.39757 0.125 17.5934 0
242.436  249.659  223.47  251.098 1.60241 0.125 9.57707 0
215.447  477.1  263.491  475.266 3.34111 0.125 96.141 0
276.47  328.727  259.626  326.532 2.67397 0.125 19.8892 0
414.517  138.394  427.657  140.539 2.61833 0.125 6.92923 0
448.539  327.377  398.19  311.481 2.90999 0.125 75.134 0
95.0672  297.334  99.2546  286.406 1.72795 0.125 1.86248 0
417.502  271.364  357.498  270.625 3.35687 0.125 116.299 0
148.457  336.032  163.52  337.253 2.55936 0.125 14.8448 0
246.532  392.194  232.515  392.832 2.3617 0.125 1.20106 0
194.726  149.533  194.166  136.471 2.42637 0.125 16.9588 0
55.5472  154.287  44.5269  154.948 1.99641 0.125 0.0466342 0
236.484  281.182  205.478  280.441 2.40531 0.125 47.387 0
317.499  307.5  307.573  278.137 2.86873 0.125 40.9168 0
434.757  328.72  443.766  331.695 3.16227 0.125 7.82761 0
221.484  295.295  234.48  294.254 1.99361 0.125 6.28574 0
247.528  411.389  224.551  412.115 2.66234 0.125 23.8934 0
384.812  312.634  398.799  317.668 2.0319 0.125 5.17665 0
125.187  307.361  128.446  300.031 2.74135 0.0625 0.692424 0
110.531  278.519  101.846  292.712 1.61674 0.125 6.08211 0
100.02  282.752  106.651  269.088 2.26248 0.125 3.91793 0
308.482  291.825  313.776  308.412 2.97939 0.125 6.21312 0
377.629  352.678  381.272  370.547 1.97857 0.125 4.11848 0
74.5263  172.233  83.44  173.11 1.98558 0.125 1.32347 0
181.499  236.014  199.501  236.043 2.01298 0.125 10.2747 0
229.477  328.132  210.49  329.337 2.93063 0.125 6.81334 0
238.498  335.647  281.504  336.098 1.9894 0.125 41.7298 0
428.196  62.4917  427.895  73.5108 1.24495 0.125 1.86248 0
262.5  333.5  246.5  333.5 1 0.125 0.420381 0
357.36  390.832  376.566  386.818 1.43194 0.125 1.12368 0
206.471  284.68  236.504  283.626 2.20916 0.125 37.4731 0
383.489  251.951  401.503  252.372 1.28013 0.125 10.3544 0
70.4301  422.503  69.5037  399.46 2.4001 0.125 11.026 0
189.499  252.34  171.5  252.47 1.05789 0.125 2.22656 0
176.442  258.475  136.513  260.738 2.71228 0.125 44.2182 0
218.508  414.865  240.498  414.404 1.1468 0.125 4.93583 0
434.546  74.5817  448.598  66.6734 2.12392 0.125 5.38282 0
220.525  411.494  207.515  411.66 3.99967 0.125 5.46544 0
214.532  365.137  228.599  366.382 2.81204 0.125 11.986 0
289.326  278.2  294.083  291.288 2.47785 0.125 10.3192 0
448.525  295.302  431.419  293.138 1.87067 0.125 0.947835 0
223.5  495.5  252.5  495.5 1 0.125 12.1606 0
284.5  164.5  284.5  134.5 1 0.125 13.0636 0
333.761  287.336  328.455  278.899 1.72537 0.125 0.420381 0
399.723  91.9111  415.851  83.1453 2.46427 0.125 6.38526 0
227.488  417.897  256.497  417.325 1.07867 0.125 8.94783 0
311.522  334.829  340.525  332.869 1.5371 0.125 16.2847 0
152.5  418.517  226.5  418.465 1.00141 0.125 51.8965 0
233.502  360.553  215.493  361.331 2.56595 0.125 10.4653 0
72.1619  445.527  70.4783  424.422 1.91415 0.0625 2.90225 0
324.586  279.449  330.991  290.208 2.74157 0.125 9.45485 0
80.3105  404.36  78.9945  415.558 2.62934 0.125 0.711035 0
173.499  439.602  194.505  439.753 1.10754 0.125 2.7455 0
380.5  453.5  380.5  426.5 1 0.125 10.3544 0
202.534  412.949  193.509  413.626 1.22135 0.03125 3.12965 0
183.503  497.661  208.513  497.139 1 0.125 3.47264 0
143.48  272.007  186.512  271.43 2.93271 0.125 101.596 0
55.5177  284.227  0.45299  285.564 3.95026 0.125 106.583 0
152.442  265.14  268.444  260.193 3.12509 0.125 186.05 0
198.461  265.622  415.476  255.963 1.98921 0.125 91.733 0
238.402  330.158  270.408  332.053 3.21787 0.03125 41.1938 0
21.0848  371.18  69.398  308.421 3.52831 0.125 123.401 0
190.5  482.468  270.502  482.694 1.03392 0.125 58.2472 0
360.529  339.609  263.519  340.924 8.36519 0.125 188.778 0
62.5491  305.379  42.3995  329.416 2.5697 0.125 32.8674 0
320.432  246.262  204.458  235.97 2.69931 0.125 23.6949 0
201.596  266.771  363.652  275.772 5.27115 0.125 56.8803 0
409.645  321.071  433.606  329.186 1.86384 0.125 21.5396 0
187.379  271.359  233.178  277.792 3.92785 0.125 11.288 0
114.497  477.335  348.501  477.743 3.96338 0.125 290.997 0
71.5375  483.111  260.499  480.401 6.05675 0.125 81.681 0
147.648  494.015  289.707  453.176 20.8674 0.125 43.9202 0
180.3  445.59  287.281  434.408 6.30724 0.125 51.5355 0
81.3502  291.396  78.7351  446.538 12.9476 0.125 22.8838 0
7.49745  269.99  357.504  271.814 4.48988 0.125 229.216 0
303.501  276.464  234.505  274.335 2.51742 0.125 24.0122 0
65.0949  394.555  68.1762  472.631 6.20585 0.125 108.36 0
307.482  260.648  15.6592  225.19 3.7466 0.125 47.2741 0
153.178  120.032  61.2469  409.785 6.46037 0.125 6.77716 0
