137
260.531  327.922  246.464  327.176 3.36623 0.125 23.2072 0
331.342  410.029  345.437  405.311 1.27734 0.125 3.12965 0
174.535  329.011  120.453  325.16 2.35598 0.125 69.7072 0
130.375  237.454  117.441  239.006 1.82667 0.125 5.83892 0
289.74  418.645  301.381  399.428 1.89156 0.125 16.2847 0
216.45  242.651  191.478  244.119 1.99655 0.125 17.9424 0
240.496  431.066  183.499  430.67 1.27042 0.125 61.8305 0
198.506  433.989  233.49  433.591 1.39878 0.125 31.1254 0
68.897  557.254  78.5791  533.532 2.11631 0.125 25.8198 0
232.513  397.644  296.521  391.727 2.48545 0.125 68.0306 0
246.485  433.386  253.499  432.491 1.98388 0.0625 3.12965 0
73.0846  454.534  70.6614  424.487 2.0418 0.125 36.9796 0
354.705  304.508  354.781  312.507 2.04744 0.125 0.420381 0
149.154  250.179  141.925  257.966 1.67562 0.125 1.32347 0
184.493  396.94  206.515  396.655 2.02573 0.125 26.61 0
70.9409  415.566  72.4461  405.492 1.72791 0.125 1.32347 0
190.846  185.483  190.432  201.524 3.25717 0.125 26.3273 0
116.964  319.347  122.946  298.342 1.92966 0.125 15.4228 0
150.49  214.66  163.504  215.439 1.41645 0.125 0.980432 0
185.768  116.495  185.372  180.493 2.22844 0.125 117.71 0
209.48  287.228  229.442  285.731 1.67017 0.125 15.176 0
237.502  242.704  221.494  242.865 1.15055 0.0625 4.33377 0
36.4995  151.788  56.5002  151.773 1.01503 0.125 3.12965 0
374.678  175.509  374.495  159.489 2.15972 0.125 21.1915 0
267.527  245.168  246.503  243.461 1.7506 0.125 12.9187 0
13.9136  317.381  24.2263  311.978 2.10859 0.125 0.305473 0
129.482  268.958  95.4864  270.091 1.93226 0.125 31.6368 0
223.752  175.529  224.672  199.455 2.95935 0.125 38.0602 0
280.694  248.743  268.47  245.619 1.48551 0.125 1.32347 0
208.721  201.479  209.415  175.524 3.15936 0.125 39.179 0
190.914  103.5  190.856  185.5 1.05792 0.125 57.2594 0
169.5  238.5  154.5  238.5 1 0.0625 4.33377 0
229.541  236.309  212.527  235.717 1.89446 0.125 15.7729 0
89.4794  305.066  103.495  304.4 1.37884 0.125 4.03274 0
30.3025  95.5146  34.1368  147.527 2.10965 0.125 69.7351 0
138.472  392.843  184.494  396.579 2.0484 0.125 54.8975 0
109.478  245.142  137.494  243.397 2.43128 0.125 35.2296 0
30.7304  147.497  30.515  132.5 1.0717 0.03125 1.92499 0
333.47  302.291  349.429  300.004 2.11867 0.125 11.33 0
373.497  304.283  359.497  304.232 2.02507 0.125 6.95433 0
196.47  260.253  184.407  261.746 1.73935 0.125 3.12965 0
372.323  156.808  361.279  159.639 1.96194 0.125 2.7455 0
65.5219  149.479  65.869  133.465 2.9993 0.125 26.7827 0
420.5  305.516  379.498  305.628 2.10094 0.125 62.2937 0
122.715  121.528  121.979  100.518 2.96314 0.125 34.8253 0
60.6287  580.551  67.4508  563.48 2.04359 0.125 3.01389 0
359.777  170.502  359.85  161.495 2.02427 0.125 3.12965 0
71.5042  123.265  118.503  123.005 2.16549 0.125 70.8614 0
74.4852  128.637  94.4949  128.897 1.99983 0.125 14.6565 0
238.5  393.483  195.5  393.371 1.05443 0.125 23.9007 0
344.518  288.024  385.504  286.63 1.99884 0.125 53.9082 0
234.046  463.409  237.248  447.449 1.95525 0.125 6.8693 0
184.423  85.4823  184.924  111.53 3.38367 0.125 49.8583 0
128.88  94.5347  128.037  79.4699 2.38784 0.125 13.7872 0
1.15479  126.487  0.861409  134.513 1.21851 0.015625 1.82576 0
286.408  264.686  259.413  267.731 2.08456 0.125 12.5906 0
164.495  376.008  207.501  376.399 1.3913 0.125 43.7687 0
83.0704  525.356  87.6808  511.56 2.84291 0.125 12.0354 0
320.708  370.575  326.195  355.39 1.54115 0.125 0.305473 0
103.473  290.769  112.482  291.679 1.6883 0.0625 0.775542 0
122.448  408.523  114.93  391.312 1.83277 0.125 9.42109 0
115.502  182.891  134.502  182.791 1.10011 0.125 2.22656 0
262.887  466.5  262.908  442.499 1.02014 0.125 5.39959 0
97.4948  218.51  97.2692  195.492 2.17634 0.125 25.6908 0
423.5  275.503  410.597  273.774 1.71671 0.125 5.83892 0
156.464  71.8058  175.464  70.8124 2.41497 0.125 24.1008 0
177.502  468.998  261.504  468.738 1.99999 0.125 126.792 0
422.448  153.496  424.225  128.48 2.14187 0.125 27.7801 0
219.5  435.5  196.5  435.5 1 0.125 6.74201 0
396.526  286.374  408.515  286.022 2.1458 0.125 7.6451 0
186.501  438.55  269.496  437.235 2.27103 0.125 73.1809 0
28.8553  115.481  26.919  79.4775 1 0.125 17.5791 0
58.5542  271.807  43.4939  274.465 2.8385 0.125 14.5348 0
421.721  169.521  423.017  155.548 1.99145 0.125 6.95433 0
87.5199  488.44  102.534  493.397 2.51723 0.125 5.92756 0
263.515  356.861  275.508  357.139 2.11506 0.125 6.74201 0
102.796  175.463  103.371  164.493 3.04826 0.125 1.7351 0
71.9395  183.48  81.4647  187.582 2.00071 0.125 0.0141651 0
398.782  275.09  394.107  283.275 3.10099 0.125 6.01013 0
367.46  283.965  363.441  274.973 2.85591 0.125 6.95433 0
63.7013  68.1617  71.5806  65.7649 2.78649 0.125 0.0466342 0
72.1859  68.9728  65.9991  72.6594 2.74189 0.0625 1.86655 0
161.435  281.415  179.557  282.693 2.07823 0.125 15.7251 0
118.496  372.528  134.606  374.718 1.71231 0.125 5.15256 0
215.502  443.402  237.492  443.886 1.15363 0.125 4.93583 0
289.5  347.993  304.5  348.001 1.00873 0.125 8.54819 0
419.439  279.496  418.681  291.511 1.56496 0.125 2.7455 0
27.2948  261.37  29.9184  277.432 2.31591 0.0625 0.0409223 0
132.422  357.595  154.454  359.155 3.05491 0.125 24.282 0
245.493  318.071  284.499  318.562 2.0754 0.125 24.1906 0
174.342  444.509  175.338  461.509 1.3494 0.125 2.60554 0
280.406  267.962  289.437  269.809 2.96138 0.125 3.49195 0
223.538  269.213  234.478  270.662 2.31706 0.125 3.44248 0
236.517  441.628  208.508  442.052 1.86355 0.125 22.1976 0
375.452  300.838  361.449  298.864 2.3991 0.125 3.91793 0
143.47  278.219  154.487  277.96 1.95246 0.125 4.93583 0
279.481  349.286  288.587  348.491 1.99242 0.0625 0.296652 0
188.223  353.629  198.418  352.645 6.77559 0.125 17.4629 0
249.5  466.5  216.5  466.5 1 0.125 15.7729 0
263.5  352.488  278.478  353.073 3.27098 0.125 3.98102 0
229.5  402.5  245.5  402.5 1 0.125 0.420381 0
336.484  422.397  345.572  420.952 2.28929 0.125 0.980432 0
42.3687  277.728  32.4846  279.41 2.45434 0.125 2.60554 0
158.479  488.837  138.493  487.616 1.05912 0.125 4.03274 0
158.382  134.5  158.449  103.5 1.03212 0.125 13.9667 0
168.527  360.642  188.739  356.738 2.78957 0.125 19.8029 0
24.8171  287.511  25.3311  272.494 1.40991 0.125 2.65294 0
201.502  319.448  217.517  320.078 1.31369 0.125 0.876154 0
103.952  160.538  102.551  140.496 1.92536 0.125 5.92756 0
134.505  494.444  148.473  495.786 1.99084 0.03125 9.3143 0
151.5  495.5  174.5  495.5 1 0.125 6.74201 0
310.341  296.562  306.419  286.532 1.86264 0.125 0.0141651 0
119.288  342.245  130.256  345.36 3.02794 0.125 1.7351 0
158.519  152.498  157.834  144.472 1.9078 0.0625 3.12965 0
177.5  118.5  177.5  96.5 1 0.125 5.83892 0
192.5  493.5  230.5  493.5 1 0.125 20.2884 0
3.21201  297.562  60.6318  279.929 2.44309 0.125 46.1805 0
138.463  374.946  262.509  378.139 2.78538 0.125 64.7446 0
179.492  96.5001  180.66  177.512 2.21603 0.125 33.9895 0
196.51  261.833  397.495  264.824 1.83611 0.125 52.5326 0
35.7726  560.123  12.9406  604.21 2.15568 0.125 57.922 0
145.498  364.788  309.487  366.121 5.39002 0.125 239.512 0
208.497  376.177  238.512  375.92 2.04272 0.125 41.0885 0
216.491  354.015  312.514  352.245 3.38655 0.125 77.3281 0
279.516  487.965  193.516  490.967 1.21887 0.125 18.1405 0
240.485  287.685  280.544  290.956 3.55974 0.125 8.09435 0
206.549  270.467  246.507  272.358 2.86089 0.125 9.25868 0
206.5  367.417  244.508  367.31 4.99998 0.125 48.9162 0
183.79  115.509  178.668  287.535 12.0542 0.125 5.44458 0
196.388  367.854  332.371  344.305 20.1801 0.125 232.496 0
168.388  392.669  228.412  398.415 3.70625 0.125 25.2743 0
111.75  387.162  286.677  383.055 27.0911 0.0625 185.703 0
225.428  249.438  396.285  301.211 6.37987 0.125 7.58875 0
110.592  369.936  273.433  359.456 16.8316 0.125 531.813 0
295.493  326.28  175.543  329.909 3.84347 0.125 208.47 0
134.542  354.137  251.566  346.511 3.35931 0.125 38.0955 0
30.0475  295.85  216.42  264.033 6.3474 0.125 77.7659 0
