388
183.468  184.813  84.448  189.369 2.37798 0.125 175.538 0
121.577  227.698  105.534  226.149 1.31796 0.125 2.8173 0
253.502  83.7578  229.495  83.9731 1.21518 0.125 9.26472 0
219.258  25.5298  220.5  35.623 2.97755 0.125 9.26472 0
172.491  251.858  184.489  251.698 2.10666 0.125 6.42966 0
96.5849  294.978  72.4109  291.048 1.49274 0.125 17.2667 0
118.453  273.86  136.503  272.535 2.91872 0.125 25.5075 0
201.99  290.461  201.372  298.566 2.22217 0.125 3.72039 0
131.5  295.815  106.5  295.825 1.01016 0.125 8.23584 0
439.502  315.89  408.491  316.079 2.04884 0.125 41.6502 0
166.407  270.88  209.637  264.416 2.28297 0.125 66.8594 0
191.487  261.661  179.474  261.847 3.06136 0.125 17.2667 0
310.966  61.4474  314.115  29.462 1.80986 0.125 38.0378 0
54.4956  286.746  25.4966  286.915 1.16265 0.125 6.64198 0
522.889  320.544  521.376  299.437 1.9196 0.125 7.83855 0
287.894  66.4942  287.733  83.5022 2.04743 0.125 14.8636 0
180.351  67.5108  179.551  56.4242 1.99482 0.125 6.42966 0
323.889  20.442  322.366  36.4873 2.98659 0.125 19.3517 0
208.656  196.175  185.678  185.129 1.26498 0.125 10.1408 0
304.265  128.481  306.17  105.473 3.23721 0.125 36.347 0
407.582  315.528  340.55  309.902 2.1385 0.125 107.303 0
15.5003  279.713  3.49992  279.708 2.00449 0.125 3.1603 0
366.177  169.484  366.725  158.511 1.84782 0.0625 1.11411 0
306.265  103.477  309.765  68.4266 3.28323 0.125 67.1457 0
337.532  8.49578  336.473  0.503552 3.10534 0.125 5.08724 0
667.264  295.337  664.619  315.384 1.92765 0.125 20.8791 0
212.533  267.233  227.548  269.119 1.6153 0.125 3.31706 0
177.954  18.5441  176.657  2.48735 2.23516 0.125 6.61688 0
715.516  180.069  698.502  179.436 1.40784 0.125 7.33275 0
565.598  112.503  565.863  102.483 1.63123 0.125 1.01112 0
157.495  50.4309  135.46  51.8989 2.66029 0.125 27.8813 0
316.879  11.4885  316.545  0.468347 2.08989 0.125 3.31706 0
271.498  83.9354  255.498  83.988 2.02304 0.125 6.5569 0
438.304  46.5081  437.77  33.5301 1.45176 0.125 6.42966 0
259.971  97.486  259.758  105.507 2.18497 0.125 1.01112 0
203.001  304.525  203.906  322.53 1.59588 0.125 10.9451 0
445.587  252.504  420.429  250.316 2.81544 0.125 40.3817 0
507.894  9.56682  509.461  0.323865 3.45908 0.125 6.55695 0
69.2535  444.968  90.3546  435.186 1.68232 0.125 19.976 0
384.595  94.4927  385.75  109.481 1.68698 0.125 4.02883 0
285.629  371.689  294.564  365.593 2.2157 0.125 3.1603 0
56.0749  247.542  55.082  237.443 1.9904 0.125 4.62348 0
326.728  0.451732  326.039  11.4712 2.30802 0.125 6.86018 0
0.550503  254.205  60.6704  264.506 1.8266 0.125 78.0068 0
431.5  313.5  450.5  313.5 1 0.125 2.8173 0
225.282  246.396  221.043  255.282 2.31851 0.125 2.2932 0
798.506  191.744  761.497  191.928 1.99998 0.125 50.6636 0
409.5  312.5  429.5  312.5 1 0.125 3.72039 0
101.508  257.497  105.667  269.782 1.31258 0.125 1.01112 0
139.632  274.23  155.474  271.358 1.87614 0.125 6.64198 0
223.257  55.5492  225.089  64.5832 3.15259 0.125 7.51526 0
595.626  431.34  577.434  434.058 2.37593 0.125 15.0746 0
478.295  380.982  500.398  372.241 1.66543 0.125 15.4127 0
505.461  167.91  518.47  167.052 1.92985 0.125 7.33275 0
226.967  359.427  225.989  366.567 2.38844 0.125 1.91421 0
526.539  0.48679  526.667  10.5106 2.08881 0.125 2.43315 0
535.667  443.562  536.336  452.512 1.99443 0.125 1.01112 0
548.493  472.495  540.187  484.279 1.54101 0.125 5.52657 0
536.481  0.456348  536.84  8.52938 2.17592 0.125 1.91421 0
337.517  309.383  280.54  301.218 1.70834 0.125 67.3186 0
168.523  53.1932  158.579  52.4457 1.52191 0.0625 1.63941 0
626.818  328.859  641.394  313.34 2.64992 0.125 30.1068 0
502.841  109.559  505.094  96.4303 2.30939 0.125 11.3022 0
431.481  239.723  439.476  239.527 2.14694 0.015625 7.9756 0
192.089  339.532  188.692  296.564 2.02141 0.125 58.0597 0
285.326  107.482  283.152  128.464 1.81921 0.125 16.2936 0
299.142  418.522  298.281  404.452 1.56886 0.125 5.52657 0
559.013  0.443756  557.732  11.5268 1.64224 0.125 3.72039 0
498.505  519.507  489.264  526.173 1.30268 0.0625 4.02142 0
554.013  232.352  558.244  218.422 1.53809 0.125 6.42966 0
276.354  383.249  330.637  393.796 1.87924 0.125 68.6314 0
403.517  541.09  392.494  540.635 1.37056 0.125 1.01112 0
351.476  327.065  399.473  329.129 1.2678 0.125 32.4907 0
454.46  537.087  404.546  541.974 2.24116 0.125 70.5695 0
635.466  27.0245  646.549  27.7433 2.51357 0.125 12.7513 0
542.603  25.3476  552.524  26.2349 2.34836 0.125 6.42966 0
535.636  491.625  526.069  502.024 1.94283 0.125 8.23584 0
418.473  238.582  430.521  238.229 2.26316 0.125 15.4606 0
413.54  22.3112  426.525  22.7485 2.30176 0.125 16.3637 0
473.233  533.216  456.54  536.691 1.99804 0.125 15.4606 0
149.5  216.5  182.5  216.5 1 0.125 13.0822 0
648.731  213.497  648.495  194.5 2.09959 0.125 3.23875 0
575.622  433.867  564.402  449.429 1.79251 0.125 10.0068 0
523.501  153.475  508.485  152.877 1.39668 0.125 6.42966 0
556.611  34.5104  555.48  46.4981 1.37127 0.125 0.108034 0
388.583  540.133  332.507  527.467 1.98292 0.125 78.3886 0
608.456  220.132  593.43  221.913 1.86838 0.125 5.76976 0
303.498  105.986  285.498  106.049 1.05625 0.125 11.8482 0
211.877  304.534  210.79  316.526 2.44303 0.125 4.02089 0
236.331  54.2669  246.525  55.2394 3.1764 0.125 8.27934 0
361.626  202.642  347.756  216.769 1.58227 0.125 7.74756 0
434.507  166.932  456.501  166.594 2.09207 0.125 17.8297 0
329.647  526.05  303.502  517.494 1.57243 0.125 18.703 0
513.475  25.0631  524.553  24.4192 1.99663 0.125 4.62348 0
531.72  14.5071  531.592  0.490061 3.07267 0.125 25.3946 0
534.265  367.371  548.033  342.244 1.98226 0.125 27.4678 0
323.5  338.782  387.5  338.715 2.04053 0.125 99.4479 0
488.742  527.084  471.401  534.261 1.71959 0.125 15.4606 0
190.5  366.5  190.5  350.5 1 0.125 0.108034 0
354.825  157.399  352.569  172.51 2.37652 0.125 16.6464 0
324.862  433.476  323.18  408.522 2.39895 0.125 24.4483 0
229.497  53.5264  235.645  54.2222 3.09343 0.125 0.668085 0
305.748  421.603  309.39  412.871 2.46287 0.125 1.42765 0
300.286  214.57  301.987  195.454 2.9668 0.125 23.5811 0
490.504  254.236  451.511  253.703 1.51937 0.125 33.7741 0
206.571  442.386  219.65  431.48 2.17407 0.125 6.72138 0
96.5462  453.604  85.5023  458.505 1.62807 0.125 3.72039 0
286.938  511.376  272.754  505.848 1.04807 0.0625 0.463196 0
651.469  110.499  651.97  98.4779 1.29084 0.0625 2.8173 0
290.641  335.493  312.629  338.581 1.80796 0.125 11.6736 0
13.3959  94.9766  8.97203  84.7279 1.81645 0.125 0.668085 0
495.204  104.445  493.695  112.536 1.9661 0.125 1.01112 0
325.497  352.798  365.495  353.141 3.03416 0.125 70.4832 0
185.244  410.97  97.0788  453.63 2.32352 0.125 149.106 0
419.454  175.244  437.406  171.981 2.23613 0.125 12.5312 0
520.486  192.808  538.499  192.448 1.55954 0.125 1.42765 0
264.523  119.882  279.469  118.987 1.87677 0.125 5.97339 0
561.441  205.488  564.173  191.436 1.3907 0.125 3.72039 0
655.922  249.701  633.698  265.774 2.15589 0.125 23.5811 0
207.916  389.328  205.504  397.501 1.80832 0.125 0.108034 0
349.484  202.156  336.492  201.834 2.17289 0.125 9.13893 0
238.555  492.402  222.579  483.36 1.59241 0.125 5.69779 0
243.496  320.511  264.779  328.782 1.44881 0.125 9.26472 0
507.548  224.208  493.477  225.162 2.46851 0.125 17.2667 0
528.34  385.441  535.053  367.334 1.73806 0.125 15.4606 0
336.47  423.77  348.434  425.098 2.3186 0.125 9.13893 0
651.018  25.4215  649.54  34.5065 1.65291 0.125 0.108034 0
515.188  103.433  514.67  113.509 1.89465 0.125 4.62348 0
622.413  231.362  647.552  215.584 2.32477 0.125 20.228 0
347.01  218.089  340.175  226.227 1.77681 0.125 1.91421 0
506.493  252.914  497.494  253.017 1.09115 0.03125 4.66437 0
514.596  440.512  515.342  434.36 3.09847 0.0625 5.36474 0
365.804  370.686  377.097  361.028 2.50012 0.125 6.72138 0
520.671  412.546  524.209  399.422 1.48606 0.125 4.62348 0
466.036  15.8582  484.506  2.5087 2.2548 0.125 28.2592 0
519.129  420.578  520.111  412.701 2.60286 0.125 1.55013 0
287.421  84.4004  285.757  102.431 1.97657 0.125 9.96236 0
375.503  347.752  325.517  348.249 3.24848 0.125 107.125 0
273.473  316.643  289.477  319.626 1.28253 0.125 0.668085 0
524.814  398.359  527.297  386.253 3.11454 0.125 12.5312 0
18.1124  493.406  7.39493  497.203 1.72926 0.125 3.72039 0
394.569  431.566  469.512  426.689 3.15828 0.125 153.994 0
575.57  342.505  573.18  373.475 2.30187 0.125 32.0795 0
95.5004  538.03  76.4997  538.044 1.01232 0.125 0.668085 0
119.5  270.5  138.5  270.5 1 0.125 2.8173 0
440.576  227.228  433.342  227.98 3.08728 0.125 7.33275 0
53.5429  474.58  39.3198  482.162 1.70658 0.125 6.64198 0
622.592  340.592  631.601  331.602 1.41722 0.125 1.91421 0
631.496  118.935  649.495  118.798 1.13675 0.125 1.91421 0
529.274  278.15  508.978  291.24 1.86973 0.125 17.6988 0
35.1461  212.39  39.8546  197.299 1.72596 0.125 7.74756 0
214.514  203.793  189.495  204.065 1.97812 0.125 18.479 0
250.447  415.693  313.646  432.965 1.81545 0.125 74.6786 0
306.502  65.0793  289.503  64.9832 1.08476 0.125 9.13893 0
526.435  251.616  510.448  252.794 2.84493 0.125 17.6988 0
560.257  383.519  559.375  372.51 2.3933 0.125 10.042 0
446.516  463.109  425.551  462.249 2.8184 0.125 13.6322 0
66.4145  217.439  73.6279  218.096 3.62268 0.125 3.1796 0
543.983  437.5  543.99  446.501 2 0.125 1.91421 0
209.789  411.656  216.8  398.662 1.69055 0.125 8.23584 0
521.501  171.396  438.489  170.372 2.79019 0.125 142.395 0
574.663  240.473  570.884  217.437 2.4593 0.125 27.1072 0
20.0772  570.6  4.27467  578.02 1.70021 0.125 9.52392 0
347.389  362.849  324.462  360.958 3.4009 0.125 49.1353 0
504.122  460.948  512.405  449.432 1.85149 0.125 7.74756 0
90.5  203.5  113.5  203.5 1 0.125 6.42966 0
366.558  45.4959  365.28  27.5157 1.35199 0.125 6.42966 0
516.498  155.773  561.503  156.173 2.34653 0.125 48.3775 0
583.514  69.4663  583.857  59.4438 2.92989 0.125 10.4128 0
559.841  371.651  556.596  357.478 1.64426 0.125 5.08724 0
304.37  393.098  326.419  397.873 1.74303 0.125 10.8268 0
508.486  294.694  513.603  295.06 2.9212 0.0625 1.63941 0
589.511  71.5004  589.937  60.517 2.07603 0.125 1.42765 0
300.386  349.627  324.543  352.07 2.68286 0.125 29.6015 0
655.414  92.4672  671.552  91.1219 2.65766 0.125 17.6988 0
580.528  57.3975  573.472  57.6181 2.15525 0.125 3.72039 0
532.434  238.706  526.883  232.175 2.70478 0.125 2.2932 0
179.492  50.5011  176.81  30.4585 2.0521 0.125 3.73688 0
189.5  201.5  209.5  201.5 1 0.125 3.72039 0
562.496  72.4997  561.66  83.5121 2.22142 0.125 7.33275 0
563.59  321.606  547.972  334.879 1.86732 0.125 13.4748 0
287.348  256.203  302.484  248.469 2.19696 0.125 13.4748 0
549.228  448.419  554.03  432.359 2.87429 0.125 21.1621 0
274.523  69.6472  251.512  69.0397 2.39519 0.125 2.06313 0
321.242  164.388  322.756  174.462 2.66961 0.125 4.84021 0
299.355  374.694  332.595  378.72 2.91995 0.125 42.5749 0
334.487  278.187  396.467  275.689 2.79619 0.125 72.8988 0
627.969  40.5304  629.006  24.5327 1.99582 0.125 10.1408 0
507.491  19.6898  527.494  20.6291 2.18542 0.125 16.8351 0
405.539  485.313  443.547  483.49 2.37354 0.125 54.4764 0
276.406  387.96  262.377  385.105 1.36157 0.0625 1.11411 0
56.4463  222.361  66.4904  218.475 2.79788 0.125 4.8643 0
654.524  186.929  668.481  186.155 1.8309 0.125 4.20178 0
186.976  27.3568  189.238  34.8795 2.87303 0.125 0.57978 0
387.44  191.432  396.498  183.498 2.44371 0.125 4.84021 0
475.471  476.437  494.536  467.578 2.07035 0.125 21.5898 0
527.09  294.885  554.09  276.885 1.94156 0.125 34.5129 0
30.5974  137.16  45.5179  141.437 1.7944 0.125 4.84021 0
324.206  174.309  323.005  182.427 2.67516 0.125 2.43315 0
627.079  271.677  604.39  283.285 2.27735 0.125 25.3784 0
123.497  265.107  136.496  264.998 1.08429 0.125 1.01112 0
231.515  303.463  245.237  309.136 2.00826 0.125 3.28424 0
586.4  169.248  595.199  165.744 2.23641 0.125 3.72039 0
604.318  59.4514  605.031  71.4685 2.69834 0.125 3.42942 0
310.488  25.6508  290.492  25.9392 1.2883 0.125 8.23584 0
489.922  444.428  491.659  454.643 2.62222 0.125 2.34059 0
480.42  228.711  471.973  235.123 2.58135 0.125 5.76976 0
610.587  166.227  620.825  169.475 3.20798 0.125 3.0083 0
219.442  414.484  224.436  396.209 2.71999 0.125 16.068 0
436.208  93.2517  434.248  103.452 2.19124 0.125 1.42765 0
193.92  353.463  192.683  339.573 1.72601 0.125 3.1603 0
337.465  196.907  348.555  197.855 1.90756 0.125 0.563807 0
364.798  210.68  386.794  191.843 1.94345 0.125 23.6525 0
544.541  173.038  532.459  171.953 2.08142 0.125 5.97339 0
557.776  423.443  560.273  391.482 2.13427 0.125 39.8114 0
678.014  231.437  676.465  243.366 2.71748 0.125 4.94605 0
54.4974  140.907  83.4968  140.778 2.0621 0.125 21.8853 0
456.517  199.701  443.526  200.809 2.07775 0.125 5.97339 0
324.413  274.624  312.432  275.807 1.79378 0.125 2.43315 0
381.525  357.535  390.352  351.291 1.77205 0.0625 1.11411 0
333.271  465.417  345.741  468.538 2.9128 0.125 16.6464 0
471.625  458.183  446.724  462.728 2.95903 0.125 24.4379 0
531.608  171.58  521.48  172.107 2.99595 0.125 3.28424 0
236.447  435.638  270.754  448.841 2.58756 0.125 44.0104 0
549.002  135.504  549.071  143.504 2.03468 0.125 0.108034 0
664.508  132.251  691.511  133.171 1.23785 0.125 13.0822 0
798.5  160.891  787.499  160.901 2.00677 0.125 5.52657 0
246.493  118.684  259.512  119.196 1.35259 0.125 3.31706 0
236.081  394.517  235.433  378.462 2.44147 0.125 16.0854 0
290.514  23.7349  310.504  22.5646 1 0.125 3.72039 0
326.487  373.294  318.456  373.785 2.17915 0.0625 1.8894 0
446.544  1.94009  455.567  2.65487 1.83581 0.125 0.108034 0
669.497  182.885  684.499  182.917 2 0.125 10.4128 0
513.745  185.322  506.417  178.591 2.14943 0.125 2.43315 0
287.887  23.5208  288.802  6.51627 2.31956 0.125 6.21758 0
583.465  5.20503  595.534  5.79646 2.43811 0.125 10.1408 0
363.339  458.325  332.346  452.294 2.78021 0.125 48.5038 0
75.5104  144.723  90.5244  144.024 1.9513 0.125 1.63274 0
492.39  273.646  473.448  276.095 2.4964 0.125 15.0905 0
443.362  482.795  474.537  476.688 2.11455 0.125 38.044 0
471.42  235.249  462.381  238.126 1.90577 0.125 1.91421 0
314.486  372.584  307.515  371.411 2.30424 0.0625 3.99669 0
529.691  418.409  527.755  435.529 2.75637 0.125 18.4943 0
393.189  480.359  404.515  484.457 1.80017 0.125 1.42765 0
524.738  266.697  517.474  275.478 2.6828 0.125 2.45711 0
360.471  471.653  371.634  473.801 1.54883 0.125 0.108034 0
231.832  473.009  224.632  477.703 2.51313 0.125 1.42765 0
328.088  191.581  331.803  210.44 1.94735 0.125 0.672749 0
600.753  165.417  611.907  199.366 2.91813 0.125 31.5355 0
546.837  440.585  549.142  431.41 2.67051 0.125 5.97339 0
624.329  28.4841  622.842  44.5317 2.36045 0.125 13.6527 0
265.498  387.51  296.632  394.947 1.58293 0.125 16.8242 0
616.617  19.4994  616.675  31.4992 2.03385 0.125 1.42771 0
532.528  124.2  543.618  125.226 1.9915 0.03125 1.74564 0
202.953  12.5303  202.287  0.511783 2.27345 0.125 2.45711 0
360.701  0.488749  361.482  14.445 2.10866 0.125 6.64198 0
363.534  40.497  364.768  54.4763 1.25995 0.125 0.108034 0
486.495  281.192  494.502  281.245 2.02639 0.125 1.01112 0
698.503  186.536  681.516  187.734 1.92472 0.125 3.42942 0
98.4804  231.646  110.663  233.284 2.91493 0.125 10.0068 0
275.789  340.691  254.631  333.133 3.43168 0.125 26.8655 0
148.502  511.507  138.248  514.687 2.56916 0.125 0.182574 0
568.007  41.106  576.853  48.2958 2.95873 0.125 6.61688 0
369.328  464.353  323.571  455.148 2.16373 0.125 49.046 0
588.538  188.702  580.461  188.32 2.32825 0.125 4.20178 0
377.445  474.711  391.535  478.364 1.54162 0.125 4.20178 0
417.485  17.9745  425.509  18.2237 2.03009 0.125 0.108034 0
165.367  384.994  175.459  382.343 1.98349 0.125 0.668085 0
242.599  347.225  267.292  356.08 3.09014 0.125 31.6229 0
345.231  44.5459  347.11  55.5664 1.82628 0.125 0.563807 0
695.018  136.567  692.174  158.587 2.6239 0.125 19.6006 0
417.203  215.079  421.397  202.142 2.90593 0.125 13.3898 0
596.696  60.4977  596.828  71.5081 2.08377 0.125 4.20178 0
497.623  108.507  498.227  97.485 1.436 0.125 2.8173 0
608.624  8.51373  606.849  24.5387 2.87171 0.125 11.9302 0
331.589  452.134  296.47  443.623 2.62069 0.125 42.3967 0
548.503  122.304  530.507  122.038 1.20642 0.125 3.31706 0
545.5  20.9306  555.5  20.924 2.00396 0.125 3.72039 0
241.856  329.155  235.296  322.707 2.15155 0.125 0.668085 0
314.553  280.077  328.527  278.795 1.90024 0.125 5.97339 0
274.52  385.425  291.615  390.079 1.40441 0.125 0.670152 0
350.523  160.75  333.539  160.225 2.46308 0.125 1.07757 0
700.414  248.431  678.417  246.398 1.99152 0.125 6.62844 0
730.496  263.578  794.525  267.043 1.99708 0.125 43.8977 0
275.525  191.501  274.692  208.46 2.84914 0.125 11.2596 0
410.495  397.93  420.505  398.039 1.10909 0.125 2.8173 0
503.085  12.5229  502.655  23.5061 1.31215 0.125 1.01112 0
125.367  588.566  139.776  576.839 2.90407 0.125 12.6255 0
784.492  166.69  798.509  167.3 1.43382 0.125 2.2932 0
308.434  397.783  320.482  400.576 1.49663 0.125 1.91421 0
387.814  201.491  388.303  218.506 2.02785 0.125 5.89477 0
127.5  233.5  151.5  233.5 1 0.125 7.33275 0
548.887  258.747  555.152  248.915 2.38093 0.125 4.84021 0
566.445  51.9607  577.433  50.8401 3.08598 0.0625 0.426433 0
755.551  262.795  723.501  260.488 1.57185 0.125 13.7112 0
581.042  308.504  580.863  334.502 1.13775 0.125 23.5884 0
607.349  157.86  622.592  164.28 2.23135 0.125 8.29566 0
533.972  257.13  544.859  248.979 2.40154 0.125 1.99536 0
66.5917  203.195  75.122  205.758 3.3497 0.125 1.63274 0
301.284  497.064  288.058  503.607 2.21699 0.125 6.55695 0
653.483  190.161  666.501  189.511 1.39717 0.125 4.62348 0
481.513  460.552  459.646  466.077 2.43921 0.125 19.3495 0
590.492  230.958  608.503  230.682 1.27566 0.125 8.23584 0
264.277  350.176  245.057  343.844 2.88262 0.125 20.3219 0
312.495  213.791  327.508  214.072 1.20583 0.125 3.1603 0
268.565  364.284  246.463  357.622 2.59735 0.125 7.1185 0
407.516  198.88  396.493  199.33 1.32492 0.0625 3.0454 0
568.827  237.521  568.548  228.499 2.12271 0.125 2.8173 0
693.44  250.822  711.554  254.209 1.78212 0.125 5.78041 0
764.475  259.706  748.469  257.753 1.23485 0.125 0.668085 0
213.814  56.6546  208.378  32.5274 2.58349 0.125 18.6232 0
247.674  336.9  271.688  343.852 3.69048 0.125 33.8445 0
492.276  455.118  481.468  461.446 3.09416 0.125 7.6803 0
296.19  443.484  252.436  429.705 2.71915 0.125 40.0118 0
421.346  397.786  434.593  394.933 2.45117 0.125 7.40595 0
45.717  473.039  56.5678  468.668 1.85517 0.0625 1.55421 0
108.663  409.887  130.207  400.804 2.13184 0.125 8.12877 0
473.823  285.036  464.125  290.877 2.59588 0.125 0.989353 0
192.874  501.053  178.626  510.686 2.46189 0.125 7.2156 0
377.196  204.101  369.389  211.38 1.77729 0.125 1.42765 0
384.805  217.507  385.033  207.489 1.20439 0.125 0.108034 0
605.645  248.131  594.76  250.631 2.69998 0.125 9.26472 0
721.463  261.003  678.476  257.819 1.66207 0.125 28.823 0
688.51  231.402  706.524  233.267 1.5095 0.0625 1.50022 0
711.474  230.868  688.448  229.23 1.28532 0.125 7.74756 0
178.258  511.217  166.869  520.932 2.28238 0.125 3.0083 0
19.5352  276.32  7.60131  273.983 2.36742 0.125 0.182574 0
525.996  456.626  529.993  472.627 2.42665 0.125 8.50244 0
576.5  87.9144  567.5  87.9166 2.0012 0.125 0.668085 0
79.432  307.221  93.4955  308.548 1.93501 0.125 2.34059 0
527.795  447.462  527.47  453.552 2.31726 0.125 0.108034 0
160.65  558.74  171.71  551.836 2.43684 0.125 0.635488 0
292.548  293.117  272.515  294.689 2.9708 0.125 5.98075 0
453.775  305.214  439.039  310.897 2.87858 0.125 13.4039 0
533.299  483.849  521.496  487.488 3.45605 0.125 6.62844 0
310.589  492.746  301.915  495.879 4.02335 0.125 2.45028 0
318.523  490.585  311.247  492.572 2.89407 0.125 0.563807 0
493.642  285.698  501.106  280.346 1.91369 0.125 1.01112 0
616.551  36.3236  614.508  47.3157 2.2187 0.125 1.42771 0
226.495  65.99  263.501  66.3675 2.0815 0.125 20.2761 0
413.176  454.936  402.734  447.185 1.65581 0.125 0.563807 0
551.548  83.3422  536.483  84.1966 2.11004 0.125 4.94605 0
59.7522  134.617  57.2374  118.541 2.50028 0.125 8.65262 0
622.1  212.336  617.431  195.246 2.36684 0.0625 6.27542 0
435.422  304.102  420.413  307.058 2.94344 0.0625 2.58275 0
16.4281  235.842  0.300069  232.451 1.25142 0.125 1.55013 0
451.501  399.771  424.501  399.864 1.076 0.03125 1.5104 0
460.798  311.298  463.607  301.531 2.60673 0.125 3.13013 0
727.506  249.619  750.5  248.506 1.43414 0.125 13.6544 0
19.4832  210.073  31.5431  209.6 1.92008 0.125 0.670152 0
205.597  491.634  194.602  499.64 1.46774 0.125 1.55013 0
120.528  237.937  135.541  238.672 1.94871 0.125 2.45711 0
542.512  114.91  528.495  115.328 1.29719 0.125 5.52657 0
191.486  28.3264  206.499  28.5795 1 0.0078125 4.81217 0
565.279  395.27  646.8  316.811 2.784 0.125 134.975 0
271.203  449.659  359.318  472.21 4.05043 0.125 118.24 0
299.447  363.242  346.424  366.57 3.15025 0.125 77.2792 0
40.4666  457.426  174.717  396.982 2.25563 0.125 264.097 0
440.533  240.048  528.508  246.393 3.24099 0.125 179.119 0
798.572  264.162  125.485  227.77 3.69697 0.125 53.9541 0
648.785  349.899  611.388  394.406 2.38734 0.125 69.7667 0
676.636  262.024  668.884  293.594 3.59419 0.125 47.7087 0
28.922  481.395  80.3381  457.157 2.93319 0.125 57.9421 0
407.273  177.486  515.008  153.308 7.00731 0.125 25.136 0
326.445  406.166  478.607  381.152 15.1258 0.125 46.3038 0
372.827  6.49732  372.91  47.4992 3.03235 0.125 42.345 0
244.021  392.524  0.125518  494.605 11.0695 0.125 37.29 0
299.512  232.997  519.441  238.068 6.25195 0.125 16.4141 0
7.98929  154.657  31.5876  168.349 3.26778 0.125 23.562 0
57.4051  145.537  114.476  150.757 4.06229 0.125 45.9639 0
439.171  2.49712  437.76  163.625 29.9638 0.125 5.98962 0
72.3147  466.119  25.2614  489.009 2.16297 0.125 42.6076 0
320.514  324.294  643.407  345.892 2.9299 0.125 22.2004 0
571.21  171.388  522.601  297.693 8.18157 0.125 16.6396 0
93.3295  434.127  160.473  403.441 3.19755 0.125 121.194 0
621.686  169.232  635.135  178.587 4.31822 0.125 6.79795 0
677.492  260.779  710.493  261.731 1.28787 0.0625 25.8168 0
313.434  338.112  579.31  325.497 32.9629 0.125 34.4483 0
185.276  0.419427  187.991  26.5529 2.68666 0.125 27.5081 0
501.812  276.451  559.784  238.459 13.0417 0.125 4.65514 0
138.488  238.097  400.486  235.857 3.85884 0.125 60.5638 0
308.561  261.813  423.513  232.552 7.89366 0.125 13.5508 0
398.59  396.998  515.138  376.052 7.71973 0.125 64.5084 0
0.539922  475.591  264.093  359.748 15.6725 0.125 50.211 0
748.864  183.109  485.444  165.33 11.2662 0.125 69.6134 0
538.966  372.395  530.343  416.273 3.36364 0.125 53.3638 0
510.751  220.43  191.551  261.893 7.72683 0.125 36.2554 0
670.37  324.966  502.546  520.258 7.8064 0.125 278.421 0
