372
487.505  201.028  451.499  200.636 1.37003 0.125 34.4255 0
90.5208  424.235  128.522  427.218 2.1674 0.125 56.9471 0
428.831  281.449  430.861  294.599 1.75079 0.125 7.33275 0
404.434  222.39  397.417  290.491 2.16423 0.125 114.48 0
448.65  197.494  448.944  154.496 2.0136 0.125 63.3243 0
440.52  202.028  425.509  201.823 2.04081 0.125 10.4128 0
181.464  431.948  208.448  434.137 1.93887 0.125 29.1539 0
260.504  480.65  274.519  480.32 2.2111 0.125 8.29566 0
255.406  473.015  228.447  478.226 1.64964 0.125 25.3946 0
416.808  545.156  406.266  566.384 1.80917 0.125 11.723 0
378.054  291.673  384.248  307.598 1.19074 0.125 3.72039 0
451.46  276.153  429.409  278.721 1.85118 0.125 11.6737 0
11.4951  439.824  0.488491  439.904 3.03597 0.125 15.4606 0
207.483  353.787  198.488  354 1.16547 0.03125 0.245595 0
397.203  291.461  394.462  312.495 2.37088 0.125 26.0149 0
490.271  452.408  495.471  439.488 1.68578 0.125 4.20178 0
225.326  486.499  238.452  484.223 3.03629 0.125 16.2936 0
220.551  354.036  212.434  354.802 2.46074 0.125 5.52657 0
100.432  474.09  112.39  475.462 2.01942 0.125 2.2932 0
122.82  537.506  122.652  519.499 1.13914 0.0625 5.17742 0
96.5417  527.516  100.077  518.337 1.86633 0.125 2.8173 0
401.923  504.28  397.289  516.419 1.78336 0.125 4.20178 0
351.52  424.505  356.852  404.329 1.78859 0.125 12.6064 0
489.069  401.273  484.269  410.378 1.86516 0.125 1.91421 0
430.563  449.83  442.324  433.374 1.86151 0.125 15.4127 0
103.043  62.5657  100.888  47.588 1.41705 0.125 4.62348 0
185.491  351.899  165.495  352.208 2.13914 0.125 17.5383 0
58.647  399.592  43.5568  397.149 1.78611 0.125 3.13013 0
216.057  468.314  219.863  459.233 1.45793 0.0625 2.8173 0
230.313  388.235  220.339  395.272 1.53884 0.125 1.01112 0
148.225  541.548  146.683  532.641 1.80002 0.0625 1.8894 0
519.755  376.144  525.353  364.43 1.49304 0.0625 1.11411 0
283.451  755.514  293.146  790.598 1.73836 0.125 37.5566 0
175.491  349.366  188.502  348.531 1.44627 0.125 1.91421 0
247.397  357.722  219.511  355.374 2.98943 0.125 49.1826 0
244.4  483.015  252.467  481.343 1.79096 0.0625 2.8173 0
414.331  319.522  412.888  308.449 1.50844 0.125 1.01112 0
248.02  373.765  241.283  378.168 2.22126 0.0625 1.11411 0
450.369  152.455  459.247  126.414 1.76444 0.125 27.2007 0
183.487  423.628  197.546  425.046 1.69717 0.125 8.23584 0
78.1424  40.5255  78.9976  52.5358 1.71086 0.125 3.72039 0
136.52  360.404  121.165  374.125 2.03076 0.125 12.5219 0
448.524  426.419  466.707  431.802 1.52667 0.125 7.51526 0
54.6026  62.0136  71.6862  65.6176 1.49043 0.125 7.33275 0
269.755  707.437  272.734  719.442 1.46685 0.125 0.668085 0
507.456  371.495  505.565  388.507 1.76751 0.125 13.6544 0
402.843  453.578  404.035  463.556 1.63007 0.125 1.01112 0
463.365  404.4  479.102  383.205 2.01929 0.125 33.5224 0
206.515  349.365  224.627  351.32 2.7397 0.125 20.2102 0
114.868  535.707  107.588  513.471 1.32887 0.125 13.0822 0
317.086  550.992  325.925  543.793 1.89447 0.125 2.43315 0
26.4589  55.9397  41.4219  57.3369 2.36323 0.125 10.1408 0
457.027  299.369  441.274  305.961 2.46651 0.125 20.2155 0
393.21  183.443  391.044  194.41 1.75583 0.125 1.55013 0
341.952  439.78  351.165  424.912 2.1906 0.125 13.4748 0
98.5606  416.831  122.455  418.998 2.08484 0.125 23.0786 0
186.498  404.662  196.51  404.812 2.04486 0.125 1.55013 0
250.334  431.048  232.206  437.699 1.72217 0.125 14.5575 0
342.904  557.822  353.506  548.506 1.38926 0.125 2.8173 0
65.631  533.881  82.7122  537.498 1.89923 0.125 10.1408 0
316.633  469.531  318.773  460.331 1.88016 0.125 1.91421 0
400.495  323.512  422.436  333.639 1.6066 0.125 10.8174 0
327.159  543.792  333.863  528.661 2.1178 0.125 14.8636 0
165.54  453.867  176.408  452.669 1.6593 0.125 1.01112 0
163.086  68.4771  162.94  77.4909 1.96728 0.125 1.91421 0
236.406  372.381  247.563  363.58 1.52655 0.125 1.42765 0
240.488  287.851  262.496  288.618 1.89431 0.125 19.3228 0
351.5  223.5  378.5  223.5 1 0.125 10.042 0
133.497  500.809  166.504  501.169 2.10914 0.125 45.2625 0
170.5  447.502  160.477  447.851 1.99878 0.125 3.72039 0
364.473  341.289  350.455  340.813 1.89703 0.125 10.9451 0
444.5  145.5  444.5  165.5 1 0.125 3.72039 0
312.501  321.012  303.501  321.022 2.00556 0.125 1.01112 0
422.45  462.466  430.509  450.506 1.9291 0.125 10.9451 0
0.23957  58.4302  9.42552  56.194 3.1514 0.125 1.79958 0
333.277  170.891  352.619  163.826 1.62548 0.125 13.9727 0
164.504  496.329  141.494  495.726 1.41882 0.125 13.4748 0
139.498  453.135  164.497  452.987 2.09441 0.125 23.0786 0
345.697  597.384  333.423  576.545 1.52246 0.125 11.7388 0
368.5  328.631  344.5  328.675 2.0289 0.125 10.6259 0
232.499  351.687  243.503  351.728 1.04148 0.03125 0.245595 0
73.7611  443.579  82.6163  446.09 2.46968 0.125 1.42765 0
185.802  252.935  165.663  242.195 1.64729 0.125 12.6064 0
273.503  324.598  288.519  324.159 1.96993 0.125 5.69779 0
324.517  436.504  327.915  423.609 1.73152 0.125 5.52657 0
349.479  343.158  365.495  343.661 1.0309 0.125 0.108034 0
43.4958  137.662  24.4963  137.758 2.0804 0.125 19.0729 0
179.5  575.841  219.499  575.868 3.01409 0.125 93.1263 0
255.499  352.575  279.508  352.884 1.26992 0.125 8.23584 0
439.2  223.233  457.285  270.582 2.06953 0.125 55.8803 0
412.818  295.46  413.522  283.501 1.87891 0.125 5.52657 0
15.3422  102.827  18.4308  94.8609 3.00642 0.125 0.670152 0
118.5  520.5  118.5  535.5 1 0.0625 1.63941 0
305.499  324.535  318.517  324.891 2.0812 0.125 9.13893 0
488.5  232.5  488.5  203.5 1 0.125 11.8482 0
340.465  492.45  357.567  480.596 1.77419 0.125 11.7388 0
327.797  454.809  340.064  443.045 1.65041 0.125 9.26472 0
280.5  332.405  260.5  332.476 1.04646 0.125 1.91421 0
187.513  336.043  228.508  337.229 1.79669 0.125 45.12 0
87.4376  494.904  97.5064  496.459 1.44607 0.125 0.108034 0
47.5004  135.34  70.5002  135.393 1.0412 0.125 4.62348 0
279.497  338.013  309.502  337.812 1.19477 0.125 26.2976 0
500.365  298.781  502.833  282.4 3.06123 0.125 8.90742 0
0.502915  145.391  21.488  145.951 1.13298 0.125 4.62348 0
162.529  539.635  179.518  539.204 2.32912 0.125 25.3946 0
261.79  429.308  280.528  422.578 2.605 0.125 23.9554 0
441.512  206.453  450.677  208.813 2.96349 0.125 5.76976 0
72.4981  137.854  46.4988  137.712 2.11486 0.125 24.8328 0
203.534  296.446  191.513  296.875 2.10572 0.125 9.13893 0
366.584  526.577  351.263  543.283 1.90158 0.125 18.9395 0
144.488  185.258  158.502  184.545 1.55758 0.125 7.33275 0
433.353  244.55  442.294  270.571 1.80388 0.125 23.0786 0
196.467  308.268  222.512  304.587 2.4001 0.125 25.2926 0
343.065  394.238  349.795  383.075 1.72486 0.125 5.52657 0
457.798  197.499  457.83  175.5 2.01177 0.125 22.0015 0
120.858  375.144  116.714  382.619 1.84435 0.125 0.108034 0
241.466  315.154  256.518  313.683 1.69863 0.125 4.84021 0
41.3502  223.525  56.6047  221.182 2.05099 0.125 9.1425 0
34.1448  102.567  35.8483  111.623 3.13316 0.125 5.69779 0
297.318  244.781  283.801  236.034 1.23433 0.125 2.8173 0
92.7311  136.426  68.259  142.535 2.42777 0.125 11.4891 0
135.436  192.932  103.394  196.562 2.30555 0.125 20.8389 0
118.487  566.574  157.513  573.428 2.1286 0.125 48.6738 0
522.291  142.603  523.095  136.447 2.24211 0.0625 4.02142 0
430.326  207.774  415.234  211.39 2.02553 0.125 7.51526 0
0.246881  685.462  8.25801  683.508 2.44051 0.125 3.72039 0
271.502  282.653  258.49  282.861 1.20809 0.0625 1.61318 0
333.412  267.644  304.284  249.854 1.27721 0.125 25.3946 0
444.756  265.807  441.85  258.768 2.65458 0.125 1.55013 0
416.074  485.524  414.02  449.47 2.84998 0.125 49.9356 0
84.5  127.5  67.5  127.5 1 0.125 1.01112 0
260.778  144.227  251.563  142.212 2.93076 0.125 0.182574 0
284.418  528.394  296.312  519.256 1.52791 0.125 6.42966 0
325.502  281.961  297.499  281.846 1.10663 0.125 14.5575 0
22.5167  127.961  38.5323  128.457 2.12283 0.125 13.6544 0
511.287  198.45  512.467  169.539 2.87512 0.125 59.712 0
209.516  458.613  217.63  449.617 2.08214 0.125 4.02883 0
269.89  538.598  279.313  532.223 2.50926 0.125 4.02089 0
54.4882  545.528  71.419  552.692 1.94831 0.125 8.29566 0
183.583  467.249  174.473  468.255 1.65866 0.125 0.108034 0
390.509  210.987  366.516  210.572 1.36257 0.125 15.4606 0
282.52  242.47  289.012  246.717 2.54145 0.0625 4.20393 0
219.621  576.057  232.481  579.568 1.34064 0.125 0.108034 0
392.521  421.017  399.445  406.966 2.76864 0.125 22.0015 0
326.458  159.376  311.17  164.517 1.92079 0.125 10.4128 0
57.7547  192.482  57.3873  207.473 2.17089 0.125 18.1698 0
505.47  360.499  506.185  345.485 2.14033 0.125 0.113964 0
32.525  312.865  5.51455  314.713 2.08945 0.125 22.7393 0
480.604  381.579  490.494  368.495 1.82797 0.125 8.38953 0
329.803  200.515  329.636  192.518 2.12436 0.0625 4.02142 0
227.199  533.219  214.659  546.649 2.68146 0.125 20.2951 0
151.434  508.907  140.399  507.123 1.97436 0.125 2.43315 0
522.519  168.501  524.198  144.479 2.27397 0.125 23.6525 0
290.503  373.365  306.518  373.732 2.97629 0.125 21.3266 0
515.441  244.338  542.52  234.554 1.88099 0.125 11.8289 0
87.485  462.577  78.4376  460.822 2.34434 0.125 0.563807 0
121.228  280.678  107.396  259.568 1.2701 0.125 13.0822 0
209.497  431.547  190.518  430.237 1 0.125 1.91421 0
272.394  559.59  288.525  557.714 2.14854 0.125 11.7388 0
38.1127  529.753  29.7638  516.981 2.2538 0.125 4.24863 0
232.267  263.63  223.341  247.588 1.55047 0.125 6.64198 0
238.507  182.868  230.491  183.021 1.152 0.0625 2.8173 0
507.209  186.482  506.581  196.567 3.55365 0.125 12.5312 0
66.4444  124.956  85.493  125.684 2.03672 0.125 2.1969 0
222.502  343.86  192.499  343.763 2.07088 0.125 39.844 0
58.2413  415.828  67.4206  412.294 1.50712 0.0625 0.463196 0
400.245  406.244  409.773  396.769 2.15431 0.125 2.21377 0
419.518  487.434  420.993  465.466 2.99326 0.125 42.5904 0
195.483  168.172  205.477  168.423 2.17527 0.125 2.8173 0
310.515  362.238  302.484  361.765 1.73189 0.125 0.108034 0
45.4307  441.696  60.3326  446.973 1.55148 0.125 0.670152 0
474.811  147.383  477.492  154.503 1.51925 0.03125 1.71607 0
20.531  148.889  0.481122  147.872 1.84538 0.125 19.976 0
193.5  552.534  168.5  552.53 1.00151 0.125 8.23584 0
500.54  146.5  500.636  165.504 2.07597 0.125 14.3442 0
280.498  373.472  289.454  372.845 3.27202 0.125 6.5569 0
142.442  379.957  153.53  378.782 2.72608 0.125 10.9451 0
276.045  81.3473  281.07  66.3559 1.9017 0.125 4.02089 0
172.5  146.498  147.473  148.073 2.37301 0.125 13.2997 0
306.383  374.03  316.478  373.226 2.99054 0.125 6.5569 0
98.3008  348.182  68.2107  367.038 1.79644 0.125 27.8369 0
407.281  529.427  410.69  519.229 2.21892 0.125 3.1603 0
398.148  113.534  397.424  127.496 1.41285 0.125 3.72039 0
462.05  379.956  451.093  393.162 3.09525 0.125 2.787 0
479.244  344.313  485.137  336.235 2.79445 0.125 5.76976 0
194.506  569.509  205.529  562.546 1.69093 0.125 0.563807 0
246.423  560.295  234.6  564.766 2.80609 0.125 9.96236 0
112.5  187.491  123.499  187.576 1.02334 0.03125 1.31215 0
295.522  687.621  285.486  689.42 1.9686 0.125 1.55013 0
338.334  496.178  331.347  521.458 1.95184 0.125 28.2592 0
133.411  230.705  107.062  219.212 2.33077 0.125 17.4585 0
251.199  167.468  240.318  164.085 2.20673 0.125 5.08724 0
297.578  474.597  304.752  468.812 1.88322 0.125 1.01112 0
201.508  183.62  214.519  182.803 1.31126 0.125 1.01112 0
580.485  659.449  570.472  662.406 2.09217 0.125 3.31706 0
250.533  562.766  267.521  560.672 1.47112 0.125 1.42771 0
508.557  169.442  507.505  186.438 2.62367 0.125 16.8351 0
293.333  557.879  303.411  555.171 2.63761 0.125 2.45711 0
214.503  144.372  176.477  143.561 2.44512 0.125 44.8577 0
212.479  497.454  223.496  497.698 2.17688 0.125 6.64198 0
30.573  239.802  15.2597  243.507 2.68074 0.125 9.32668 0
125.465  504.937  108.494  503.569 1 0.125 1.01112 0
43.5545  34.2694  62.4449  38.7332 1.99972 0.125 4.02632 0
290.736  203.66  276.611  224.575 2.05619 0.125 11.0346 0
334.505  327.677  282.519  329.167 2.0565 0.125 64.1762 0
351.571  346.769  341.472  345.792 2.27951 0.125 5.52657 0
322.805  560.46  307.737  565.246 2.60121 0.125 2.96503 0
408.791  21.9699  392.616  18.8892 2.85367 0.125 5.54563 0
168.5  550.5  193.5  550.5 1 0.125 8.23584 0
306.5  285.5  323.5  285.5 1 0.125 1.01112 0
363.384  148.065  352.367  151 1.93258 0.125 1.42765 0
415.052  514.566  414.681  506.401 6.31201 0.125 4.71568 0
402.42  512.494  401.127  530.473 1 0.125 1.01112 0
178.419  256.675  191.783  262.892 1.26529 0.0625 5.17742 0
216.056  222.67  221.027  235.681 2.00497 0.125 3.1796 0
216.663  204.128  233.864  211.67 2.12053 0.125 12.5312 0
65.208  369.095  53.0399  377.861 1.75366 0.125 4.89868 0
196.676  536.003  216.521  533.678 2.80084 0.125 27.4678 0
220.413  491.745  196.499  494.492 2.24871 0.125 15.3546 0
216.79  193.858  206.982  189.432 2.73443 0.125 8.38953 0
439.119  341.067  455.244  351.882 3.03836 0.125 30.9873 0
473.047  351.117  477.677  345.65 2.40636 0.125 1.01112 0
62.7717  167.358  59.8377  182.371 2.00768 0.125 4.8643 0
195.584  501.848  206.435  499.231 3.18529 0.125 10.0068 0
234.222  564.711  224.699  568.066 3.05421 0.125 6.5569 0
460.377  353.892  471.528  351.638 3.12836 0.125 10.8723 0
108.097  243.842  115.464  252.53 1.94015 0.125 4.20178 0
267.363  236.404  253.313  256.369 1.66613 0.125 10.8268 0
284.223  223.306  288.214  217.601 2.95048 0.0625 0.937202 0
163.581  493.016  149.636  490.688 2.95906 0.125 6.21758 0
180.581  186.435  199.526  184.8 1.85623 0.125 13.6527 0
522.778  223.494  522.912  208.495 3.05345 0.125 5.54563 0
16.4949  86.5873  0.490839  85.6577 1.19415 0.125 0.668085 0
267.895  249.032  250.513  271.51 1.80309 0.125 13.7112 0
289.61  248.33  304.767  258.086 1.0825 0.125 3.72039 0
77.3654  487.025  57.3951  481.909 1.96139 0.125 14.2496 0
426.529  132.535  449.56  113.573 2.58883 0.125 34.6369 0
333.486  528.788  343.758  493.575 2.91955 0.125 43.9059 0
247.57  182.374  239.462  183.024 1.83365 0.0625 0.463196 0
375.475  518.53  375.092  505.512 2.08737 0.125 7.74756 0
556.574  229.786  548.454  228.939 2.50778 0.125 4.62348 0
264.351  123.632  255.433  113.56 1.58315 0.125 4.62348 0
87.6462  553.952  70.5306  549.385 1.54682 0.125 3.98429 0
331.205  233.492  334.252  238.646 2.94337 0.0625 1.11411 0
198.509  547.759  168.512  548.83 1.07073 0.125 14.5575 0
223.149  495.792  230.361  492.22 2.68831 0.0625 2.67151 0
142.638  301.096  165.343  295.825 2.69617 0.125 8.28782 0
160.762  246.837  172.167  251.343 2.42259 0.125 2.34059 0
221.521  184.668  206.504  186.532 1.3619 0.125 2.8173 0
159.379  211.697  161.661  201.536 1.73238 0.0625 1.8894 0
198.531  254.443  212.669  262.191 1.66959 0.125 9.13893 0
214.51  179.577  198.513  181.602 1.62002 0.125 6.86018 0
153.08  232.38  158.741  212.569 1.92327 0.125 7.6803 0
260.78  237.188  254.878  248.166 2.77477 0.125 3.60558 0
544.49  235.083  584.49  234.086 2.29833 0.125 49.2407 0
151.624  361.638  140.559  371.566 1.85063 0.125 0.182574 0
220.134  407.682  240.158  398.735 2.40859 0.125 18.5065 0
479.553  151.483  475.452  138.515 1.85812 0.125 2.27789 0
267.506  183.413  252.515  182.302 2.25241 0.125 0.635488 0
489.913  327.012  499.827  299.618 3.35816 0.125 29.2261 0
176.435  457.006  188.619  455.408 3.36477 0.125 10.0485 0
255.81  221.986  225.422  203.629 1.58616 0.125 10.7136 0
310.327  169.804  293.288  160.114 3.22151 0.125 24.4975 0
105.563  220.246  90.4991  216.503 1.70602 0.125 2.34059 0
92.461  560.655  108.458  564.668 1.69337 0.125 2.34059 0
164.498  190.477  144.489  192.389 1.70549 0.125 11.8953 0
217.25  270.96  197.611  260.296 1.18114 0.125 7.74756 0
598.596  228.929  568.464  230.96 3.40763 0.125 64.1762 0
225.145  239.638  231.807  256.77 1.96742 0.125 5.22771 0
246.915  435.435  257.586  430.693 1.6321 0.125 0.668085 0
297.159  213.195  281.095  231.138 2.11425 0.125 13.0518 0
368.336  287.567  344.964  230.311 3.17357 0.125 73.1089 0
152.465  189.156  178.5  186.501 1.4006 0.125 11.7388 0
199.567  543.22  182.53  544.817 1.61791 0.125 0.670152 0
256.142  156.2  260.493  165.503 2.60037 0.125 0.811332 0
147.079  255.706  142.087  269.709 1.35178 0.125 0.668085 0
331.197  269.996  320.515  263.476 1.41884 0.125 1.91421 0
197.955  478.772  209.668  459.199 2.56767 0.125 25.3066 0
308.409  247.654  325.379  257.704 1.40372 0.125 3.98429 0
439.373  301.194  453.439  295.353 1.69052 0.125 4.89868 0
162.893  208.628  153.772  236.589 2.0031 0.125 17.9538 0
202.517  326.059  182.508  325.289 1 0.125 0.668085 0
153.512  457.036  171.503  456.636 1.37794 0.125 1.50405 0
176.032  210.692  172.17  221.381 1.8018 0.0625 3.38535 0
189.431  113.125  198.493  111.463 1.7868 0.125 0.108034 0
237.492  179.691  254.498  179.803 1.9934 0.125 15.4606 0
384.186  137.823  404.91  128.227 2.80706 0.125 11.2844 0
405.5  279.5  405.5  262.5 1 0.125 1.01112 0
507.318  265.509  509.099  303.519 3.48075 0.125 52.5334 0
546.314  152.746  550.614  138.535 2.29212 0.125 4.41525 0
341.22  258.115  346.656  269.425 3.1371 0.125 2.1969 0
476.992  370.104  467.875  381.792 1.7664 0.125 2.27789 0
172.5  546.5  190.5  546.5 1 0.125 1.91421 0
394.829  129.51  395.313  113.494 1.42306 0.125 4.02089 0
381.5  222.5  396.5  222.5 1 0.0625 4.02142 0
478.278  358.484  477.455  369.571 2.54763 0.125 1.63274 0
100.439  224.747  111.501  227.497 2.90594 0.125 4.8643 0
502.978  225.501  502.95  215.502 2.01106 0.125 3.72039 0
213.663  253.163  222.972  264.918 2.67795 0.125 1.71933 0
205.522  190.129  181.488  188.704 2.35175 0.125 23.6525 0
376.566  496.505  377.769  481.442 1.99366 0.125 9.26472 0
141.782  257.603  137.113  270.359 1.62653 0.125 2.43315 0
508.728  211.491  509.252  225.509 1.4098 0.125 5.08724 0
265.242  533.147  236.339  554.28 3.26381 0.125 35.3886 0
220.519  570.395  238.464  573.698 2.58831 0.125 10.6259 0
347.874  172.49  348.179  183.509 1.24816 0.125 1.55013 0
224.545  203.418  212.374  196.729 1.53186 0.0625 2.03528 0
410.694  73.4892  411.312  84.5662 1.94123 0.125 0.57978 0
281.57  520.267  270.657  516.978 3.0562 0.125 7.45533 0
273.545  342.072  261.463  343.032 2.70645 0.125 4.24863 0
332.476  295.635  350.453  298.772 1.84463 0.125 2.79889 0
392.588  494.498  392.2  476.485 1.12903 0.125 1.91421 0
427.5  167.5  427.5  198.5 1 0.125 13.6544 0
579.504  217.531  591.561  215.973 1.24801 0.0625 1.63941 0
304.761  175.015  264.561  153.387 2.78611 0.125 38.4768 0
116.438  428.961  95.4872  431.389 1.64139 0.125 1.66757 0
134.574  118.545  127.538  118.002 2.22484 0.125 1.01112 0
207.158  561.297  221.475  549.47 2.07812 0.125 0.965818 0
201.481  538.36  176.533  541.742 1.57891 0.125 5.22771 0
532.473  253.09  505.459  254.893 2.86017 0.125 30.801 0
429.5  198.5  429.5  167.5 1 0.125 13.6544 0
433.208  319.982  439.457  328.532 2.29484 0.125 0.57978 0
135.665  552.084  126.556  553.035 3.1914 0.125 0.182574 0
454.049  186.426  452.717  194.536 1.64938 0.0625 1.63941 0
184.504  135.577  199.518  134.889 1.36519 0.125 3.72039 0
254.317  514.979  240.435  509.669 2.44472 0.125 5.22771 0
233.401  514.667  256.587  528.353 3.2473 0.125 25.1337 0
348.958  247.715  364.743  287.403 2.0695 0.125 26.6954 0
513.38  147.519  513.55  157.516 2.16956 0.125 1.50405 0
148.591  148.008  134.507  150.54 1.76986 0.125 6.86018 0
149.334  111.443  149.819  118.547 2.33601 0.125 3.72039 0
189.506  562.402  150.468  560.018 2.32381 0.125 36.6842 0
270.464  515.98  254.555  514.777 2.916 0.125 8.82632 0
377.485  216.285  349.412  218.208 2.69273 0.125 17.1572 0
400.554  217.068  391.446  217.942 1.32261 0.03125 0.245595 0
107.516  178.979  116.539  178.68 1.53155 0.125 0.108034 0
124.521  554.203  112.51  553.359 1.27819 0.125 0.108034 0
589.521  420.253  579.508  419.402 1.99283 0.125 2.8173 0
159.679  556.54  147.597  555.436 3.89242 0.125 11.9302 0
116.488  179.582  127.548  181.167 3.8177 0.125 1.57241 0
245.506  572.557  262.522  570.703 1.96879 0.125 0.888717 0
264.383  157.752  287.512  168.473 2.10277 0.125 12.4255 0
580.496  211.425  590.521  210.894 1.31641 0.0625 0.463196 0
25.7043  460.289  33.3276  467.678 2.11001 0.0625 0.380078 0
387.009  501.438  388.975  517.564 2.20293 0.125 1.15525 0
575.5  227.5  559.5  227.5 1 0.125 0.108034 0
319.5  332.5  304.5  332.5 1 0.0625 1.63941 0
144.43  293.507  216.497  288.454 2.08346 0.125 109.241 0
159.358  184.381  208.579  178.122 2.25355 0.125 38.0613 0
392.392  593.444  369.128  638.307 2.03829 0.125 69.3433 0
0.518669  122.017  107.475  126.151 1.83419 0.125 96.6399 0
249.572  554.598  324.243  499.788 5.5481 0.125 66.1321 0
263.511  334.993  382.61  332.228 9.85808 0.125 32.1897 0
99.6588  539.731  156.705  551.509 2.09758 0.125 73.4475 0
329.336  566.589  373.598  532.627 3.52269 0.125 94.4209 0
562.467  219.414  593.498  220.545 3.46093 0.125 23.736 0
160.461  574.182  263.467  580.081 5.19412 0.125 139.559 0
0.463096  471.428  225.465  480.374 2.68833 0.125 9.48524 0
444.012  168.518  442.818  202.581 6.9957 0.125 27.0315 0
304.07  174.32  113.471  190.152 10.128 0.125 8.02946 0
108.534  319.605  300.481  327.001 15.0274 0.125 16.0145 0
264.356  578.663  313.446  570.189 3.43757 0.125 101.145 0
353.036  163.163  376.352  155.073 3.16204 0.125 27.11 0
502.573  399.313  487.846  157.479 8.59306 0.125 2.65963 0
234.738  153.412  368.508  118.53 5.59519 0.125 3.34179 0
152.259  323.911  502.452  319.61 25.7995 0.125 106.435 0
192.496  289.759  333.497  288.945 2.23073 0.125 105.491 0
331.472  414.549  120.255  455.23 15.2604 0.125 100.245 0
186.83  508.474  80.9561  490.749 24.1703 0.125 49.8227 0
416.969  264.979  38.491  292.376 11.8965 0.125 51.8467 0
47.5475  441.122  416.466  430.328 9.58347 0.125 20.7012 0
373.213  281.095  81.5303  294.176 16.2527 0.125 95.0402 0
