224
557.542  339.536  592.519  341.079 2.5566 0.125 39.7641 0
284.671  349.29  281.332  362.457 1.7206 0.125 6.42966 0
247.765  297.499  247.789  353.5 2.0085 0.125 67.285 0
291.503  374.295  326.51  374.878 1.93309 0.125 44.3594 0
185.286  287.467  183.552  350.501 2.91634 0.125 123.314 0
209.21  292.491  207.258  354.461 2.86435 0.125 123.292 0
347.504  314.922  337.505  315.012 2.0452 0.125 2.8173 0
305.496  319.967  341.494  319.705 2.79598 0.125 65.539 0
327.5  374.494  358.518  376.162 2.51224 0.125 42.768 0
485.492  372.529  499.564  376.257 1.4788 0.125 4.62348 0
95.1574  71.4982  94.9556  109.502 2.10618 0.125 41.7112 0
252.5  365.5  252.5  320.5 1 0.125 26.2976 0
182.503  351.705  172.491  351.838 2.05271 0.125 3.72039 0
375.503  384.123  393.502  384.285 2.12629 0.125 18.1698 0
105.906  196.517  105.571  184.526 1.27905 0.0625 1.61318 0
372.533  334.853  363.426  335.711 2.46018 0.125 4.20178 0
499.484  375.117  511.463  374.614 1.91437 0.125 6.42966 0
216.36  314.529  216.908  298.48 3.03236 0.125 30.8131 0
94.979  111.49  94.5454  134.501 1.33892 0.125 9.26472 0
370.435  373.364  383.368  367.222 2.14505 0.125 4.11395 0
465.519  463.18  480.526  464.069 2.17382 0.125 5.7097 0
19.4027  480.098  5.26233  483.517 3.151 0.125 5.04378 0
98.4831  521.815  109.501  521.543 2.12271 0.125 4.20178 0
166.535  504.828  184.542  502.892 1.84939 0.125 11.3022 0
74.361  453.998  63.3722  457.038 2.35798 0.125 1.50405 0
510.506  334.731  493.502  334.815 1.99998 0.125 13.9727 0
321.496  386.473  311.41  387.836 2.11589 0.125 0.563807 0
489.55  358.779  505.543  359.886 1.85706 0.125 4.8643 0
110.002  520.578  120.607  514.848 3.39848 0.125 11.6737 0
127.532  507.601  143.506  502.518 1.94916 0.125 9.26472 0
299.498  391.936  272.502  392.015 2.02917 0.125 25.7106 0
118.777  509.184  103.113  517.796 3.06526 0.125 26.3785 0
302.664  437.217  313.487  438.603 2.74598 0.125 0.989353 0
414.471  429.778  428.427  431.212 1.81226 0.125 6.86018 0
547.519  364.804  518.573  366.65 1.95234 0.125 22.7393 0
195.532  512.823  173.549  514.994 1.30225 0.125 7.51526 0
281.496  449.537  299.409  451.385 1.9183 0.125 7.45533 0
254.462  384.358  228.442  391.283 2.18274 0.125 15.2249 0
161.5  516.486  186.51  516.975 1.941 0.125 20.4514 0
222.5  348.5  222.5  332.5 1 0.125 0.108034 0
181.351  404.844  163.369  408.922 2.21174 0.125 10.8849 0
474.431  568.78  459.595  565.116 1.47401 0.125 3.72039 0
598.662  600.548  579.535  597.292 2.30728 0.125 5.54563 0
334.435  480.712  323.541  477.368 1.48766 0.0625 0.736218 0
187.596  516.897  208.578  511.823 2.38213 0.125 10.2426 0
322.5  331.5  304.5  331.5 1 0.125 1.91421 0
502.465  561.439  516.52  561.955 1.88839 0.125 5.08724 0
241.319  308.468  238.679  323.531 1.91912 0.125 7.41745 0
569.627  365.818  552.479  362.612 1.84631 0.125 7.40595 0
140.505  758.931  153.504  759.048 1.09933 0.125 6.42966 0
334.5  314.5  319.5  314.5 1 0.0625 1.63941 0
577.978  659.668  573.065  657.474 2.83674 0.125 0.108034 0
317.437  430.803  335.487  434.564 2.89577 0.125 16.1788 0
554.841  534.783  539.511  527.478 1.50242 0.125 4.89868 0
269.46  383.349  258.432  386.239 1.68817 0.125 0.668085 0
552.573  372.016  578.581  375.965 1.73927 0.125 18.5634 0
97.5074  584.778  88.4879  584.686 3.04072 0.125 11.8482 0
248.503  524.274  271.484  524.605 2.33055 0.125 4.13716 0
192.5  311.5  192.5  289.5 1 0.125 5.52657 0
224.005  304.513  223.547  322.476 2.97355 0.125 23.7673 0
230.444  467.936  212.521  469.714 2.385 0.125 8.01974 0
541.446  368.916  551.545  367.986 2.08324 0.125 4.62348 0
267.508  454.527  280.54  450.634 2.0158 0.125 6.86018 0
554.494  545.582  568.565  546.649 1.84309 0.125 3.13013 0
268.522  509.384  283.732  512.284 2.61822 0.125 2.1969 0
195.344  407.077  153.823  422.377 3.16073 0.125 60.4233 0
295.313  446.498  307.451  444.236 2.58289 0.125 3.42942 0
506.773  529.715  496.301  526.073 2.17652 0.125 5.97339 0
256.454  515.831  264.576  516.947 1.57296 0.0625 1.61318 0
570.59  588.288  585.45  594.617 2.11282 0.125 13.0822 0
446.598  459.826  457.513  461.413 1.69138 0.125 1.91421 0
534.374  633.123  547.445  635.773 1.94676 0.125 2.27789 0
392.37  602.522  390.356  590.524 1.64844 0.125 3.72039 0
579.452  699.573  593.817  709.017 1.40808 0.125 2.2932 0
160.619  423.828  182.617  415.821 2.39435 0.125 15.6553 0
226.568  391.729  215.371  395.066 2.11986 0.125 0.670152 0
218.849  503.833  221.694  509.401 3.12649 0.125 2.8173 0
342.483  556.776  364.506  557.077 3.10936 0.125 13.5047 0
478.519  453.384  490.525  455.348 1.81232 0.125 0.563807 0
243.547  511.828  256.567  509.972 1.69781 0.125 0.563807 0
38.4947  577.757  21.5027  577.878 1.56379 0.125 1.19521 0
276.658  476.879  260.671  472.825 2.19824 0.125 7.45533 0
594.466  357.902  576.509  356.396 1.65879 0.125 10.042 0
267.297  430.136  286.469  419.444 2.33454 0.125 19.329 0
558.598  575.259  547.416  570.707 2.02464 0.125 3.1603 0
253.709  604.277  262.604  601.886 2.45066 0.125 1.42765 0
105.524  583.993  97.4474  583.61 3.3276 0.125 11.8482 0
191.5  357.5  191.5  320.5 1 0.125 19.0729 0
266.652  561.951  260.773  571.029 3.10968 0.125 3.60558 0
296.49  490.048  307.507  489.806 1.19728 0.125 1.91421 0
516.622  416.031  508.586  417.876 2.70013 0.125 4.62348 0
227.663  509.389  223.303  502.956 2.01092 0.125 0.108034 0
279.446  523.32  288.256  520.683 2.20273 0.125 0.668085 0
119.482  467.411  134.657  464.255 2.32618 0.125 2.45028 0
416.603  576.021  424.66  577.761 3.14349 0.125 0.670152 0
440.695  543.993  432.922  540.999 3.37321 0.125 4.84021 0
530.517  529.447  524.487  527.54 2.60726 0.125 0.108034 0
290.494  539.346  280.78  547.821 3.20656 0.125 0.834773 0
490.544  365.854  472.491  364.625 1.72362 0.125 4.94605 0
252.556  445.686  243.479  448.43 2.96098 0.125 4.84021 0
371.655  594.17  365.201  591.136 2.71488 0.125 0.668085 0
447.463  358.892  468.464  360.883 1.61352 0.125 6.55695 0
491.295  575.83  500.036  581.248 3.07672 0.125 8.38953 0
245.517  505.563  229.626  509.957 2.09197 0.125 8.27934 0
60.2708  509.073  70.1187  503.789 1.69803 0.125 1.55013 0
395.464  567.851  409.523  569.277 2.68202 0.125 4.41525 0
33.4929  513.685  54.5003  514.492 1.49798 0.125 8.25658 0
347.493  589.156  337.478  589.345 2.13187 0.125 3.72039 0
444.518  354.123  429.505  353.392 1.40034 0.125 0.563807 0
412.427  565.837  423.558  568.231 1.4718 0.125 0.108034 0
368.541  524.996  383.44  523.773 2.0751 0.125 10.4128 0
585.677  591.13  573.187  585.154 2.7451 0.125 12.6064 0
192.449  412.395  200.496  408.492 1.85342 0.125 1.01112 0
281.386  549.343  276.681  552.751 2.56951 0.125 0.108034 0
544.465  603.613  535.698  600.868 2.26541 0.125 2.43315 0
355.467  503.73  343.572  502.005 2.39474 0.125 0.182574 0
346.378  498.079  364.421  501.874 3.24294 0.125 16.6389 0
490.702  451.424  480.498  449.511 1.96575 0.125 0.563807 0
78.4965  581.594  60.4472  580.924 2.99794 0.125 21.0322 0
243.925  615.125  252.624  609.211 2.07598 0.125 0.57978 0
335.466  388.923  325.45  388.13 2.38853 0.125 8.23584 0
397.452  652.204  409.62  650.242 2.16575 0.125 4.84021 0
440.131  597.428  431.871  592.57 3.04189 0.125 4.02089 0
106.465  470.335  118.562  467.798 1.54681 0.125 1.55013 0
287.565  493.652  295.893  490.084 2.62602 0.0625 0.933453 0
507.693  541.926  526.575  548.277 2.55056 0.125 8.12877 0
519.833  518.661  532.434  523.667 2.0369 0.125 0.811332 0
522.392  578.625  530.436  585.574 2.82091 0.125 3.28424 0
65.472  611.95  89.5115  610.727 2.45471 0.125 23.5942 0
414.044  773.266  429.286  779.986 2.8818 0.125 8.43613 0
516.68  608.095  529.392  613.744 2.94469 0.125 5.04815 0
282.956  600.202  294.592  592.642 2.4729 0.125 6.61688 0
486.53  469.657  501.511  470.198 2.17911 0.125 0.989353 0
100.5  80.5  100.5  57.5 1 0.125 6.42966 0
524.065  527.591  518.216  523.957 2.92526 0.0625 0.441485 0
72.5975  462.72  87.3605  456.185 1.43852 0.125 1.42765 0
189.506  483.537  200.554  481.858 2.12753 0.125 5.08724 0
316.418  514.422  308.649  522.641 2.86705 0.125 8.27934 0
392.499  346.5  394.97  360.417 1.9692 0.0625 1.03392 0
395.514  378.287  408.524  379.129 1.60807 0.125 2.8173 0
419.49  522.53  433.524  527.432 1.64893 0.125 5.97339 0
531.89  610.841  524.514  606.476 2.58182 0.125 5.52657 0
344.493  518.86  354.488  519.067 2.02024 0.125 1.55013 0
522.811  775.357  517.39  763.551 1.5488 0.0625 3.38535 0
123.414  796.027  133.446  794.204 1.91524 0.125 1.55013 0
300.511  382.549  312.581  379.865 2.60339 0.125 4.11395 0
520.517  668.476  504.419  656.61 1.52712 0.125 4.11395 0
13.6055  511.573  8.24063  519.32 2.46637 0.125 1.42771 0
146.299  689.326  141.26  695.157 2.51275 0.125 1.91421 0
138.441  465.983  166.508  469.433 2.24555 0.125 16.8255 0
175.488  460.619  189.543  462.093 1.82883 0.125 7.74756 0
465.475  419.655  454.603  417.873 1.81353 0.0625 2.24793 0
506.718  586.228  512.207  590.616 2.81102 0.125 3.72039 0
547.169  618.349  535.397  613.764 1.65772 0.125 1.55013 0
461.436  549.72  441.126  543.779 2.55295 0.125 9.93503 0
123.505  614.182  137.502  614.399 2.09298 0.125 3.98429 0
430.614  695.107  443.678  698.884 1.51607 0.125 0.668085 0
568.36  710.768  560.847  706.837 2.6582 0.125 0.57978 0
530.399  588.682  520.626  583.273 1.73411 0.125 0.668085 0
528.538  617.422  520.105  613.309 2.28003 0.125 2.43315 0
41.5198  781.512  46.9829  772.803 2.75702 0.125 1.63274 0
135.097  702.03  126.448  709.44 3.3637 0.125 2.1969 0
425.726  547.97  434.784  551.834 2.50203 0.125 0.670152 0
588.593  696.478  581.338  688.717 2.96974 0.125 4.02089 0
337.384  474.725  332.21  472.065 3.15025 0.125 1.91421 0
525.546  788.728  523.181  778.814 2.91815 0.125 1.79958 0
131.346  438.95  141.399  436.138 1.81153 0.0625 0.441485 0
246.65  460.16  254.824  463.765 2.43265 0.125 1.42765 0
303.674  675.631  305.477  659.497 2.64828 0.125 9.46892 0
394.451  512.66  406.469  511.962 2.17058 0.125 6.86018 0
111.442  795.17  122.532  796.131 2.33791 0.125 2.34059 0
247.702  391.283  236.178  394.25 2.46422 0.125 5.69779 0
358.482  390.053  340.471  390.78 2.24056 0.125 7.2156 0
425.401  369.245  396.515  365.391 1.84893 0.125 8.90742 0
442.575  430.015  435.436  428.918 2.42059 0.125 1.01112 0
511.32  697.76  522.38  699.34 2.4043 0.125 1.42771 0
101.5  102.5  101.5  82.5 1 0.125 3.72039 0
206.619  404.323  195.561  405.924 1.8959 0.125 0.668085 0
280.573  671.359  264.7  663.116 1.84343 0.125 5.78041 0
37.4756  607.744  58.5648  609.851 2.68696 0.125 5.65958 0
456.503  570.497  469.542  581.45 2.38884 0.125 1.26606 0
88.4428  455.844  112.435  453.752 2.12018 0.125 3.97982 0
346.63  717.359  347.76  710.38 2.62123 0.125 2.8173 0
496.205  627.847  490.866  622.088 3.72022 0.125 3.42942 0
453.622  421.13  466.52  422.279 2.4359 0.03125 4.06792 0
364.486  572.185  374.511  571.736 2.54177 0.0625 0.937202 0
193.731  639.786  184.867  646.954 2.63032 0.125 5.69779 0
107.542  736.31  99.2827  734.482 2.49672 0.125 3.72039 0
273.54  611.99  265.511  611.364 2.91316 0.125 1.42771 0
283.865  469.203  267.734  464.668 2.50793 0.125 0.522954 0
360.478  477.278  372.458  476.082 1.89076 0.125 6.42966 0
364.542  245.576  377.445  238.402 1.5557 0.0625 2.67151 0
413.48  374.773  394.509  373.377 1 0.125 0.668085 0
589.817  761.321  575.55  749.44 3.0766 0.125 17.9538 0
28.5314  516.329  43.3981  519.056 2.58998 0.125 4.81925 0
49.4929  626.28  63.4783  625.827 1.93381 0.125 2.34059 0
216.057  343.715  217.487  333.36 4.23611 0.125 0.748889 0
297.511  620.401  283.467  618.788 1.67785 0.125 6.42966 0
457.723  672.634  451.716  682.63 2.57145 0.125 6.5569 0
57.5015  592.94  40.499  592.895 2.00781 0.125 4.24863 0
575.894  759.259  583.583  765.396 3.12607 0.125 7.41745 0
27.5113  570.578  20.2297  571.632 3.67222 0.125 0.811332 0
149.378  612.153  156.861  609.529 2.88016 0.125 2.2932 0
356.557  424.223  343.491  421.543 2.73782 0.125 3.0083 0
125.499  477.513  137.517  478.207 1.40204 0.125 1.01112 0
326.486  761.586  325.63  751.489 1.82385 0.125 1.55013 0
523.63  721.295  514.242  715.331 2.76056 0.125 0.398689 0
60.5902  479.733  51.419  483.291 3.15858 0.125 1.19521 0
216.142  782.45  215.206  770.523 3.98775 0.125 3.36209 0
327.51  391.368  312.518  390.26 1.29204 0.125 2.8173 0
357.639  581.258  346.779  575.015 3.09925 0.125 3.48034 0
460.505  412.127  448.506  411.978 1.12368 0.125 1.91421 0
411.728  767.815  409.204  761.621 2.48415 0.125 0.108034 0
517.284  463.554  501.339  460.283 1.38625 0.125 2.43315 0
217.89  650.133  214.617  655.571 2.91147 0.0625 3.0454 0
39.5415  570.661  28.4841  571.056 3.17656 0.125 10.8268 0
94.8761  139.498  94.6013  223.497 2.89855 0.125 147.526 0
96.1878  0.498226  95.9264  46.4967 2.19321 0.125 52.221 0
181.397  510.126  234.514  495.553 2.06458 0.125 24.2615 0
214.479  491.625  264.232  500.076 3.16063 0.125 63.1283 0
343.554  528.167  379.585  533.972 3.91616 0.125 22.0084 0
238.67  506.716  315.567  511.409 6.14819 0.125 5.42248 0
488.73  519.841  529.643  534.089 2.41964 0.125 43.0541 0
65.8296  486.261  105.922  478.754 4.97738 0.125 23.0597 0
