583
559.002  114.506  559.241  95.5093 1.17621 0.125 8.23584 0
612.821  93.5037  612.903  108.503 1.07044 0.0078125 7.39344 0
561.79  94.5006  561.748  115.5 1.03949 0.125 4.62348 0
395.249  317.494  395.977  284.488 2.46252 0.125 47.6367 0
401.195  414.505  399.711  323.48 2.73879 0.125 171.261 0
0.489978  66.6778  27.505  66.9077 2.02545 0.125 29.5612 0
539.461  139.371  404.485  144.066 2.01636 0.125 230.396 0
610.202  105.49  610.046  94.4922 1.12784 0.03125 4.32245 0
411.594  100.528  411.994  113.516 2.12215 0.125 8.23584 0
627.728  93.4927  628.083  104.513 1.25762 0.125 1.91421 0
308.732  105.519  309.002  116.512 1.22111 0.03125 8.8379 0
588.059  102.187  594.328  93.3774 1.39455 0.03125 0.197436 0
510.837  97.5077  510.976  109.506 1.11554 0.015625 8.87231 0
542.695  158.503  542.93  141.492 1.16575 0.03125 3.79603 0
291.508  279.651  251.41  281.882 3.38282 0.125 100.32 0
91.499  66.845  120.499  66.8026 1.0409 0.125 10.9451 0
401.455  144.426  354.454  146.413 1.91371 0.125 66.0336 0
692.449  107.136  703.373  105.6 1.70206 0.125 0.668085 0
760.496  89.7264  737.497  89.8384 1.10715 0.125 5.52657 0
562.457  120.277  609.505  118.639 2.13802 0.125 58.9399 0
178.523  285.76  163.476  285.303 2.3031 0.125 22.6853 0
352.478  146.665  341.486  146.953 1.23558 0.03125 3.18911 0
356.271  123.52  354.603  104.491 2.07966 0.125 21.7822 0
155.532  286.974  133.491  285.648 2.5369 0.125 31.3362 0
541.499  120.837  560.499  120.895 2.02766 0.125 14.5324 0
323.497  277.461  311.486  278.299 3.2016 0.125 20.8791 0
360.129  103.47  358.495  123.5 2.2373 0.125 23.7884 0
588.478  93.5762  575.485  93.8822 1.28228 0.015625 5.32203 0
465.706  98.5124  465.909  111.509 1.17144 0.015625 8.23584 0
102.534  182.498  129.537  183.409 1.89764 0.125 32.6193 0
158.395  179.513  156.884  167.452 1.73786 0.125 4.62348 0
523.477  250.331  508.478  252.334 2.37959 0.125 12.7737 0
156.309  162.521  155.44  154.507 1.53342 0.03125 3.18911 0
67.4768  384.077  265.484  373.216 2.23296 0.125 365.003 0
573.736  95.5024  573.773  107.502 1.03113 0.015625 3.55057 0
799.019  451.823  793.602  447.673 3.4122 0.125 3.31706 0
257.499  198.738  333.5  198.777 3.00409 0.125 189.259 0
369.619  376.733  356.478  383.456 1.44869 0.125 4.62348 0
523.257  171.649  532.372  169.05 1.78778 0.125 1.01112 0
383.297  428.451  384.043  440.528 1.74973 0.125 0.563807 0
345.574  387.701  301.331  404.041 1.9938 0.125 58.5572 0
611.5  311.5  611.5  279.5 1 0.125 14.5575 0
179.462  203.876  202.499  202.486 2.47823 0.125 38.0378 0
125.011  67.3781  127.655  78.463 2.22205 0.125 2.27789 0
609.5  278.5  609.5  311.5 1 0.125 15.4606 0
210.357  188.72  198.57  190.882 1.60646 0.125 0.668085 0
417.501  302.489  440.527  304.116 1.78358 0.125 15.1105 0
116.343  287.639  100.502  286.479 3.79549 0.125 30.1068 0
519.709  96.5066  519.817  109.506 1.0913 0.015625 5.32203 0
31.1874  224.23  48.1446  220.056 2.44998 0.125 12.5219 0
490.514  198.058  471.47  197.467 2.15425 0.125 22.6853 0
157.41  206.68  179.363  204.261 1.97976 0.125 24.4915 0
189.325  37.5854  188.38  24.5814 3.42707 0.125 26.2976 0
161.466  103.875  183.456  102.686 1.88914 0.125 23.5884 0
390.645  453.512  391.455  443.496 1.39969 0.0625 4.02142 0
616.5  290.5  616.5  316.5 1 0.125 9.13893 0
713.727  398.141  694.736  386.127 1.29333 0.125 10.9451 0
79.1746  297.187  87.9939  288.013 1.49752 0.125 2.8173 0
47.4549  54.1108  58.5378  52.8256 1.75629 0.125 3.72039 0
345.055  204.635  349.912  220.678 1.56336 0.125 9.13893 0
658.826  357.975  678.639  370.276 1.34928 0.125 11.3022 0
17.5113  166.397  0.496803  164.529 1.64872 0.125 11.8482 0
295.496  369.487  271.386  376.084 1.9194 0.125 28.1038 0
644.295  302.493  644.114  282.494 1.16285 0.125 2.8173 0
14.4948  231.461  0.346839  233.357 1.98229 0.125 10.9451 0
765.571  431.388  724.625  405.304 1.29937 0.125 42.5533 0
86.7317  235.521  75.643  232.896 2.22822 0.125 1.42771 0
93.5497  214.433  75.4413  215.397 2.14486 0.125 20.8791 0
245.512  369.138  254.509  368.962 1.11687 0.015625 10.042 0
640.5  268.5  640.5  291.5 1 0.125 6.42966 0
190.398  10.5756  200.386  9.47142 2.98184 0.125 8.38953 0
82.4868  377.719  89.4013  378.136 2.23716 0.0625 1.61318 0
481.507  208.034  486.506  207.965 1.05539 0.0078125 3.72039 0
29.4827  205.144  39.5076  204.656 1.38776 0.125 0.108034 0
373.128  332.376  375.94  346.611 1.78059 0.125 6.86018 0
392.32  323.441  394.4  352.507 1.92168 0.125 34.5251 0
396.154  368.494  394.991  439.508 2.08161 0.125 118.413 0
150.5  373.623  156.502  373.61 2 0.03125 1.71607 0
578.003  274.729  571.446  260.525 1.25739 0.125 3.72039 0
619.5  322.5  619.5  292.5 1 0.125 12.7513 0
-0.118321  257.125  7.36069  244.808 2.44282 0.125 6.61688 0
609.477  238.499  608.802  256.511 1.48615 0.125 10.4128 0
99.4506  276.463  108.014  264.88 1.7834 0.125 6.86018 0
673.1  359.501  673.143  310.5 1.04329 0.125 29.91 0
777.285  539.661  782.923  547.183 2.60115 0.125 2.2932 0
67.7563  309.673  71.6389  303.919 2.50695 0.125 1.01112 0
194.421  463.411  221.425  461.464 1.86038 0.125 30.8131 0
33.0051  362.119  42.8749  375.217 1.61984 0.125 6.86018 0
250.637  444.629  232.419  446.834 3.18735 0.125 30.9873 0
232.11  177.51  231.613  158.497 2.05151 0.125 12.5312 0
56.4971  189.5  57.8427  199.454 2.83897 0.125 9.52392 0
266.371  182.505  265.774  166.527 1.88651 0.125 10.1408 0
646.5  284.5  646.5  317.5 1 0.125 15.4606 0
783.944  351.501  783.862  303.501 2.07317 0.125 72.3552 0
386.019  447.277  375.409  454.364 2.21549 0.125 6.64198 0
35.9942  237.837  48.4516  256.532 1.38829 0.125 11.3022 0
194.174  89.5294  192.824  74.561 1.45282 0.125 6.42966 0
715.476  396.538  693.559  382.408 1 0.125 9.13893 0
593.497  273.5  593.615  238.5 1.04752 0.125 17.2667 0
727.191  340.493  726.789  359.485 1.35922 0.125 17.2667 0
226.58  448.055  216.545  446.249 2.14555 0.125 3.31706 0
787.178  362.49  787.675  397.512 2.35498 0.125 66.9957 0
413.5  149.5  432.5  149.5 1 0.125 2.8173 0
619.58  287.499  619.168  253.504 1.08457 0.125 15.4606 0
718.758  337.498  719.16  385.503 2.05856 0.125 70.4214 0
139.281  218.234  154.13  206.05 1.84362 0.125 14.5324 0
14.2956  185.489  13.5672  199.503 1.56961 0.125 4.02883 0
590.461  276.501  591.369  300.505 1.67946 0.125 21.1084 0
583.117  269.504  582.907  248.496 1.19944 0.125 18.0571 0
65.3683  275.155  45.2497  282.845 1.51114 0.125 14.5575 0
115.793  251.013  120.353  244.398 1.44684 0.03125 0.245595 0
714.612  392.322  731.727  403.141 1.24385 0.125 7.33275 0
691.21  459.801  703.424  471.579 1 0.125 1.55013 0
91.9664  278.544  93.3126  264.387 3.08119 0.125 23.7884 0
143.223  398.098  134.995  403.767 2.01354 0.0625 0.937202 0
783.808  394.496  783.718  362.499 2.09044 0.125 42.5533 0
771.42  346.482  771.69  360.516 2.2493 0.125 20.8791 0
458.492  208.927  480.503  209.317 1.21223 0.125 13.6544 0
60.711  387.717  41.4899  382.537 1.59566 0.125 11.3022 0
446.34  169.514  448.643  196.488 1.59164 0.125 10.8849 0
87.4056  129.038  95.507  130.46 2.4886 0.125 0.563807 0
718.65  308.499  718.899  334.506 1.21998 0.125 10.042 0
744.521  482.477  735.071  473.873 2.28435 0.125 5.69779 0
746.486  252.581  798.532  261.312 1.99806 0.125 68.2487 0
390.342  444.496  390.934  423.484 1.02779 0.125 4.62348 0
772.006  363.479  771.488  375.456 2.38639 0.125 8.63548 0
224.558  395.271  192.587  397.667 3.24149 0.125 59.6317 0
32.5071  176.676  45.5262  176.151 2.36102 0.125 11.8953 0
144.704  62.4861  145.997  81.5341 1.92769 0.125 19.976 0
174.074  493.535  172.595  475.492 1.91159 0.125 15.7549 0
259.481  189.987  227.451  191.177 2.18153 0.125 42.0064 0
706.596  300.497  708.331  362.505 2.3349 0.125 91.9486 0
14.5182  409.445  4.60388  406.184 1.60016 0.125 0.108034 0
50.456  202.687  47.9653  188.775 3.20229 0.125 15.9279 0
227.321  163.492  226.569  180.459 1.574 0.125 11.8482 0
591.56  236.503  591.052  248.523 1.21023 0.0625 1.61318 0
787.442  315.499  787.485  357.501 2.03979 0.125 57.1265 0
613.5  279.5  613.5  312.5 1 0.125 15.4606 0
252.472  393.183  233.445  394.88 2.88079 0.125 28.1222 0
369.279  297.752  360.611  324.536 1.81966 0.125 14.5321 0
449.624  288.403  435.599  270.423 1.6717 0.125 11.6736 0
498.461  254.076  489.445  254.905 1.71699 0.0625 4.02142 0
607.332  141.649  619.414  140.555 2.80752 0.125 0.113964 0
28.5364  100.755  21.5531  100.413 2.24171 0.0625 1.8894 0
144.499  426.502  153.533  428.338 1.57734 0.0625 1.63941 0
188.958  493.644  183.612  473.47 2.13148 0.125 19.5769 0
664.714  261.5  664.813  350.5 2.09321 0.125 146.409 0
437.884  279.159  448.184  290.78 1.00337 0.0625 1.8894 0
668.118  353.504  667.849  330.496 1.26893 0.125 23.7884 0
125.46  236.468  132.506  227.505 1.45883 0.125 1.01112 0
319.507  188.792  286.492  188.972 2.82055 0.125 38.235 0
0.49337  105.516  20.5056  105.647 2.10435 0.125 28.1038 0
391.5  420.5  391.5  374.5 1 0.125 27.2007 0
783.869  301.503  783.999  284.504 2.10656 0.125 11.8953 0
616.5  261.5  616.5  276.5 1 0.0625 4.02142 0
85.4493  154.079  98.5242  155.224 2.51581 0.125 9.1425 0
398.5  419.5  398.5  392.5 1 0.125 10.042 0
749.354  286.741  755.513  290.479 2.43034 0.125 0.108034 0
459.499  258.467  427.469  259.314 2.39144 0.125 39.2744 0
61.5419  399.516  66.5197  386.135 1.85221 0.125 3.98429 0
34.5377  415.339  21.5472  412.299 1.88525 0.125 5.97339 0
615.5  75.5  659.5  75.5 1 0.125 25.3946 0
716.074  482.979  729.287  494.739 1 0.0625 1.11411 0
738.768  301.502  738.842  330.502 1.06711 0.125 10.9451 0
726.867  360.506  727.049  379.514 1.97119 0.125 17.5383 0
54.4647  175.298  71.3012  172.36 2.61163 0.125 2.31447 0
9.68866  208.492  10.2151  221.512 2.11957 0.125 0.811332 0
18.1794  203.625  16.7005  223.515 2.73599 0.125 7.61537 0
173.428  427.337  192.295  419.034 1.90424 0.125 19.976 0
260.485  411.983  273.503  411.614 1.33972 0.125 2.8173 0
614.5  316.5  614.5  290.5 1 0.125 9.13893 0
771.691  401.488  771.454  417.514 2.19176 0.125 19.8225 0
793.66  397.502  793.88  381.491 2.0961 0.125 15.4606 0
149.555  398.88  168.592  396.137 2.53305 0.125 18.4943 0
240.497  454.468  219.496  456.463 1.84644 0.125 17.5383 0
676.446  292.488  675.692  360.502 2.58726 0.125 96.5248 0
700.96  286.502  700.602  375.5 1.33378 0.125 91.101 0
467.506  111.62  497.505  111.826 1.19194 0.125 0.989353 0
772.697  273.329  770.324  284.462 2.5816 0.125 4.8643 0
681.626  313.519  682.039  288.492 2.18144 0.125 31.7162 0
623.563  254.498  624.284  278.506 1.48008 0.125 21.7822 0
758.561  267.249  761.966  281.626 2.97049 0.125 14.2465 0
760.328  306.534  762.111  315.577 2.73591 0.125 0.670152 0
773.429  293.762  782.443  292.899 1.8004 0.0625 4.02142 0
797.856  282.499  797.983  337.501 2.05506 0.125 75.7258 0
659.511  411.487  644.408  398.608 1 0.125 1.91421 0
793.683  446.212  749.64  418.279 1 0.125 28.2592 0
626.403  280.499  626.731  258.489 1.04464 0.125 5.52657 0
57.4837  423.545  136.478  422.195 2.29028 0.125 130.341 0
682.401  116.421  708.532  115.178 3.80539 0.125 35.3868 0
747.02  370.5  747.023  401.5 2.00276 0.125 41.6502 0
767.693  374.514  767.554  366.499 2.10331 0.125 0.108034 0
797.921  345.501  797.623  432.5 2.22283 0.125 95.6528 0
757.736  315.521  758.041  297.492 2.13509 0.125 19.0729 0
283.5  189.495  272.478  190.116 1.44825 0.125 1.91421 0
624.155  300.499  624.178  311.501 1.02272 0.03125 2.8173 0
697.994  369.5  697.968  287.5 2.02453 0.125 134.668 0
382.492  246.324  401.498  245.452 1.86046 0.125 9.10874 0
709.461  116.828  721.536  116.125 3.40181 0.125 6.86038 0
589.579  366.413  616.405  390.605 1.1802 0.125 14.2465 0
141.545  99.3479  127.594  95.186 1.52999 0.125 5.52657 0
762.297  387.449  761.27  411.49 2.0835 0.125 15.2372 0
123.503  462.64  51.5147  464.184 2.8706 0.125 108.506 0
585.5  248.5  585.5  269.5 1 0.125 4.62348 0
585.5  76.5  612.5  76.5 1 0.125 10.042 0
354.419  465.232  374.411  459.205 1.82329 0.125 11.6736 0
707.819  366.494  708.076  379.508 1.99961 0.125 5.76976 0
202.539  458.126  128.512  462.698 2.28096 0.125 63.973 0
432.523  113.908  454.509  112.655 1.76917 0.125 13.3898 0
606.5  279.5  606.5  310.5 1 0.125 13.6544 0
783.85  411.505  783.754  399.498 2.07164 0.125 5.97339 0
30.7716  340.902  42.9406  332.673 1.92498 0.125 8.63548 0
671.5  74.5  697.5  74.5 1 0.125 9.13893 0
767.087  400.566  768.007  392.444 2.32472 0.125 3.72039 0
88.4909  488.703  102.505  488.808 2.00748 0.125 10.9451 0
0.454207  498.659  26.5871  506.198 1.62574 0.125 20.4514 0
546.476  263.676  558.512  263.924 1.99958 0.125 5.97339 0
526.503  210.468  512.439  209.158 1.27396 0.125 1.01112 0
300.56  478.365  311.615  483.24 1.61406 0.125 1.55013 0
793.148  430.456  793.992  404.483 2.38878 0.125 33.3658 0
278.595  450.336  243.48  454.323 2.28221 0.125 39.7286 0
557.739  359.271  538.709  365.173 3.39129 0.125 15.8867 0
186.587  397.048  160.584  392.062 2.30044 0.125 21.2531 0
226.481  481.289  240.545  479.989 1.82414 0.125 6.86018 0
368.5  84.5  386.5  84.5 1 0.125 1.91421 0
176.857  416.019  167.483  422.475 2.41618 0.125 2.34059 0
702.401  547.372  718.242  535.165 1.83125 0.125 8.29566 0
389.5  83.5  407.5  83.5 1 0.125 1.91421 0
2.50239  178.017  15.5021  177.957 1.0416 0.125 2.43315 0
58.4966  489.849  87.501  489.696 1.14796 0.125 10.9451 0
722.502  334.5  723.018  297.493 2.36244 0.125 52.4052 0
761.232  319.478  761.928  342.517 2.39179 0.125 25.2807 0
771.741  312.494  771.501  342.492 2.18433 0.125 34.6875 0
529.786  377.695  505.73  383.459 3.343 0.125 36.3572 0
700.5  73.5  753.5  73.5 1 0.125 33.5224 0
716.067  379.514  715.673  367.462 2.12956 0.125 7.33275 0
97.5004  104.567  116.506  104.448 2.08117 0.125 22.0298 0
410.272  242.429  418.758  215.268 2.14749 0.125 27.8813 0
52.727  441.504  52.6782  431.509 3.02926 0.125 11.8482 0
213.507  91.1295  195.509  91.3252 1.1848 0.125 1.01112 0
229.5  368.5  244.5  368.5 1 0.03125 3.77414 0
703.862  332.499  703.811  299.5 1.04686 0.125 15.4606 0
723.477  157.351  704.616  160.256 2.35615 0.125 19.8225 0
752.583  153.146  725.643  156.613 2.8478 0.125 41.7112 0
42.4923  205.821  53.51  206.086 1.24016 0.125 0.668085 0
324.471  129.159  347.514  130.184 1.86478 0.125 18.703 0
410.5  82.5  438.5  82.5 1 0.125 10.9451 0
268.445  477.071  276.472  476.763 3.1897 0.125 5.76976 0
418.779  183.525  418.323  170.506 2.31412 0.125 7.45533 0
798.672  146.782  754.662  152.703 2.87996 0.125 72.8891 0
39.8995  396.381  37.301  409.46 2.74764 0.125 9.98151 0
34.8741  499.647  46.3175  491.251 1.93669 0.125 4.89868 0
123.641  477.494  123.702  488.499 1.99997 0.125 3.31706 0
362.54  116.991  379.508  115.604 1.74883 0.125 5.69779 0
440.5  254.5  418.5  254.5 1 0.125 5.52657 0
467.494  335.355  519.483  333.11 1.96161 0.125 57.896 0
11.3368  398.864  19.4909  402.52 2.13993 0.125 2.8173 0
510.118  328.511  509.853  319.49 1.26395 0.125 1.91421 0
552.761  422.146  564.81  417.266 3.33214 0.125 8.01974 0
92.5052  456.005  58.4879  455.647 2.14734 0.125 47.0687 0
7.47561  262.422  28.043  256.03 2.9032 0.125 22.0813 0
499.323  385.987  463.458  398.38 3.00865 0.125 58.3887 0
121.12  490.543  119.861  479.459 1.87442 0.125 3.31706 0
20.8182  295.769  26.9597  298.445 2.75041 0.125 1.91421 0
114.664  83.4652  114.329  91.5345 2.24782 0.125 4.20178 0
316.445  130.241  323.549  128.732 3.14231 0.125 1.42765 0
604.632  139.759  569.495  143.452 2.46101 0.125 37.3174 0
614.384  465.225  604.457  469.397 2.08416 0.125 0.57978 0
3.45516  458.518  6.70237  466.812 1.49783 0.0625 1.61318 0
62.5087  272.12  58.5102  261.496 2.34487 0.125 2.34059 0
270.913  377.385  274.83  391.408 2.30825 0.125 9.1425 0
772.5  72.5  788.5  72.5 1 0.125 0.108034 0
133.503  400.586  95.5445  401.844 2.7273 0.125 60.5001 0
131.514  405.936  58.5243  408.264 2.60445 0.125 129.127 0
142.5  76.5  142.5  60.5 1 0.125 0.108034 0
270.541  395.988  196.478  402.245 2.67993 0.125 85.5812 0
454.486  201.667  506.488  200.797 1.96624 0.125 70.5729 0
492.5  251.5  476.5  251.5 1 0.125 0.108034 0
490.616  272.41  500.609  273.476 2.30696 0.125 4.20178 0
702.522  160.196  689.518  159.253 2.50105 0.125 6.55695 0
771.255  294.547  770.379  308.492 2.30968 0.125 6.55695 0
796.455  257.755  753.543  250.254 1.13722 0.125 27.3647 0
793.914  341.543  794.589  319.472 3.39612 0.125 24.8138 0
650.01  490.73  637.133  498.923 2.30132 0.125 2.79889 0
93.5001  98.4928  78.5015  98.345 2.11814 0.125 11.8953 0
522.502  116.39  542.495  116.763 1.05585 0.125 2.8173 0
130.53  290.648  117.511  290.183 2.21263 0.125 5.7097 0
152.5  463.5  167.5  463.5 1 0.03125 3.77414 0
418.726  197.475  417.521  186.498 2.31553 0.125 1.50405 0
650.446  322.496  650.525  342.5 1 0.125 3.72039 0
485.62  456.804  459.724  467.064 2.26292 0.125 25.2926 0
518.5  78.5  538.5  78.5 1 0.125 3.72039 0
469.432  520.359  487.152  511.781 1.88579 0.125 9.21386 0
53.1575  453.544  53.8878  442.526 2.19404 0.125 5.97339 0
59.878  321.342  54.0987  344.145 2.70248 0.125 15.6558 0
133.526  254.514  127.556  266.01 2.27012 0.125 0.182574 0
409.517  231.043  397.498  231.429 1.28859 0.125 0.108034 0
358.473  91.9101  406.509  89.703 1.68742 0.125 52.2112 0
7.48895  307.459  0.704556  309.267 2.64115 0.0625 1.11411 0
55.4494  256.538  51.9535  251.913 2.1985 0.0625 0.409064 0
115.515  94.8238  101.523  94.5059 2.22659 0.125 10.1408 0
388.535  115.862  403.494  114.437 1.42181 0.125 1.55013 0
467.247  319.487  466.503  334.5 1.39479 0.125 4.20178 0
607.5  310.5  607.5  293.5 1 0.125 1.01112 0
225.515  462.498  227.604  477.624 1.67477 0.125 2.27789 0
639.087  426.88  647.239  435.74 2.26668 0.125 2.34059 0
588.141  298.5  588.132  278.5 1.00782 0.125 3.72039 0
58.4976  458.758  95.4943  459.107 1.29239 0.125 41.6502 0
91.534  123.196  79.5138  123.783 2.33929 0.125 3.28424 0
314.496  118.39  351.518  116.96 1.99851 0.125 29.6564 0
53.4084  248.731  63.5033  247.528 2.86062 0.125 8.38953 0
651.277  541.148  639.82  548.429 2.61092 0.125 8.29566 0
415.649  311.645  430.546  314.235 2.48436 0.125 5.07047 0
15.7801  573.777  -0.134923  589.872 2.21282 0.125 25.1291 0
86.5091  401.732  61.4692  402.712 2.95861 0.125 37.2676 0
241.5  197.5  256.5  197.5 1 0.0625 4.02142 0
399.032  495.158  393.132  503.231 1.4874 0.125 0.108034 0
463.141  398.383  440.255  405.739 3.29814 0.125 33.0709 0
28.3449  256.187  39.1625  250.82 2.70105 0.125 10.1408 0
613.5  260.5  613.5  277.5 1 0.125 1.01112 0
109.479  506.107  221.53  500.054 2.07741 0.125 149.671 0
280.39  415.479  281.11  445.485 1.92745 0.125 31.3362 0
258.504  92.5786  285.533  91.0998 1.34143 0.125 11.8953 0
541.824  446.312  511.813  458.285 2.23293 0.125 13.6545 0
619.312  440.077  607.806  445.189 2.23375 0.125 0.811332 0
794.606  306.5  794.601  285.5 2.00322 0.125 9.46892 0
794.612  367.501  794.813  342.503 2.13658 0.125 10.8228 0
463.438  445.33  485.761  437.217 1.53811 0.125 7.55018 0
615.503  136.065  599.504  135.941 1.12406 0.125 3.28424 0
260.498  131.667  275.496  131.848 2.0604 0.125 4.8643 0
570.709  259.514  570.298  236.504 1.6601 0.125 7.74756 0
488.53  255.784  463.491  258.409 2.24585 0.125 31.3362 0
535.604  384.812  520.604  389.811 1.58213 0.125 1.42771 0
648.5  339.5  648.5  323.5 1 0.125 0.108034 0
95.4927  148.92  82.4966  148.694 2.12141 0.125 5.97339 0
281.069  170.506  280.888  156.495 1.16772 0.125 9.13893 0
341.505  120.022  329.496  119.894 1.12712 0.125 2.8173 0
552.51  25.5644  535.511  25.7192 2.13655 0.125 9.1425 0
197.507  96.7995  290.502  94.5822 2.16629 0.125 91.5025 0
617.087  165.634  613.181  153.603 2.49515 0.125 3.42942 0
687.779  246.938  667.706  243.347 3.16104 0.125 11.7619 0
394.452  159.085  415.63  156.615 2.40066 0.125 10.8228 0
526.506  186.295  496.503  185.389 2.08964 0.125 23.6601 0
139.49  471.301  184.47  468.936 1.89339 0.125 46.7699 0
214.5  465.5  205.5  465.5 1 0.015625 0.0172746 0
495.496  186.112  472.497  185.969 2.09966 0.0625 2.28005 0
459.565  467.663  438.354  476.133 2.97964 0.125 21.0329 0
745.279  263.165  734.175  259.478 2.53194 0.125 0.182574 0
40.5078  105.832  53.5007  105.528 2.11661 0.125 4.89868 0
195.489  468.017  213.503  467.623 1.30601 0.125 8.23584 0
521.585  404.785  534.618  400.894 2.10232 0.125 1.63274 0
103.819  194.446  106.217  208.548 2.49478 0.125 3.0083 0
118.526  469.984  105.51  470.681 1.94364 0.125 0.57978 0
104.5  465.5  123.5  465.5 1 0.125 2.8173 0
783.754  199.475  785.397  150.497 1.60876 0.125 43.2084 0
787.195  285.491  787.381  299.488 2.14585 0.125 8.63548 0
356.566  394.616  373.989  384.611 1.97078 0.125 0.216765 0
324.684  489.235  362.557  479.727 1.7286 0.125 42.5904 0
556.592  368.797  539.39  374.146 1.974 0.125 6.72138 0
629.5  283.5  629.5  255.5 1 0.125 10.9451 0
53.3468  537.342  17.7546  571.763 2.27469 0.125 53.5412 0
787.918  149.515  786.053  200.52 1.77944 0.125 45.6702 0
107.469  472.959  127.46  471.809 1.53728 0.125 8.27934 0
131.666  268.325  133.966  257.388 1.8017 0.125 0.668085 0
256.076  42.5296  257.19  58.4517 2.41374 0.125 0.672749 0
416.493  156.337  432.5  156.466 2.07284 0.125 9.26472 0
595.564  224.139  579.54  221.278 1.16019 0.125 1.91421 0
628.39  154.488  626.81  168.422 2.09991 0.125 9.52392 0
767.496  333.514  767.697  319.489 2.15719 0.125 15.4606 0
63.5308  237.837  43.5276  236.907 1.58004 0.125 10.4128 0
413.211  175.495  412.831  196.506 1.98162 0.125 18.9395 0
414.505  120.674  434.517  120.055 1.93718 0.125 6.86038 0
652.5  343.5  652.078  310.505 1.38383 0.125 22.6853 0
463.511  403.531  449.506  408.516 1.27744 0.125 0.668085 0
488.37  495.216  506.665  486.861 2.07713 0.125 9.32668 0
26.7759  598.755  52.1966  571.22 2.82618 0.125 45.2743 0
580.5  238.5  580.5  257.5 1 0.125 2.8173 0
687.553  158.685  665.638  164.982 2.75067 0.125 15.4348 0
622.5  320.5  622.5  292.5 1 0.125 10.9451 0
82.9833  556.925  46.0213  598.958 2.8871 0.125 78.4278 0
94.5  461.5  64.5  461.5 1 0.125 12.7513 0
341.892  539.174  314.011  555.379 3.33962 0.125 38.7766 0
614.5  276.5  614.5  258.5 1 0.125 1.91421 0
441.567  420.668  457.435  414.337 1.12664 0.125 4.62348 0
429.576  469.677  441.88  464.382 2.36032 0.125 9.26472 0
391.864  465.535  393.422  493.504 1.71896 0.125 25.1291 0
598.497  64.2281  617.497  64.2984 2.98149 0.125 8.92436 0
200.49  215.145  212.509  214.796 2.08607 0.125 2.27789 0
448.614  314.577  426.457  311.849 2.36655 0.125 2.787 0
442.184  464.856  451.021  460.524 2.17618 0.125 1.91421 0
453.422  479.307  491.269  463.931 1.99742 0.125 25.813 0
459.477  431.431  482.573  423.718 1.58566 0.125 11.6736 0
160.489  501.237  122.51  502.76 1 0.125 19.0729 0
286.526  498.21  254.496  499.381 2.48619 0.125 22.3127 0
552.346  170.494  552.122  140.495 2.11227 0.125 16.0242 0
581.526  66.6714  598.737  64.0718 2.90969 0.125 15.2372 0
652.033  283.503  651.932  266.503 1.10075 0.125 9.26472 0
117.5  453.5  75.5  453.5 1 0.125 23.5884 0
493.645  427.951  510.513  422.54 1.94019 0.125 7.45533 0
600.5  256.5  600.5  271.5 1 0.0625 1.63941 0
622.761  185.459  624.039  162.474 1.72045 0.125 6.41405 0
369.149  584.571  360.944  587.674 2.5781 0.125 0.57978 0
389.327  575.103  377.045  580.456 1.58573 0.125 0.563807 0
478.21  526.986  487.933  521.496 1.83754 0.125 0.668085 0
491.517  288.739  522.573  286.519 2.06622 0.125 22.1962 0
302.077  561.66  292.469  566.438 2.69127 0.125 4.84021 0
330.5  99.5  312.5  99.5 1 0.125 1.91421 0
64.5  420.5  84.5  420.5 1 0.125 3.72039 0
103.383  118.492  103.289  108.493 2.06568 0.125 1.55013 0
221.16  163.439  223.012  183.545 2.63359 0.125 28.347 0
502.488  316.917  483.496  317.318 1.27419 0.125 10.042 0
637.062  169.51  636.559  198.501 1.38158 0.125 23.5884 0
735.701  123.1  711.415  131.247 2.55592 0.125 29.528 0
16.3843  311.217  32.197  304.758 2.06013 0.125 10.8723 0
278.114  55.4779  278.871  76.4866 2.50268 0.125 6.50099 0
294.493  145.296  272.484  146.034 1 0.125 1.42765 0
437.617  475.719  424.954  482.477 2.58711 0.125 6.04281 0
491.331  467.067  471.261  474.888 2.38413 0.125 2.84349 0
639.506  53.4548  628.441  51.93 1.92589 0.125 1.42765 0
82.08  598.969  112.049  561.944 2.55481 0.125 56.2193 0
519.553  8.1076  500.497  5.52076 2.11634 0.125 13.3898 0
634.893  198.512  634.366  171.503 1.09733 0.125 10.042 0
20.4824  283.334  30.4764  282.277 1.77848 0.125 1.91421 0
440.594  433.713  450.802  429.18 1.62642 0.125 1.01112 0
477.872  550.241  463.486  557.472 1.8107 0.125 0.182574 0
664.365  242.243  647.381  239.154 2.77301 0.125 7.64561 0
56.7103  357.598  55.7004  349.475 1.61457 0.0625 0.463196 0
132.849  206.552  131.884  194.469 1.51614 0.125 2.8173 0
217.026  42.5312  214.651  6.49007 2.39028 0.125 41.4132 0
383.56  546.624  368.673  553.857 2.67293 0.125 9.46892 0
442.481  213.326  425.465  215.175 1.4262 0.125 1.42771 0
87.5  419.5  109.5  419.5 1 0.125 5.52657 0
310.375  446.507  311.13  459.521 1.2876 0.0625 1.11411 0
531.505  261.785  514.493  262.11 1.19078 0.125 3.13013 0
550.489  198.388  572.51  198.664 2.20028 0.125 35.7782 0
620.5  263.5  620.5  278.5 1 0.03125 3.77414 0
632.499  58.4962  615.404  60.7842 2.70819 0.125 8.43613 0
219.346  87.5052  218.81  71.4896 1.36743 0.125 10.042 0
678.5  390.5  655.5  390.5 1 0.125 6.42966 0
776.915  108.37  768.454  112.404 2.70797 0.125 1.42771 0
764.508  131.519  776.42  126.318 2.46532 0.125 0.113964 0
426.212  310.976  412.42  302.631 2.58839 0.125 9.32668 0
710.721  132.003  703.749  135.066 3.55104 0.03125 0.586935 0
575.497  198.276  593.507  198.062 3.03553 0.125 3.16994 0
707.64  157.974  729.505  151.518 1.74438 0.125 5.41095 0
218.557  69.4304  216.848  43.4771 2.40202 0.125 19.0687 0
440.57  487.651  424.343  495.161 1.59756 0.125 0.989353 0
501.501  183.098  529.501  183.058 1.04023 0.125 10.042 0
755.552  154.502  753.971  199.481 1.59673 0.125 29.5879 0
294.502  413.508  319.586  407.884 2.28848 0.125 26.2425 0
321.34  68.5818  322.121  60.5605 2.28141 0.125 2.8173 0
472.597  479.732  486.649  473.858 1.49658 0.125 3.31706 0
373.574  525.693  360.564  530.668 2.66452 0.125 7.55018 0
474.509  41.4701  459.443  36.6797 2.46801 0.125 4.02632 0
751.701  198.506  753.071  155.486 1.41322 0.125 39.3359 0
423.61  287.002  407.514  283.436 1 0.125 0.108034 0
467.645  504.799  481.731  497.976 1.88416 0.125 1.19521 0
0.493217  80.3757  27.4675  78.9042 1.83363 0.125 16.068 0
196.5  499.5  179.5  499.5 1 0.125 1.01112 0
200.499  138.287  232.498  138.138 1.1493 0.125 11.3022 0
227.029  77.5261  226.138  61.4646 2.27412 0.0625 3.6574 0
358.524  279.522  329.85  310.906 3.33546 0.125 65.7323 0
369.5  142.5  351.5  142.5 1 0.125 1.91421 0
440.501  318.495  456.476  320.675 2.7021 0.125 8.01974 0
596.987  175.495  596.828  191.503 1.14936 0.125 6.42966 0
329.34  311.317  288.873  346.785 3.37086 0.125 70.142 0
39.9046  427.693  49.3589  407.91 2.11607 0.125 11.9302 0
117.411  291.05  95.4766  295.381 2.36205 0.125 20.1801 0
226.139  58.5227  225.009  40.5308 1.99606 0.125 5.22771 0
620.5  293.5  620.5  311.5 1 0.03125 3.79603 0
418.5  140.5  390.5  140.5 1 0.125 10.9451 0
520.331  51.8415  507.412  55.159 2.21222 0.0625 0.189051 0
615.053  173.495  614.777  198.503 1.24254 0.125 22.6853 0
5.50272  284.703  19.5136  284.516 2.13343 0.125 7.41745 0
117.5  404.5  99.5  404.5 1 0.125 1.91421 0
220.485  93.1667  240.488  92.2446 1 0.125 3.72039 0
503.364  293.672  527.534  289.71 2.15176 0.125 9.15904 0
655.148  338.5  655.055  262.501 2.07867 0.125 79.626 0
55.4979  78.2327  90.4959  77.9633 1.21547 0.125 30.0487 0
129.309  197.515  130.112  207.451 1.91293 0.125 1.91421 0
177.5  500.5  162.5  500.5 1 0.0625 4.02142 0
188.48  197.334  215.453  194.105 1.23064 0.125 10.1408 0
215.51  498.364  198.501  498.562 1 0.125 1.01112 0
296.463  481.935  238.516  485.748 1.81175 0.125 39.8438 0
267.493  137.356  292.486  136.206 1.81412 0.125 0.0283223 0
308.502  460.5  308.611  446.501 1.03905 0.0625 0.463196 0
472.5  138.5  443.5  138.5 1 0.125 11.8482 0
615.485  53.9561  595.506  53.315 2.12725 0.125 13.3716 0
663.387  189.504  662.654  166.527 1.70074 0.125 11.811 0
728.075  158.492  727.343  198.497 1.27421 0.125 30.0487 0
11.754  234.915  0.187894  241.99 1.77768 0.125 0.57978 0
262.714  583.135  254.32  585.965 1.84283 0.125 1.01112 0
485.5  93.5  465.5  93.5 1 0.125 3.72039 0
354.42  547.334  365.318  542.119 2.35193 0.125 0.811332 0
701.42  198.498  702.167  162.493 1.72558 0.125 36.6673 0
705.501  200.441  724.496  200.762 1.13491 0.125 1.91421 0
64.4988  283.497  30.4766  297.443 1.80475 0.125 16.1264 0
64.4436  241.187  48.2486  244.105 2.87268 0.125 15.9358 0
184.454  70.5248  180.599  63.4463 3.11285 0.125 0.670152 0
647.586  73.3751  640.036  68.174 2.02538 0.125 0.108034 0
683.076  168.498  682.949  198.502 1.12738 0.125 38.0378 0
729.499  200.721  750.499  200.769 1.04838 0.125 3.72039 0
32.419  215.947  43.4746  214.327 1.56947 0.125 1.01112 0
146.496  293.534  131.492  291.559 1.72185 0.125 5.08724 0
725.505  199.5  725.538  159.5 1.01258 0.125 21.7822 0
104.5  64.5  119.5  64.5 1 0.0625 4.02142 0
379.243  358.493  379.558  347.53 2.20003 0.125 4.89868 0
565.489  125.818  600.512  125.276 1.48953 0.125 10.8268 0
650.067  168.494  649.685  198.502 1.267 0.125 24.6822 0
680.583  199.5  680.461  168.5 1.00393 0.125 11.3022 0
304.317  352.303  311.258  345.246 4.27775 0.125 1.26606 0
83.4977  495.354  54.4891  495.82 1 0.125 6.64198 0
595.107  194.518  594.276  176.51 1.09117 0.125 3.72039 0
612.728  198.511  612.4  174.501 1 0.125 5.08724 0
664.845  166.52  665.238  179.508 1.27168 0.0625 4.52603 0
112.5  418.5  130.5  418.5 1 0.125 1.91421 0
231.513  457.7  247.512  456.697 1.31077 0.125 3.72039 0
104.5  494.5  86.5  494.5 1 0.125 1.91421 0
407.495  274.453  422.641  272.777 2.32197 0.125 10.0068 0
58.476  498.972  86.5089  497.695 1.04251 0.125 7.51526 0
662.477  388.192  673.49  387.364 1.29698 0.03125 4.66437 0
611.469  118.324  756.526  114.461 2.65286 0.125 188.785 0
203.458  201.703  324.435  195.284 3.72944 0.125 242.685 0
466.49  87.1792  623.499  82.4701 2.149 0.125 170.627 0
456.46  97.4775  310.45  103.228 2.00515 0.03125 342.789 0
241.429  479.578  295.341  475.429 4.37213 0.125 118.127 0
348.463  127.738  427.491  126.085 2.97842 0.125 130.721 0
653.472  80.9524  782.484  78.6343 3.58615 0.125 150.237 0
726.803  263.457  725.772  327.504 3.91896 0.125 47.206 0
432.46  125.081  506.514  122.979 2.4315 0.125 107.009 0
465.493  249.253  524.503  247.611 2.94165 0.125 57.4482 0
602.155  356.056  404.606  415.851 8.92949 0.125 35.6079 0
443.562  269.158  622.965  277.451 22.9755 0.125 63.0956 0
690.755  285.499  691.086  355.502 1.31659 0.125 83.5174 0
461.543  213.722  508.484  212.059 2.66334 0.125 47.7886 0
358.581  129.249  661.815  96.4037 9.94185 0.03125 97.4572 0
376.764  472.565  645.452  370.375 4.27805 0.125 33.4446 0
245.142  512.326  287.202  499.521 2.99542 0.125 32.7903 0
370.851  258.03  489.679  271.979 10.925 0.125 63.4345 0
59.5014  119.795  780.533  116.254 13.0048 0.125 80.6185 0
534.535  258.726  356.488  250.78 8.99105 0.125 75.4436 0
320.411  407.235  355.799  395.394 2.20306 0.125 41.6804 0
510.311  294.322  689.358  457.655 11.5867 0.125 22.4495 0
242.481  199.992  345.267  196.193 13.1758 0.125 59.6343 0
746.461  303.525  749.152  417.603 9.85513 0.125 11.6801 0
685.09  284.525  680.856  386.14 18.4839 0.125 92.8091 0
637.683  333.497  634.791  146.526 6.20037 0.125 37.202 0
685.991  469.968  791.14  566.891 3.33128 0.0625 115.304 0
49.3688  489.837  87.4473  486.832 3.27944 0.125 55.0529 0
630.225  418.895  719.008  500.038 3.33377 0.125 161.95 0
55.4997  104.273  82.4996  104.232 2.03349 0.125 23.0352 0
26.4136  167.107  214.169  193.827 4.94261 0.125 36.9516 0
494.647  278.427  592.672  262.896 20.7413 0.125 64.5139 0
480.324  209.38  99.5683  173.769 5.98839 0.125 36.1338 0
599.049  319.747  713.193  402.922 3.02608 0.125 46.8685 0
541.07  277.559  779.703  433.189 9.90565 0.125 25.5444 0
374.022  214.537  549.66  199.355 10.0997 0.125 76.8784 0
192.548  95.4019  464.525  88.4747 4.57096 0.125 244.112 0
438.887  201.868  642.451  231.832 5.15246 0.125 24.9135 0
161.991  426.337  259.21  410.696 6.7648 0.125 135.325 0
270.352  391.146  223.476  396.285 3.07798 0.125 82.4303 0
478.491  453.176  120.502  452.011 9.05531 0.125 94.3123 0
341.497  85.1411  651.51  82.8238 5.62771 0.125 598.756 0
665.489  394.418  484.219  418.373 4.8435 0.125 14.356 0
751.603  278.559  746.824  367.464 7.09728 0.125 7.99839 0
588.763  223.619  587.203  305.968 30.9376 0.125 58.1903 0
726.83  142.56  798.708  120.167 4.8652 0.125 21.8293 0
758.928  411.506  758.058  323.494 2.99985 0.125 168.209 0
504.492  82.9489  723.505  79.8405 1.33167 0.125 101.736 0
51.4938  219.673  140.379  222.871 8.24655 0.125 2.51925 0
438.428  216.018  503.473  206.32 3.15785 0.125 13.9696 0
70.572  132.966  551.6  118.917 22.4939 0.125 189.933 0
634.771  396.363  741.907  508.068 10.7666 0.03125 25.6524 0
449.547  270.233  569.515  268.717 19.1769 0.125 175.865 0
221.707  485.511  375.692  479.163 19.0663 0.0625 87.9277 0
551.074  258.321  72.0217  289.512 14.7746 0.125 86.757 0
311.501  279.521  22.4138  291.402 3.379 0.125 409.484 0
479.247  449.835  586.649  408.892 3.44804 0.125 105.232 0
230.464  90.0259  735.528  77.642 6.83355 0.125 1328.93 0
86.4993  181.615  704.584  185.66 38.261 0.015625 60.5643 0
28.468  88.6238  677.501  91.179 17.9959 0.03125 239.355 0
731.472  89.4828  467.482  96.8583 2.89767 0.125 342.814 0
634.997  230.335  636.232  331.491 35.9363 0.125 121.613 0
