298
8.66555  266.573  8.42377  260.463 3.23493 0.125 3.72039 0
546.341  181.393  547.123  187.548 2.23613 0.0625 1.63941 0
8.78496  280.545  10.2259  271.457 2.44509 0.125 5.52657 0
544.688  206.493  544.865  211.522 2.03388 0.03125 2.8173 0
7.43641  243.371  4.5801  200.561 3.72483 0.125 103.458 0
21.5318  450.523  21.7541  440.483 2.99926 0.125 14.5575 0
546.154  186.554  545.531  205.501 3.2283 0.125 36.6673 0
18.1776  406.627  19.3313  400.468 2.51821 0.125 0.108034 0
548.633  154.499  548.673  161.505 2.02865 0.03125 8.8379 0
28.608  543.482  28.1148  513.49 2.44366 0.125 50.4371 0
548.228  161.49  547.495  180.5 3.11337 0.125 30.7418 0
14.5165  353.517  14.654  345.486 3.10227 0.125 9.13893 0
34.3891  604.582  33.9448  598.541 2.21465 0.03125 4.32245 0
552.742  104.444  550.074  140.468 3.21343 0.125 77.0805 0
11.6941  324.535  13.323  315.468 2.67579 0.125 6.42966 0
166.517  797.156  124.493  798.223 1.94856 0.125 59.712 0
16.4153  382.501  16.4241  375.501 2.00752 0.03125 7.33275 0
554.87  69.462  552.811  103.579 2.69324 0.125 45.6536 0
258.441  788.825  167.521  796.738 2.25627 0.125 161.202 0
44.8732  736.521  44.599  728.497 2.13543 0.125 1.01112 0
527.018  656.505  527.267  678.491 2.24889 0.125 24.4915 0
348.485  780.338  259.51  788.613 2.40863 0.125 168.496 0
567.365  232.489  571.503  179.5 2.08696 0.125 85.9016 0
376.497  777.467  350.451  779.99 1.79791 0.125 27.2007 0
520.859  516.531  514.245  593.478 2.18686 0.125 138.281 0
580.497  75.4997  581.381  63.4181 3.211 0.125 15.2144 0
507.598  670.459  506.964  684.476 2.26905 0.125 16.3637 0
21.0634  424.553  20.4687  408.501 1.88755 0.125 10.4128 0
506.755  684.342  499.572  763.507 2.62631 0.125 139.229 0
585.577  426.398  569.515  425.282 1.82961 0.125 10.9451 0
599.033  431.361  593.832  428.927 4.04684 0.125 2.43315 0
153.484  413.793  199.505  412.723 2.48724 0.125 78.3886 0
572.675  167.502  572.872  153.477 3.01379 0.125 22.0015 0
486.503  766.529  459.47  769.193 2.59312 0.125 39.8114 0
566.381  244.491  567.178  233.405 1.85145 0.125 3.72039 0
176.478  333.069  192.487  332.242 1.84261 0.125 5.76976 0
458.541  769.937  377.504  777.546 2.49654 0.125 137.06 0
575.652  129.51  576.182  121.479 2.92763 0.125 6.42966 0
370.104  285.389  372.087  260.467 3.02466 0.125 32.9504 0
141.5  414.666  151.501  414.675 2.00545 0.125 4.62348 0
50.4811  798.569  49.3295  781.512 2.19754 0.125 14.3442 0
220.504  345.195  201.494  344.916 2.07312 0.125 15.4127 0
571.848  176.535  571.522  170.445 3.1028 0.125 0.668085 0
550.357  27.4974  549.492  74.4998 3.2571 0.125 96.1526 0
358.666  293.405  360.011  267.475 2.67056 0.125 21.6687 0
422.543  296.306  420.714  305.341 1.96022 0.125 1.91421 0
544.576  396.504  545.67  376.455 1.88805 0.125 20.8791 0
366.579  272.515  365.037  280.602 2.90107 0.125 3.1603 0
559.638  0.441246  556.906  40.5276 3.15146 0.125 53.461 0
531.888  513.539  536.675  465.418 1.99543 0.125 70.4214 0
370.618  295.426  371.363  286.489 1.82699 0.125 1.91421 0
244.49  245.597  208.502  245.268 2.32908 0.125 67.3186 0
459.5  305.594  461.958  279.449 2.14434 0.125 30.1068 0
205.501  412.51  217.446  411.704 1.8607 0.125 5.52657 0
578.334  98.4865  580.124  76.3885 2.93701 0.125 32.1869 0
124.715  331.046  136.467  326.416 2.25519 0.125 1.63274 0
236.455  436.384  281.463  434.571 2.23278 0.125 55.2952 0
565.292  151.635  567.371  139.478 2.6199 0.125 9.1425 0
389.495  216.72  405.534  217.112 2.90131 0.125 20.7059 0
102.531  25.6785  66.5072  24.3106 2.88401 0.125 77.6121 0
391.499  295.763  406.502  295.814 1.04772 0.0625 0.463196 0
510.499  270.57  508.827  294.523 3.06236 0.125 38.2405 0
195.5  210.423  214.495  210.346 2.05692 0.125 19.0729 0
540.154  680.607  532.117  654.618 1.33921 0.125 19.0729 0
202.487  300.026  176.503  299.38 1.17367 0.125 10.9451 0
103.497  208.65  199.503  210.326 3.02969 0.125 206.056 0
519.302  670.488  525.11  577.476 2.67954 0.125 152.482 0
380.445  38.6664  103.452  25.5073 3.70842 0.125 544.715 0
504.318  297.445  504.792  304.547 2.75953 0.125 1.42765 0
536.95  462.504  536.831  446.498 2.07427 0.125 13.0822 0
260.525  393.439  243.51  393.883 2.18196 0.125 17.5383 0
554.362  307.495  553.61  326.504 1.43448 0.125 6.5569 0
500.5  713.5  500.5  729.5 1 0.125 0.108034 0
184.507  355.755  218.48  354.786 2.77072 0.125 55.6605 0
219.515  138.343  249.525  141.243 1.76491 0.125 32.6193 0
553.013  348.439  550.861  365.545 3.47592 0.125 26.984 0
412.263  295.454  409.595  309.326 2.56827 0.125 3.0083 0
289.497  213.709  323.5  213.598 2.10467 0.125 45.2807 0
284.867  291.522  285.458  281.439 1.87955 0.125 3.72039 0
2.00318  554.475  0.731916  528.489 1.85103 0.125 27.3647 0
91.4581  375.819  104.207  356.308 2.44485 0.125 18.6604 0
538.657  518.36  534.64  542.523 2.30342 0.125 32.2241 0
7.06222  615.523  5.69594  589.49 1.84002 0.125 30.8131 0
1.54979  309.492  2.99953  318.58 1.65996 0.125 0.108034 0
280.512  246.091  245.486  246.83 2.44235 0.125 65.0302 0
363.422  360.205  377.492  356.468 1.99331 0.125 7.51526 0
484.493  329.404  454.518  331.737 1.68368 0.125 22.474 0
372.493  337.64  382.518  338.113 2.32737 0.125 2.43315 0
517.416  683.484  519.369  673.474 1.58006 0.125 0.108034 0
570.696  17.5363  573.481  2.49656 1.60231 0.125 8.23584 0
31.3155  688.358  34.3005  705.535 2.78448 0.125 25.1291 0
582.5  423.5  567.5  423.5 1 0.0625 1.63941 0
10.7409  433.681  11.8593  444.566 2.9094 0.125 9.26472 0
380.534  209.834  361.533  208.855 1.63706 0.125 0.398689 0
2.78116  323.491  3.51941  346.499 1.38432 0.125 17.2667 0
312.048  99.5227  311.694  92.4902 2.19817 0.0625 0.463196 0
314.172  120.408  311.981  104.434 1.80593 0.125 6.5569 0
11.007  656.555  12.1087  666.432 2.20938 0.125 2.43315 0
105.832  143.46  108.019  161.558 2.49845 0.125 17.6988 0
33.4364  782.496  32.4117  798.621 2.99396 0.125 6.08364 0
21.0227  316.51  20.7221  301.496 1.22001 0.125 5.52657 0
552.042  0.453632  549.707  23.521 3.09742 0.125 22.023 0
562.313  732.591  555.501  718.5 2.70097 0.125 16.9572 0
28.4026  656.51  31.5962  687.49 3.08673 0.125 64.6494 0
548.765  376.519  547.355  396.49 1 0.125 3.72039 0
557.058  287.518  556.775  296.509 1.22024 0.03125 5.8276 0
586.06  13.5466  587.149  0.470757 1.66121 0.125 5.52657 0
200.486  342.921  183.505  342.347 1.10084 0.0625 1.63941 0
264.506  140.386  276.526  140.966 2.43165 0.125 13.6544 0
445.492  310.77  457.483  311.106 1.33541 0.125 1.55013 0
544.262  135.459  543.792  149.476 3.29965 0.125 2.84349 0
347.492  188.578  364.506  188.704 2.09566 0.125 14.8636 0
284.517  139.353  301.41  141.284 2.21422 0.125 8.29566 0
436.448  394.254  454.485  390.428 2.63808 0.125 4.56498 0
578.522  115.709  595.537  116.19 1.91431 0.125 16.3637 0
316.29  71.5352  314.952  101.52 2.20251 0.125 26.1757 0
192.518  204.034  175.466  203.366 2.07674 0.125 12.6064 0
328.494  100.206  345.526  99.885 3.20668 0.125 12.7682 0
239.5  134.497  220.472  132.818 1.78734 0.125 17.2667 0
552.185  393.549  554.271  364.555 2.00192 0.125 28.9949 0
11.7411  448.479  17.1435  509.443 2.58494 0.125 103.952 0
208.587  137.592  219.582  138.649 1.7038 0.125 1.91421 0
227.516  205.108  199.481  203.953 1.91598 0.125 13.23 0
504.5  328.5  488.5  328.5 1 0.125 0.108034 0
545.423  294.618  547.472  278.625 2.8486 0.125 16.7823 0
228.495  197.886  241.494  198.039 1.14047 0.125 3.31706 0
262.491  134.721  241.523  133.906 2.1927 0.125 17.6988 0
81.1816  397.36  85.5051  387.502 1.62072 0.125 1.01112 0
411.5  368.563  427.5  368.481 1.01533 0.125 0.108034 0
68.6267  313.885  82.4466  309.338 2.06161 0.125 0.811332 0
514.706  663.525  515.709  655.402 1.73981 0.03125 2.32684 0
36.3337  757.588  36.7743  753.423 2.3045 0.0625 0.409064 0
536.983  392.584  538.387  384.48 1.66834 0.0625 1.63941 0
432.504  366.149  402.497  365.805 2.34425 0.125 38.9409 0
417.554  373.722  435.471  369.38 2.23904 0.125 4.2626 0
192.453  182.243  234.538  184.891 3.25186 0.125 53.5234 0
308.906  359.294  317.611  376.444 1.8371 0.125 7.45533 0
187.506  364.426  209.516  366.316 2.50619 0.125 9.15904 0
449.473  249.248  428.464  248.476 2.81429 0.125 28.1222 0
540.703  441.517  541.534  431.42 1.82916 0.125 2.8173 0
543.405  158.489  541.57  174.508 3.09431 0.125 15.2372 0
564.726  121.521  564.29  105.506 2.18988 0.125 9.21386 0
37.2821  711.52  29.2734  623.521 1.1815 0.125 72.1774 0
410.095  119.535  408.663  143.569 2.1027 0.125 10.0249 0
470.503  382.387  459.484  382.066 1.26144 0.0625 0.463196 0
547.633  271.585  549.738  243.443 2.81497 0.125 53.5959 0
316.48  99.896  327.503  99.7578 2.94963 0.125 4.24863 0
358.518  355.036  366.543  354.76 2.92944 0.125 1.42765 0
515.493  761.53  514.43  796.498 2.87713 0.125 39.6846 0
5.0596  131.437  3.84923  101.486 3.22955 0.125 55.1733 0
54.723  798.519  55.0189  779.493 2.20194 0.125 4.81925 0
238.5  315.5  222.5  315.5 1 0.125 0.108034 0
344.673  132.484  328.462  129.722 2.18322 0.125 6.04281 0
2.99837  95.527  1.81628  73.5368 1.83608 0.125 21.7822 0
62.5141  372.733  41.4701  374.004 2.23761 0.125 16.7823 0
566.048  103.546  564.593  89.3877 2.19394 0.125 1.79958 0
143.516  202.773  127.479  202.413 2.2467 0.125 9.32668 0
554.003  210.534  553.244  199.449 2.26856 0.125 10.042 0
17.6708  511.49  19.2564  538.456 1.82045 0.125 31.7162 0
319.494  244.873  285.502  244.361 1.09026 0.125 15.4606 0
456.521  401.164  483.478  402.848 1.68436 0.125 3.73688 0
389.491  189.56  408.511  192.426 2.72274 0.125 19.329 0
46.4873  377.056  62.5028  376.597 2.14236 0.125 11.0177 0
87.1126  58.4338  88.2033  68.5321 1.66629 0.125 1.91421 0
222.439  509.961  254.592  506.315 2.23298 0.125 18.7095 0
215.496  307.047  206.504  306.98 1.52942 0.125 0.108034 0
258.5  430.009  245.5  429.997 2.00089 0.125 7.33275 0
302.528  136.275  279.386  133.429 2.24503 0.125 21.9297 0
296.529  132.314  255.426  125.981 1.5975 0.125 26.2407 0
565.948  88.5302  566.623  78.5083 1.36103 0.0625 0.463196 0
27.4691  599.503  25.2344  574.524 1.15841 0.125 9.52392 0
34.0728  270.609  31.0167  258.623 2.6406 0.125 9.1425 0
459.381  385.803  467.487  384.424 2.12522 0.03125 0.453541 0
570.434  35.361  572.246  21.4669 2.19897 0.125 0.398689 0
345.5  244.525  328.5  244.541 1.00781 0.125 0.108034 0
322.452  140.873  347.551  144.101 1.88458 0.125 13.5803 0
426.243  719.166  412.133  730.022 3.29338 0.125 11.2229 0
535.256  222.406  533.055  251.466 2.61389 0.125 44.7783 0
540.493  183.546  539.664  201.554 3.04283 0.125 26.3785 0
206.453  187.211  192.448  186.286 1.86383 0.125 4.02883 0
21.8392  537.48  20.4005  512.506 1.40094 0.125 10.1408 0
346.5  99.6899  377.5  99.6876 2.00225 0.125 30.5726 0
424.502  247.854  392.499  247.761 2.03195 0.125 26.984 0
428.45  178.078  437.559  177.002 2.33804 0.125 0.563807 0
456.496  351.449  474.474  350.139 1.55865 0.125 10.042 0
529.8  304.377  525.233  293.201 2.43885 0.125 3.28424 0
92.7693  140.271  87.7148  134.318 1.9736 0.03125 0.997046 0
232.5  137.5  250.5  137.5 1 0.125 1.91421 0
248.568  129.098  231.55  126.205 1.44919 0.125 6.42966 0
399.582  160.513  401.029  151.425 1.94707 0.125 0.668085 0
17.4297  256.513  11.3441  224.53 2.89934 0.125 26.6552 0
28.0031  392.535  26.6666  373.418 3.06244 0.125 16.0242 0
407.482  316.945  425.528  316.37 1.96713 0.125 0.388219 0
255.431  505.975  278.558  502.942 2.03158 0.125 5.04378 0
353.445  441.249  365.454  442.129 2.14085 0.125 1.42771 0
594.208  66.9709  585.958  71.5173 1.82374 0.125 1.01112 0
280.83  0.846813  298.387  9.72382 1.37375 0.125 4.02089 0
46.5908  646.615  45.9397  641.445 2.23424 0.0625 1.61318 0
32.9794  485.47  33.55  494.497 2.93094 0.125 2.34059 0
0.811114  387.477  2.28181  407.516 1.92144 0.125 10.0485 0
369.882  112.352  367.607  106.459 2.43843 0.0625 1.63941 0
21.3429  343.497  21.7756  317.488 2.24925 0.125 18.03 0
43.9322  494.53  43.3541  483.508 2.31156 0.125 3.1796 0
55.5389  115.384  41.5221  116.002 1.86604 0.125 2.2932 0
69.5174  344.392  81.5274  346.33 1.49656 0.125 1.91421 0
125.243  257.638  120.37  248.57 2.70845 0.125 0.182574 0
250.474  221.639  258.564  223.159 2.15028 0.125 0.108034 0
279.523  136.288  265.471  134.77 1.5313 0.125 4.20178 0
353.412  478.169  363.249  475.555 2.38578 0.125 2.2932 0
382.679  54.0646  394.7  59.0136 1.56679 0.125 0.668085 0
481.576  353.034  502.577  350.044 1.33908 0.125 3.13013 0
12.6708  551.485  17.1511  602.618 2.62418 0.125 51.9261 0
177.506  182.769  191.521  182.469 3.10626 0.125 5.83682 0
535.323  413.564  536.431  399.416 2.13138 0.125 11.3022 0
598.515  102.819  579.495  103.032 3.04464 0.125 32.4907 0
521.52  383.927  507.505  384.598 1.28594 0.125 1.91421 0
364.577  113.922  355.602  112.729 1.85081 0.125 0.108034 0
564.701  134.522  565.987  122.552 2.44866 0.125 6.64198 0
27.2665  679.523  24.3264  649.517 1.2677 0.125 12.5312 0
558.2  127.485  559.386  103.494 1 0.125 7.33275 0
86.2926  386.388  91.6091  376.559 2.49477 0.125 1.63274 0
517  438.548  515.381  455.489 2.04216 0.125 0.888717 0
570.215  112.522  569.134  98.6061 2.3812 0.125 4.94605 0
83.7489  48.4371  85.5928  55.7294 2.41951 0.125 0.668085 0
264.45  222.813  284.497  223.58 1.99854 0.125 0.522954 0
532.629  454.464  532.088  437.481 2.38053 0.125 22.0015 0
104.994  100.979  114.247  110.739 1.71515 0.125 0.57978 0
61.3612  119.743  53.2869  115.124 3.47548 0.125 3.42942 0
253.499  149.508  271.481  151.656 1.18598 0.125 2.43315 0
6.02456  638.522  6.95514  616.477 2.99733 0.125 21.0329 0
205.662  130.2  191.508  128.439 3.10049 0.125 9.63524 0
8.24277  202.451  9.23258  217.518 1.86459 0.125 4.02089 0
567.296  393.843  552.483  398.445 1.90997 0.125 4.84021 0
590.446  249.236  573.348  252.76 2.73632 0.125 11.2596 0
567.394  264.99  592.554  259.76 2.40389 0.125 24.4483 0
62.621  758.037  59.2784  764.383 2.71485 0.125 1.55013 0
465.493  355.652  447.485  354.84 1.31421 0.125 8.23584 0
176.497  220.59  219.517  221.95 1.8094 0.125 49.5504 0
588.266  377.088  580.068  381.74 2.46785 0.0625 2.03528 0
49.6968  679.657  48.2702  672.35 3.13602 0.125 7.33275 0
518.514  767.501  519.758  750.519 1.2166 0.125 3.72039 0
183.496  511.346  164.483  511.814 1 0.0625 2.24793 0
285.5  223.5  326.5  223.5 1 0.125 20.2155 0
510.068  504.256  508.824  511.555 2.9574 0.125 1.42765 0
507.489  353.312  518.51  352.661 1.41069 0.125 1.01112 0
521.226  779.499  521.173  798.505 2.99723 0.125 5.65958 0
561.569  82.5036  562.861  57.5187 1.99733 0.125 8.66593 0
587.445  148.824  598.633  150.713 3.62405 0.125 6.41405 0
572.515  415.515  581.355  406.36 1.56284 0.125 2.43315 0
130.496  417.016  139.503  417.09 2.49168 0.125 0.668085 0
498.337  631.502  498.634  652.498 2.12695 0.125 16.8242 0
527.035  786.572  525.416  798.623 3.23953 0.125 13.3898 0
30.385  785.475  32.3204  776.681 1.66819 0.0625 0.463196 0
414.331  72.0651  428.382  73.5865 2.90035 0.125 7.2156 0
235.5  496.501  220.471  498.249 1.27052 0.125 3.72039 0
438.533  6.0335  425.459  6.84065 3.36403 0.125 5.83682 0
488.498  75.6398  502.499  75.6217 2.99871 0.125 18.0571 0
431.43  69.2322  439.451  70.0042 3.082 0.03125 4.89495 0
544.709  212.44  525.557  464.428 3.33883 0.03125 866.632 0
549.349  399.487  524.183  698.557 2.0108 0.125 210.648 0
11.6076  604.491  19.3885  700.59 2.82881 0.125 142.446 0
120.494  516.372  191.477  513.016 2.18671 0.125 21.5579 0
537.37  202.404  511.4  780.54 4.23208 0.125 96.7919 0
553.106  714.66  542.115  687.657 3.26253 0.125 34.444 0
15.4802  524.584  1.07759  350.618 2.37475 0.125 56.0181 0
507.687  751.317  569.334  139.979 11.9984 0.125 1481.8 0
520.995  386.242  529.446  697.175 18.4978 0.125 207.182 0
154.496  333.065  524.501  332.023 3.04223 0.125 80.6386 0
25.6659  620.683  36.5497  729.595 3.58039 0.125 163.874 0
5.11598  350.474  6.13864  374.473 2.44382 0.125 39.1854 0
83.3639  705.057  65.6414  750.555 3.98189 0.125 65.6893 0
544.702  296.503  541.599  511.516 2.89867 0.125 51.0608 0
533.976  331.324  583.72  13.0654 16.2445 0.125 397.359 0
2.53931  409.498  18.1106  689.522 2.33004 0.125 17.3938 0
92.4738  331.267  503.502  332.861 12.9844 0.125 6.92817 0
-2.89299  284.742  29.545  739.139 19.3895 0.125 528.374 0
548.721  435.537  492.405  768.33 10.6789 0.125 343.329 0
512.874  588.347  502.649  764.218 8.09113 0.125 220.439 0
9.61854  159.499  9.74478  625.5 4.99106 0.0625 102.09 0
547.402  468.639  529.668  583.371 5.20946 0.125 169.96 0
23.3053  133.206  58.2665  127.948 4.11217 0.125 29.138 0
157.502  220.387  406.493  225.824 3.15212 0.125 70.3948 0
318.457  361.333  363.506  359.658 2.58944 0.125 17.4496 0
214.446  211.133  441.495  218.641 3.58314 0.125 322.539 0
52.6935  726.421  45.3563  615.51 3.23997 0.125 109.778 0
253.479  409.923  320.463  407.488 4.08782 0.125 123.222 0
103.514  419.694  242.459  409.918 2.85222 0.125 95.7982 0
2.26299  491.52  11.1856  595.527 2.50036 0.03125 124.453 0
6.83894  375.416  28.6789  724.676 6.0502 0.125 154.605 0
525.639  608.321  554.805  304.991 21.3247 0.125 516.861 0
556.929  193.462  516.959  798.464 3.43375 0.125 71.4249 0
9.42754  402.505  35.761  776.341 4.16539 0.125 378.847 0
13.7848  340.607  0.00892933  120.531 3.98454 0.03125 681.531 0
543.724  468.235  576.303  4.20536 23.6989 0.125 1261.32 0
7.5361  314.497  42.9974  773.616 3.12829 0.125 211.025 0
47.3033  761.604  35.3771  624.511 3.63575 0.125 285.162 0
97.5355  179.427  345.529  187.626 3.48972 0.125 296.126 0
46.5334  798.356  8.30651  258.372 10.6883 0.125 590.502 0
