282
12.2847  620.491  14.1083  578.483 2.08486 0.125 53.2833 0
147.625  554.542  126.591  551.799 1.85388 0.125 16.2936 0
276.52  537.641  267.418  538.913 1.42679 0.03125 4.66437 0
225.499  545.485  212.481  546.092 1.51118 0.125 3.72039 0
3.01131  85.5007  2.99051  71.4993 1.0208 0.125 9.13893 0
51.5107  258.249  97.5123  260.211 2.21127 0.125 58.7637 0
3.02935  122.501  2.99439  90.4995 1.03496 0.125 34.4255 0
3.10365  141.501  3.07547  129.499 1.02817 0.0078125 8.93122 0
78.4853  577.356  44.4312  580.824 2.10936 0.125 41.2603 0
25.7491  140.508  26.8728  106.479 2.59299 0.125 62.3353 0
27.6122  185.517  27.7038  179.488 2.09096 0.03125 5.8276 0
46.1538  716.511  48.7547  798.524 2.9034 0.125 191.778 0
33.0041  60.4917  36.2445  257.521 2.29892 0.125 392.049 0
448.526  355.555  465.574  347.659 2.01542 0.125 11.6736 0
434.166  358.859  445.279  353.075 1.84677 0.125 4.20178 0
364.554  531.124  326.49  534.389 2.44736 0.125 59.7786 0
549.596  521.081  534.47  517.632 1.59082 0.125 7.33275 0
279.445  495.189  267.468  497.32 1.61858 0.125 3.72039 0
147.355  539.371  170.362  536.424 2.18837 0.125 17.6648 0
259.423  541.483  234.567  543.375 2.05992 0.125 24.2437 0
40.8806  784.542  42.1989  772.467 2.09672 0.125 9.13893 0
373.516  591.289  348.582  589.414 2.16677 0.125 30.9437 0
433.456  661.505  411.455  662.471 1.60341 0.125 17.2667 0
393.536  527.857  365.421  530.728 1.90929 0.125 33.5224 0
399.436  490.018  416.547  492.117 2.47202 0.125 23.5884 0
346.37  658.114  326.415  653.902 1.65226 0.125 14.8636 0
294.937  598.63  290.303  578.545 2.09908 0.125 15.0746 0
584.612  526.847  554.469  521.681 1.6891 0.125 32.6193 0
335.599  570.165  346.532  573.391 1.24216 0.0625 0.463196 0
327.905  526.494  328.077  508.496 2.067 0.125 16.3637 0
7.54752  372.5  7.43352  316.498 1.00407 0.125 36.2316 0
429.471  591.169  444.532  589.865 1.73381 0.125 4.84021 0
14.7327  361.497  15.0525  386.506 1.31955 0.125 23.5884 0
498.048  325.575  516.525  316.551 1.48275 0.125 9.13893 0
297.528  616.058  285.513  615.3 1.31273 0.125 0.108034 0
354.514  1.63014  340.461  3.13463 1.88219 0.125 7.74756 0
285.309  508.524  283.81  496.587 1.61527 0.125 4.62348 0
326.407  493.589  346.504  491.544 2.39462 0.125 21.1621 0
298.419  611.524  295.446  601.516 1.52804 0.0625 2.8173 0
44.9996  668.484  44.514  683.5 1.25801 0.125 2.8173 0
447.545  524.036  437.446  523.064 1.79914 0.125 1.01112 0
310.056  581.504  309.981  572.496 1.07502 0.125 0.108034 0
470.388  345.255  488.695  336.929 1.82264 0.125 18.1698 0
461.417  337.366  449.592  344.649 1.63528 0.125 5.52657 0
498.547  578.626  488.464  582.404 1.40594 0.0625 4.02142 0
554.602  287.699  588.429  270.361 2.42451 0.125 46.5234 0
186.382  551.578  176.417  552.852 1.73014 0.125 1.01112 0
32.5  470.5  32.5  429.5 1 0.125 22.6853 0
130.5  256.5  161.5  256.5 1 0.125 13.6544 0
404.492  661.817  383.506  662.051 2.1227 0.125 19.3228 0
578.489  246.096  595.475  245.618 1.94293 0.125 15.4606 0
338.485  611.63  345.388  612.447 2.86169 0.125 2.8173 0
322.816  516.488  322.692  523.521 2.10624 0.03125 6.14155 0
82.5  257.5  119.5  257.5 1 0.125 19.0729 0
31.6755  778.506  31.9898  768.484 1.21897 0.0625 2.8173 0
520.434  305.217  533.422  302.167 2.0647 0.125 10.042 0
593.846  576.347  521.461  554.63 1.91631 0.125 83.8976 0
549.27  483.513  546.067  426.524 1.98517 0.125 85.7045 0
511.508  302.514  493.851  312.332 2.03803 0.125 20.2155 0
13.9901  335.494  14.131  346.505 1.14065 0.125 1.91421 0
204.519  726.221  135.505  721.422 2.60309 0.125 124.172 0
197.5  254.5  231.5  254.5 1 0.125 16.3637 0
440.421  342.354  431.378  347.276 1.5897 0.0625 0.736218 0
22.489  770.5  22.972  786.516 2.14979 0.125 17.2667 0
363.833  301.586  362.545  291.623 1.6324 0.125 0.108034 0
434.389  524.776  419.435  527.075 1.67285 0.125 9.13893 0
413.469  618.141  468.485  613.328 2.42815 0.125 83.6215 0
543.578  275.642  520.434  288.381 2.14596 0.125 29.5612 0
427.503  337.504  439.544  330.576 1.38938 0.125 1.91421 0
240.501  500.533  227.484  500.856 1.22282 0.0625 1.61318 0
296.148  545.421  297.643  557.605 1.84515 0.125 5.52657 0
9.44577  141.501  10.1699  180.506 1.50099 0.125 41.6502 0
23.804  511.496  24.9049  606.495 2.11575 0.125 147.985 0
377.5  660.848  360.5  660.843 1.0045 0.125 1.01112 0
350.464  613.745  362.355  615.489 3.08703 0.125 12.7737 0
362.51  616.335  374.588  617.088 3.05639 0.125 14.5324 0
74.503  625.524  68.349  626.295 2.85231 0.125 1.91421 0
164.5  255.5  194.5  255.5 1 0.125 12.7513 0
495.479  454.353  483.44  456.084 1.70154 0.125 3.72039 0
4.5  176.5  4.5  161.5 1 0.03125 6.14155 0
81.3672  0.390539  70.5344  13.5283 2.08452 0.125 14.8636 0
134.532  720.459  121.48  720.901 2.13417 0.125 10.4128 0
248.53  511.568  230.516  512.076 1.85828 0.125 8.25658 0
486.131  482.075  477.533  489.538 1.70975 0.125 2.8173 0
477.502  510.6  464.488  510.849 1.21028 0.0625 0.409064 0
521.594  476.551  520.409  455.505 1.82821 0.125 13.6527 0
552.481  486.983  524.482  487.996 2.10715 0.125 30.1068 0
154.47  584.244  165.552  582.939 2.68812 0.125 9.52392 0
582.298  254.132  554.443  269.396 1.86235 0.125 33.1122 0
364.937  378.639  402.307  354.204 2.31803 0.125 61.5567 0
33.5  520.5  33.5  499.5 1 0.125 4.62348 0
34.5  584.5  34.5  550.5 1 0.125 16.3637 0
351.665  508.331  363.298  519.706 1.39823 0.125 1.42765 0
43.7971  606.497  43.7351  621.501 1.05777 0.0625 4.02142 0
268.569  730.463  205.514  726.285 2.65687 0.125 92.2772 0
507.769  552.419  515.015  576.344 1.88686 0.125 18.4943 0
595.526  551.395  549.565  540.232 1.77716 0.125 54.4884 0
344.327  363.528  342.702  353.631 1.48738 0.0625 4.02142 0
70.636  15.3726  82.731  28.2836 1 0.0625 0.736218 0
465.529  314.55  488.849  301.105 1.99788 0.125 25.5075 0
491.347  298.24  505.669  289.787 1.68006 0.125 10.9451 0
440.579  593.652  418.545  595.154 2.24467 0.125 28.1038 0
318.73  583.44  312.451  559.253 2.54941 0.125 20.0478 0
404.528  312.499  406.141  343.519 1.84154 0.125 38.9409 0
418.376  459.981  403.511  463.547 1.75095 0.125 10.042 0
439.868  330.458  465.242  315.074 1.86506 0.125 32.7342 0
555.081  420.522  559.814  511.536 2.18119 0.125 149.385 0
234.5  253.5  258.5  253.5 1 0.125 7.33275 0
579.521  751.164  502.509  746.355 2.18398 0.125 119.621 0
525.523  510.233  556.463  512.927 1.77419 0.125 30.0487 0
398.269  464.795  389.55  467.653 1.60458 0.0625 2.8173 0
13.564  229.501  13.9923  208.51 1.26498 0.125 10.042 0
261.456  581.025  238.617  579.104 2.73802 0.125 19.0687 0
82.5585  528.508  83.8934  518.42 2.1139 0.125 3.31706 0
490.51  745.347  408.473  739.91 2.94483 0.125 146.51 0
479.044  597.387  474.793  614.572 1.71177 0.125 11.3022 0
14.6263  279.501  15.0063  246.494 1.27623 0.125 26.2976 0
237.5  498.5  220.5  498.5 1 0.125 1.01112 0
251.463  589.43  272.469  590.268 2.51921 0.125 16.8242 0
524.5  441.5  524.5  463.5 1 0.125 5.52657 0
407.556  739.657  317.486  733.708 3.22938 0.125 165.996 0
23.087  676.5  23.0937  657.5 1.00671 0.125 2.8173 0
275.638  573.707  261.541  571.261 2.31251 0.125 8.25658 0
254.491  518.412  276.456  516.087 2.83103 0.125 25.2926 0
17.4926  386.5  18.2643  359.522 1.37131 0.125 20.8791 0
214.553  580.729  199.65  584.153 2.25201 0.125 10.0068 0
369.483  32.2769  35.4737  58.1604 2.25132 0.125 552.528 0
5.5  0.5  5.5  43.5 1 0.125 23.5884 0
23.5342  732.501  24.2406  711.491 1.36911 0.125 14.5575 0
295.49  458.814  307.509  459.216 2.166 0.125 4.20178 0
322.35  610.767  324.212  618.799 2.69671 0.125 3.31706 0
424.489  470.675  422.241  457.718 2.18193 0.125 3.1796 0
225.509  521.591  254.428  518.761 2.6387 0.125 38.1288 0
487.955  609.487  511.545  598.596 3.14149 0.125 19.226 0
41.5  678.5  41.5  705.5 1 0.125 10.042 0
44.344  771.504  44.8812  791.517 1.16065 0.125 3.72039 0
303.487  641.427  295.72  642.771 2.82369 0.125 2.43315 0
525.5  465.5  525.5  480.5 1 0.0625 4.02142 0
78.2323  31.7731  64.0949  17.9132 1 0.125 4.62348 0
190.537  577.76  199.36  576.511 2.83018 0.125 5.97339 0
462.577  623.551  404.524  627.824 3.00427 0.125 77.7459 0
270.59  585.924  284.596  582.953 1.60072 0.125 4.20178 0
555.591  506.502  555.877  492.508 1.99958 0.125 10.9451 0
511.626  548.345  497.318  536.724 1 0.125 1.91421 0
36.9464  764.496  37.2469  798.511 3.12357 0.125 52.0956 0
136.5  549.5  120.5  549.5 1 0.125 0.108034 0
267.426  632.024  283.504  629.528 3.1179 0.125 10.8228 0
261.5  252.5  286.5  252.5 1 0.125 8.23584 0
534.989  299.298  548.52  293.547 2.1166 0.125 4.8643 0
313.348  603.358  316.896  624.601 2.1397 0.125 7.09994 0
505.965  459.56  504.619  447.599 2.21115 0.125 4.89868 0
598.524  751.278  580.492  750.927 3.17471 0.125 24.4975 0
448.5  564.5  467.5  564.5 1 0.125 2.8173 0
230.508  565.028  183.489  565.731 2.47773 0.125 77.5391 0
485.609  613.851  497.688  610.106 3.09477 0.125 0.522954 0
9.03783  72.4989  9.08666  97.5008 1.04882 0.125 8.23584 0
24.5  106.5  24.5  0.5 1 0.125 80.483 0
29.5  347.5  29.5  320.5 1 0.125 10.042 0
501.609  746.548  491.512  745.395 1.64676 0.125 0.108034 0
594.094  462.424  590.497  481.686 2.5819 0.125 19.329 0
38.5  742.5  38.5  727.5 1 0.0625 4.02142 0
341.127  465.444  343.239  451.461 2.9095 0.125 2.47705 0
325.83  537.875  343.618  547.278 3.28336 0.125 14.0575 0
9.00443  0.499645  8.95791  65.5003 1.04652 0.125 77.7738 0
159.366  565.312  173.476  567.647 2.6331 0.125 9.21386 0
289.5  251.5  313.5  251.5 1 0.125 7.33275 0
319.051  598.621  322.27  610.562 2.26702 0.125 4.84021 0
536.932  418.224  528.391  423.318 3.25449 0.125 4.24863 0
525.31  612.551  537.618  610.088 2.5503 0.125 2.79889 0
26.0231  786.489  25.6888  770.496 1.20877 0.125 5.52657 0
264.374  611.211  281.503  609.535 2.79106 0.125 1.47218 0
315.561  733.688  298.507  732.413 2.24566 0.125 12.5219 0
339.475  504.583  350.67  507.931 1.53112 0.125 1.91421 0
37.5  718.5  37.5  697.5 1 0.125 4.62348 0
350.5  249.5  377.5  249.5 1 0.125 10.042 0
586.351  409.046  555.411  419.23 1.65853 0.125 31.8389 0
163.556  45.229  249.512  38.663 1.38486 0.125 83.7177 0
244.501  564.506  231.518  566.614 2.29471 0.125 1.79958 0
353.934  379.504  353.806  360.498 1.12136 0.125 2.8173 0
27.5  638.5  27.5  610.5 1 0.125 10.9451 0
475.78  532.912  489.126  539.283 2.78927 0.125 14.2496 0
240.358  572.082  249.543  574.322 2.18 0.125 3.72039 0
390.48  630.657  341.53  624.271 3.27682 0.125 59.5988 0
29.5  618.5  29.5  636.5 1 0.125 1.91421 0
427.401  632.45  457.604  629.607 2.83454 0.125 54.4764 0
4.5  19.5  4.5  0.5 1 0.125 2.8173 0
277.3  563.1  291.58  561.063 2.82863 0.125 2.01362 0
291.597  564.855  276.879  568.884 3.24926 0.125 10.0249 0
550.442  549.191  559.499  547.495 2.51805 0.125 1.42765 0
573.496  517.815  585.506  517.955 1.11625 0.0625 1.61318 0
493.48  334.459  519.609  321.723 2.76448 0.125 37.1725 0
517.529  522.42  530.636  527.121 1.5449 0.125 2.43315 0
569.384  406.202  537.187  418.692 3.14245 0.125 59.3054 0
474.477  702.355  463.435  704.087 2.44061 0.125 4.84021 0
12.0933  125.501  11.8355  0.499308 1.2536 0.125 175.538 0
232.51  595.667  217.502  596.529 2.22611 0.125 4.24863 0
372.497  447.184  350.507  447.359 2.10298 0.125 22.6853 0
418.462  528.717  394.485  527.963 2.43863 0.125 28.8386 0
51.6015  553.49  49.9735  536.551 1.32118 0.125 3.31706 0
357.89  468.541  357.56  455.498 3.12563 0.125 19.3228 0
19.6204  501.499  19.5027  483.5 1.0392 0.125 1.91421 0
164.092  478.451  162.779  462.477 1.91137 0.125 2.613 0
203.388  554.39  246.554  550.04 3.00018 0.125 64.4457 0
252.49  560.417  273.548  557.906 2.10433 0.125 13.4039 0
278.633  504.759  271.466  508.434 2.25865 0.125 1.01112 0
353.487  633.181  374.534  632.303 2.91402 0.125 36.6673 0
565.54  457.717  588.678  453.469 2.77013 0.125 33.1778 0
506.612  489.49  505.363  475.423 2.16896 0.125 0.635488 0
263.541  556.119  247.479  557.178 1.86409 0.125 10.4128 0
490.37  593.194  503.545  587.607 1.98095 0.125 5.69779 0
247.495  551.41  267.5  551.526 2.09806 0.125 21.9297 0
411.5  658.5  392.5  658.5 1 0.125 2.8173 0
562.494  516.682  572.516  517.008 2.06386 0.125 3.72039 0
280.634  404.52  281.96  395.421 2.12328 0.125 3.72039 0
549.519  531.393  598.559  540.171 2.39395 0.125 60.1034 0
565.596  485.596  564.106  471.542 1.98885 0.125 2.34059 0
376.674  512.868  365.425  509.773 2.72414 0.125 1.79958 0
21.5528  128.499  22.9222  216.509 2.3576 0.125 136.429 0
323.5  250.5  340.5  250.5 1 0.125 1.01112 0
252.573  395.627  260.318  391.182 1.97389 0.125 1.01112 0
402.237  481.431  400.934  467.46 1.89849 0.125 6.86018 0
23.2578  218.484  24.9299  298.512 2.58446 0.125 100.734 0
27.5  521.5  27.5  561.5 1 0.125 21.7822 0
598.519  18.8692  479.473  24.9834 2.48313 0.125 160.431 0
544.759  422.192  550.677  419.973 2.92582 0.03125 6.67914 0
572.491  673.755  582.549  674.111 3.13929 0.125 3.0083 0
591.483  485.987  568.475  486.747 2.42838 0.125 12.5188 0
543.502  622.859  531.497  622.918 3.05406 0.125 9.13775 0
164.505  603.694  152.488  603.974 2.11527 0.125 4.02883 0
598.767  385.595  567.435  393.233 3.22406 0.125 40.8199 0
462.65  541.193  453.41  536.684 2.25761 0.125 5.52657 0
440.54  622.818  468.472  619.281 1.10491 0.125 10.4128 0
518.937  318.405  493.569  330.644 2.05404 0.125 19.4905 0
128.498  591.574  138.489  591.865 2.05709 0.0625 0.441485 0
457.964  435.505  457.869  424.497 3.02587 0.125 5.07047 0
576.729  584.889  598.655  593.085 2.58249 0.125 26.1641 0
283.675  547.644  260.421  542.888 2.20378 0.125 13.8644 0
318.92  543.252  329.657  561.407 1.68459 0.125 5.22771 0
334.472  629.673  353.461  632.741 1.78466 0.125 10.0068 0
452.755  536.463  427.56  530.256 2.46297 0.125 7.0255 0
528.472  565.563  542.368  571.795 2.04593 0.125 0.635488 0
546.515  573.455  575.344  582.972 2.53536 0.125 15.4449 0
355.286  594.148  367.594  598.214 1.90753 0.0625 5.35754 0
391.514  30.6708  373.471  32.1526 1.0785 0.03125 1.8264 0
204.715  309.288  202.433  317.752 3.67767 0.125 1.99536 0
15.2463  38.4962  18.4119  655.495 3.41041 0.125 673.674 0
297.514  732.303  48.4692  714.942 3.16796 0.125 450.846 0
375.5  633.454  426.511  633.086 3.68758 0.125 74.5366 0
266.55  562.753  70.4231  570.571 3.26399 0.125 78.8587 0
36.4931  261.229  332.479  253.685 3.08275 0.125 659.763 0
200.499  553.575  146.505  553.035 4.08982 0.125 43.8996 0
21.1164  48.5051  25.3915  368.515 3.13331 0.125 291.474 0
458.619  631.106  496.907  623.568 3.79266 0.125 61.5377 0
264.5  483.423  384.502  483.753 1.82194 0.125 19.5804 0
36.6824  685.498  35.4628  542.492 2.03404 0.125 190.472 0
14.5464  270.493  15.4185  655.5 16.6171 0.125 333.249 0
31.4628  393.5  32.8651  798.502 2.02076 0.125 118.946 0
24.6526  299.51  26.2706  432.503 3.08494 0.125 134.216 0
10.7666  473.468  17.1183  328.483 2.39199 0.125 32.6908 0
43.7237  53.925  27.8059  241.526 13.8653 0.125 62.6703 0
6.91677  141.49  20.8244  732.516 2.23469 0.125 139.944 0
11.0449  215.495  13.5701  512.499 1.11899 0.03125 59.2704 0
189.486  258.126  447.51  248.767 2.94067 0.0625 481.609 0
471.632  332.74  596.914  263.893 10.5166 0.125 61.7343 0
553.45  438.5  554.089  553.536 9.99983 0.125 0.761965 0
483.514  21.7386  582.479  16.123 1.63551 0.125 59.0605 0
20.908  531.51  22.7252  456.481 1.99941 0.125 4.77858 0
21.5816  0.499999  21.5916  606.5 2.00942 0.125 193.272 0
15.702  151.495  24.2611  503.506 2.98987 0.125 650.683 0
212.521  548.228  140.523  550.298 4.59561 0.125 149.239 0
39.3866  770.501  37.4118  494.501 2.07866 0.125 165.414 0
507.285  290.868  579.596  249.411 18.4498 0.125 126.311 0
464.639  601.316  518.108  592.199 17.2624 0.125 1.86769 0
43.837  707.493  35.1165  261.488 2.70315 0.03125 741.368 0
29.0077  0.522462  33.9153  763.523 17.0995 0.0625 2246.48 0
77.5392  52.0081  361.469  30.0938 1.78 0.0625 467.98 0
45.4409  588.211  191.448  585.589 14.093 0.125 75.1776 0
29.3421  105.503  32.651  275.497 1.53744 0.125 214.385 0
26.1126  320.483  30.6741  759.467 33.0813 0.125 1222.57 0
13.8575  696.491  17.5172  0.489574 5.91482 0.0625 659.296 0
27.0365  0.483254  23.3473  763.509 16.5382 0.125 1480.08 0
10.5577  90.3882  25.4373  763.479 40.2769 0.125 1395.58 0
