389
670.512  375.579  654.426  378.012 3.2654 0.125 25.5075 0
130.519  129.367  148.584  131.898 2.00006 0.125 11.7388 0
722.461  134.17  701.519  136.663 1.74956 0.125 17.2667 0
758.253  97.0529  793.869  77.3583 2.00804 0.125 55.1514 0
757.496  141.434  798.588  138.961 3.45211 0.125 86.7729 0
686.374  229.922  677.563  227.291 2.68813 0.125 3.1603 0
720.458  143.06  732.54  143.959 2.29137 0.125 10.9451 0
337.5  127.539  320.492  127.384 2.1367 0.125 26.2976 0
632.499  162.658  653.5  162.622 2.03379 0.125 23.5884 0
359.518  128.269  337.507  128.793 2.16601 0.125 25.1291 0
703.476  144.258  723.519  144.905 2.22504 0.125 29.0069 0
508.518  245.545  498.475  249.436 1.44494 0.0625 0.463196 0
17.5473  323.156  0.458005  320.805 1.57248 0.125 9.52392 0
182.545  140.746  170.4  142.951 1.6986 0.125 4.62348 0
583.617  378.85  608.706  383.351 1.81806 0.125 22.474 0
501.574  259.775  485.395  264.11 1.55262 0.125 9.13893 0
546.703  241.99  502.798  260.218 2.19716 0.125 65.299 0
400.396  152.254  418.532  144.576 1.52533 0.125 8.63548 0
733.426  143.697  746.408  142.502 1.8081 0.125 5.52657 0
76.303  226.662  86.4474  224.276 2.69134 0.125 0.989353 0
741.559  308.493  742.999  320.56 1.63045 0.125 1.55013 0
480.595  257.777  465.335  263.02 1.32886 0.125 6.42966 0
62.0279  440.538  61.2232  430.442 2.07314 0.125 3.31706 0
554.64  236.754  547.155  240.873 1.53443 0.03125 4.32245 0
549.931  160.506  548.327  0.49171 2.71127 0.125 345.062 0
670.329  330.869  658.542  325.41 1.26058 0.03125 2.32684 0
680.472  380.376  722.576  370.837 2.40768 0.125 56.899 0
514.593  242.723  509.265  244.934 2.27088 0.03125 0.245595 0
635.809  315.515  606.553  306.33 1.8302 0.125 32.7342 0
71.1265  400.521  70.0776  381.523 1.83156 0.125 10.8723 0
368.727  141.203  377.462  138.381 1.681 0.125 0.108034 0
671.514  140.563  625.511  150.552 2.33418 0.125 39.7724 0
430.427  264.667  397.548  250.389 1.87095 0.125 30.4626 0
755.438  352.469  750.508  362.504 1.3855 0.03125 6.14155 0
68.8138  382.349  52.7348  348.867 1.58386 0.125 31.3362 0
578.527  221.54  555.239  237.11 1.68179 0.125 24.6822 0
96.509  141.529  111.605  136.839 1.845 0.125 9.52392 0
656.6  324.255  636.656  316.118 1.54834 0.125 13.0822 0
296.779  185.989  281.852  177.854 1.1943 0.125 1.91421 0
296.42  279.661  284.434  280.809 2.37222 0.125 10.042 0
552.52  222.534  532.365  234.268 1.80558 0.125 18.0571 0
763.629  327.54  756.076  351.68 2.03146 0.125 29.1539 0
280.471  163.406  300.433  157.28 1.83618 0.125 12.6064 0
739.553  266.609  798.582  270.136 2.75609 0.125 93.1942 0
605.599  306.115  590.566  302.243 1.46715 0.125 6.42966 0
484.529  263.67  457.475  268.356 2.99461 0.125 51.324 0
422.558  141.33  441.422  147.73 1.31884 0.125 4.20178 0
43.115  451.803  38.9621  460.235 2.71822 0.125 5.97339 0
535.5  10.5  535.5  93.5 1 0.125 60.6151 0
586.342  212.362  577.974  221.915 1.79026 0.125 1.42765 0
72.4982  242.519  50.5017  240.481 2.01062 0.125 13.3716 0
743.347  120.946  755.521  117.577 2.35786 0.125 0.182574 0
278.511  280.735  266.491  281.317 1.33736 0.125 1.91421 0
735.504  242.691  798.518  241.354 2.82964 0.125 102.421 0
571.476  297.62  544.568  292.165 2.18552 0.125 29.8681 0
88.4697  33.4988  89.2104  15.4471 1.95732 0.125 9.10874 0
350.843  296.569  354.009  326.552 1.56888 0.125 29.0069 0
704.522  329.525  716.209  319.171 1.92364 0.125 13.6544 0
759.865  323.496  759.621  300.499 1.18017 0.125 6.42966 0
729.356  371.318  741.003  362.139 2.07011 0.125 10.4128 0
61.6641  419.613  69.3938  408.427 1.70541 0.125 5.08724 0
711.159  129.054  727.526  116.534 1.82278 0.125 13.6527 0
206.176  370.865  182.332  365.21 2.819 0.125 40.6955 0
694.215  358.185  688.612  345.451 1.79433 0.125 2.27789 0
38.114  467.095  60.6203  445.626 2.03738 0.125 39.901 0
695.602  137.122  672.407  140.934 1.95978 0.125 28.1038 0
169.543  257.231  157.528  255.322 1.77226 0.0625 0.441485 0
535.5  104.5  535.5  120.5 1 0.125 0.108034 0
465.512  172.989  484.525  173.43 2.25458 0.125 12.5312 0
748.744  283.051  738.743  269.323 1.31692 0.125 2.43315 0
278.497  268.482  317.626  262.299 2.39468 0.125 57.4104 0
35.2419  415.228  43.7393  438.412 1.90761 0.125 24.6822 0
705.283  472.199  725.564  457.589 1.78832 0.125 21.5898 0
654.321  162.346  690.385  156.757 1.99094 0.125 49.778 0
326.724  398.52  207.54  371.325 3.1414 0.125 182.106 0
595.495  460.535  616.529  463.28 2.716 0.125 30.4486 0
693.456  156.237  716.48  152.379 1.8127 0.125 20.2155 0
175.569  370.155  190.568  373.161 1.56996 0.125 7.33275 0
714.923  293.494  714.642  274.498 1.25127 0.125 5.52657 0
438.446  353.327  459.422  354.692 2.92875 0.125 40.7471 0
449.376  171.231  422.977  183.363 2.7761 0.125 38.8759 0
289.5  127.5  273.5  127.5 1 0.125 0.108034 0
580.625  458.567  588.484  459.62 2.9734 0.125 4.20178 0
12.6792  192.745  33.4591  197.672 2.12675 0.125 19.5769 0
351.517  281.37  369.463  283.773 1.09241 0.125 0.668085 0
467.497  167.477  455.562  168.987 1.85864 0.125 4.62348 0
466.207  356.383  478.809  360.57 3.16228 0.125 18.9395 0
168.397  361.95  120.607  351.03 2.70184 0.125 43.6052 0
213.528  265.287  236.53  268.266 2.01932 0.125 18.5634 0
584.49  149.473  577.997  151.855 2.56643 0.03125 0.453541 0
750.499  262.565  733.492  262.418 1 0.125 1.01112 0
45.9995  215.308  50.5308  203.512 1.79295 0.125 5.52657 0
445.477  395.509  458.844  429.364 2.93806 0.125 52.4995 0
424.343  355.42  437.644  353.492 2.82558 0.125 19.0729 0
583.497  452.532  571.418  451.311 2.39217 0.125 6.5569 0
516.622  233.663  525.76  226.849 1.80715 0.125 0.668085 0
45.0271  232.531  44.5631  225.431 1.99574 0.0625 1.63941 0
487.713  364.026  493.911  366.811 2.92143 0.125 0.668085 0
740.583  362.564  750.545  349.534 1.68124 0.125 8.63548 0
666.563  136.783  697.58  129.859 2.39631 0.125 28.2077 0
319.5  126.5  292.5  126.5 1 0.125 10.042 0
380.681  299.551  420.563  307.17 1.82082 0.125 47.3521 0
726.49  253.841  798.514  256.036 2.69972 0.125 72.9478 0
382.716  410.506  382.979  400.486 1.23621 0.0625 0.463196 0
475.008  458.078  493.978  480.934 3.06251 0.125 51.1078 0
544.629  413.819  547.732  418.963 3.26199 0.125 1.55013 0
615.522  140.588  588.706  147.32 2.17519 0.125 22.7628 0
366.29  222.825  350.443  212.588 1 0.0625 1.8894 0
414.721  358.374  423.418  356.176 3.1433 0.125 3.1796 0
430.406  441.938  458.411  447.918 3.06628 0.125 41.4175 0
459.511  390.686  446.499  391.482 2.75008 0.125 11.8953 0
798.765  234.121  790.336  235.499 3.26429 0.125 6.64198 0
101.459  170.337  111.58  167.824 1.94108 0.125 3.72039 0
570.575  451.167  562.317  449.319 2.82512 0.125 5.52657 0
292.514  395.432  304.628  397.861 2.94146 0.125 13.6527 0
418.562  319.204  432.574  322.148 1.59535 0.125 0.563807 0
602.257  456.936  584.264  453.893 3.29153 0.125 34.0006 0
305.527  398.367  319.757  401.216 3.13705 0.125 15.9279 0
134.574  181.851  145.658  183.111 2.18988 0.125 2.2932 0
687.648  243.334  699.801  254.162 1.81888 0.125 1.50405 0
787.517  236.776  752.527  238.931 2.68687 0.125 54.786 0
526.607  288.832  508.589  285.945 2.01309 0.125 5.22771 0
562.371  181.872  584.664  177.297 2.511 0.125 22.7327 0
769.445  160.302  782.553  156.693 1.52589 0.125 3.31706 0
533.778  396.3  545.461  412.528 1.07065 0.125 3.31706 0
617.496  463.572  649.504  465.44 2.16316 0.125 42.0064 0
206.506  120.083  182.498  120.319 2.00975 0.125 29.0069 0
320.505  401.476  335.626  404.953 2.99124 0.125 21.3266 0
407.517  362.534  414.325  359.149 2.69108 0.0625 2.67151 0
16.4781  301.152  30.5482  300.266 2.93119 0.125 16.9572 0
355.868  336.474  360.672  403.488 2.21621 0.125 78.7476 0
10.1226  225.064  36.3634  202.342 2.12019 0.125 48.869 0
421.938  407.644  416.013  425.669 3.21487 0.125 14.6425 0
277.864  199.908  298.9  212.85 1.44077 0.125 10.8723 0
45.5217  224.502  46.2505  215.4 1.834 0.125 1.91421 0
323.567  418.173  304.353  414.212 1.58506 0.125 8.38953 0
205.397  285.785  248.52  289.258 2.82981 0.125 56.9507 0
377.499  272.508  362.497  270.526 1.98276 0.125 10.9451 0
416.504  426.488  416.62  436.51 2.11555 0.125 9.13893 0
17.3278  459.656  1.68622  442.332 2.65908 0.125 21.9886 0
78.1268  156.023  96.0852  141.97 2.32885 0.125 22.7907 0
705.229  252.812  696.137  244.918 1.21192 0.0625 2.8173 0
152.529  383.368  252.564  405.207 1.94033 0.125 97.3332 0
605.995  356.984  614.162  364.81 2.22636 0.125 1.42771 0
183.338  119.78  142.512  123.625 3.05845 0.125 47.5441 0
341.439  267.127  362.529  263.68 2.27748 0.125 19.4289 0
472.454  497.951  495.419  500.291 3.16863 0.125 36.407 0
713.211  266.672  705.43  253.541 1.5614 0.125 6.42966 0
554.848  173.825  563.031  165.062 1.54761 0.125 0.108034 0
693.132  345.842  703.253  356.729 1.5678 0.125 0.57978 0
498.277  443.518  517.426  439.172 3.01552 0.125 26.1641 0
726.92  422.826  735.145  412.225 3.06504 0.125 5.61522 0
396.748  370.512  406.304  363.242 2.73333 0.125 11.8953 0
106.738  19.6634  116.146  5.94325 1.90864 0.125 6.55695 0
127.221  186.069  133.277  182.155 3.01127 0.125 0.563807 0
214.58  155.559  175.523  152.23 1.71523 0.125 29.5452 0
507.382  357.25  529.136  372.599 3.07332 0.125 38.0192 0
548.419  351.56  554.879  360.217 1.80622 0.125 1.55013 0
710.803  355.147  721.095  363.972 1.62664 0.125 3.31706 0
798.502  253.39  741.508  252.135 1.73524 0.125 32.4239 0
488.833  229.22  513.615  217.748 2.92434 0.125 29.3048 0
736.959  360.536  739.106  333.39 2.91183 0.125 21.0032 0
31.4713  300.558  45.5181  307.463 2.753 0.125 15.0905 0
424.404  458.896  428.258  464.662 3.05421 0.125 2.43315 0
518.594  430.689  503.572  410.447 2.74719 0.125 28.7004 0
644.483  222.535  656.535  228.428 1.31792 0.125 0.108034 0
58.5404  195.473  67.2673  187.322 5.01919 0.125 5.26019 0
416.912  437.661  421.334  453.819 2.9849 0.125 18.479 0
698.616  341.756  711.659  335.851 1.97451 0.125 1.50405 0
324.616  299.83  302.583  296.02 1.9337 0.125 9.46892 0
331.492  291.541  346.504  294.48 1.59925 0.125 8.23584 0
493.567  484.878  470.404  482.392 2.76943 0.125 18.8252 0
497.655  245.74  516.068  233.832 2.17225 0.125 15.9358 0
501.69  409.223  488.654  400.276 2.00484 0.125 6.55695 0
735.548  412.726  741.944  404.861 2.907 0.125 4.02089 0
185.523  261.347  211.525  265.34 1.9732 0.125 12.4255 0
516.62  480.661  514.602  469.665 2.50861 0.125 1.63274 0
664.498  228.503  672.21  232.997 1.87092 0.125 1.01112 0
495.181  235.004  521.314  218.21 2.34451 0.125 27.2636 0
44.5061  166.942  28.4971  166.767 2.96689 0.125 21.1621 0
526.385  467.509  524.821  446.402 2.47434 0.125 16.068 0
524.796  214.036  540.023  205.636 2.53629 0.125 16.9572 0
75.713  181.058  86.1065  177.088 4.89141 0.125 6.94506 0
12.5169  175.455  41.5219  186.442 2.7063 0.125 29.6322 0
0.399722  229.237  9.59017  225.737 1.77943 0.125 1.91421 0
0.498401  247.512  34.5552  252.089 1.90763 0.125 40.2259 0
209.548  282.249  199.347  280.303 2.94683 0.125 10.4128 0
524.117  445.645  518.738  431.41 3.03482 0.125 7.64561 0
433.516  319.424  419.509  316.456 1.54197 0.0625 1.55421 0
521.632  481.538  525.885  466.61 2.89062 0.125 10.2873 0
97.3111  174.426  125.495  169.469 2.89039 0.125 19.9885 0
242.574  280.011  221.45  276.832 1.58419 0.125 1.42275 0
24.9077  474.809  17.2329  460.117 2.3547 0.125 6.86038 0
220.534  152.297  243.558  156.152 1.80278 0.125 11.6737 0
299.503  413.488  278.542  408.33 1.68785 0.125 3.80613 0
454.598  431.259  443.408  426.726 1.67773 0.125 2.43315 0
482.475  446.306  496.498  444.486 2.36947 0.125 1.42275 0
108.068  36.5705  105.923  23.431 2.11505 0.125 4.84021 0
125.414  169.41  149.483  171.681 2.51715 0.125 12.256 0
153.521  152.861  138.514  153.742 1 0.03125 6.14155 0
156.008  43.522  156.614  29.5049 1.25818 0.125 1.01112 0
136.468  179.284  120.52  181.634 2.38488 0.125 13.4748 0
169.511  150.157  219.525  151.69 1.90714 0.125 41.5628 0
163.729  46.4118  168.071  57.6657 2.2259 0.125 2.34059 0
444.191  479.425  446.766  468.807 2.41504 0.125 4.89868 0
444.623  484.292  468.104  498.17 2.81653 0.125 30.5759 0
120.558  182.123  112.441  180.884 2.08067 0.125 1.01112 0
539.783  159.512  541.045  128.481 2.85169 0.125 43.1141 0
696.201  283.432  697.849  300.466 1.31654 0.125 1.55013 0
486.577  399.361  478.337  394.795 1.74932 0.125 0.108034 0
96.2476  166.354  120.398  161.035 2.36594 0.125 24.4304 0
67.3733  329.56  78.8334  353.815 3.41759 0.125 19.0194 0
252.423  290.062  280.448  293.884 1.98165 0.125 9.41952 0
688.129  261.271  695.821  282.383 1.79194 0.125 6.21758 0
747.668  183.54  786.303  177.286 2.80164 0.125 36.2432 0
469.392  483.394  461.981  490.97 1.62896 0.125 0.668085 0
662.88  233.037  673.381  241.645 2.04128 0.125 4.84021 0
237.396  285.122  222.478  282.635 1.80834 0.125 7.74756 0
700.694  295.46  695.906  272.21 2.67879 0.125 12.5246 0
135.143  25.3787  128.629  44.5438 2.55593 0.125 3.97982 0
82.1793  45.3818  84.8002  60.4478 1.62764 0.125 1.42771 0
285.468  214.555  306.464  226.563 1.98893 0.125 6.58008 0
384.075  391.767  391.231  377.848 3.25074 0.125 11.8289 0
463.062  483.346  471.86  458.275 2.59924 0.125 19.6222 0
168.446  339.672  188.556  338.352 2.92805 0.125 10.7247 0
302.563  160.765  290.754  163.569 3.19873 0.125 2.45028 0
632.389  461.122  617.506  458.466 1.54799 0.125 3.31706 0
14.5036  198.199  0.500943  198.16 3.02495 0.125 8.01974 0
760.615  175.321  742.412  177.873 2.11945 0.125 15.4127 0
383.105  399.621  384.754  391.351 2.15693 0.125 2.8173 0
469.731  424.656  463.428  393.515 2.57885 0.125 33.9911 0
385.109  444.418  382.017  421.43 2.64881 0.125 24.4483 0
478.649  394.949  464.346  391.068 2.01272 0.125 7.51526 0
423.478  197.676  438.614  199.607 1.96358 0.125 2.613 0
500.486  469.516  515.559  482.431 2.16941 0.125 11.723 0
496.466  456.077  492.676  447.423 2.92185 0.125 5.76976 0
46.3863  307.608  66.9167  329.15 3.34762 0.125 32.6469 0
454.456  461.472  449.448  469.467 2.75662 0.125 3.13013 0
798.385  84.3159  760.293  108.17 2.97894 0.125 39.5657 0
438.188  216.194  446.434  214.223 1.95291 0.0625 0.736218 0
175.437  385.842  141.486  379.578 1.37516 0.125 15.0905 0
411.391  342.818  435.574  338.965 3.50507 0.125 25.6786 0
76.0073  55.5118  75.7202  43.4947 2.0472 0.125 5.97339 0
480.991  197.24  475.291  208.393 2.67128 0.125 2.79889 0
70.4744  444.475  46.8037  468.796 2.80903 0.125 40.8184 0
87.4327  178.296  96.7381  175.22 1.89894 0.125 1.91421 0
351.264  438.433  384.656  446.883 2.89658 0.125 49.8937 0
671.65  482.927  700.275  472.861 3.11009 0.125 31.9988 0
10.6787  379.357  27.5625  400.45 1 0.125 8.23584 0
89.7073  380.555  349.702  437.579 3.23502 0.125 342.254 0
357.81  402.484  356.426  375.504 1.04993 0.125 8.63548 0
727.462  286.694  729.714  275.543 1.95062 0.125 0.563807 0
148.531  276.809  116.506  275.376 2.90757 0.125 42.3967 0
741.546  177.722  711.475  175.927 2.13037 0.125 27.8311 0
78.9527  175.384  95.6642  166.821 1.91236 0.125 9.21386 0
487.718  403.564  498.507  411.49 2.41771 0.125 4.94605 0
743.503  155.537  729.512  156.648 1.75613 0.125 5.52657 0
235.481  295.923  270.502  297.463 1.86627 0.125 23.8457 0
302.331  244.457  282.369  247.693 2.16114 0.125 16.9572 0
525.015  199.524  499.522  187.454 2.75944 0.125 29.0307 0
711.313  174.993  697.414  169.728 2.93307 0.125 11.723 0
689.55  171.396  676.486  170.805 1.99796 0.125 7.74756 0
132.557  222.62  120.849  228.229 1.81136 0.03125 1.3326 0
91.0395  32.3364  96.5448  50.4864 1.36517 0.125 3.13013 0
291.494  215.511  274.616  206.288 1.19388 0.125 2.2932 0
542.34  195.846  517.178  184.196 1.51198 0.125 10.8849 0
72.5046  256.449  94.5064  258.429 1.80264 0.125 6.86038 0
91.437  251.775  80.333  249.228 1.94939 0.125 1.42765 0
204.535  292.859  221.539  293.792 1.39399 0.125 4.20178 0
402.527  295.251  383.425  293.197 1.91337 0.125 14.8636 0
795.468  173.286  773.517  176.615 1.07775 0.125 1.42765 0
461.48  340.576  478.614  345.067 1.88765 0.125 2.21377 0
576.541  137.577  564.316  144.159 2.3703 0.125 2.79889 0
39.5112  252.388  72.4822  255.678 3.08448 0.125 56.899 0
432.5  290.5  408.5  290.5 1 0.125 7.33275 0
155.46  160.38  184.491  161.695 1.9107 0.125 23.7673 0
699.801  318.522  700.178  296.494 2.96532 0.125 10.8227 0
476.137  424.298  469.529  403.491 2.3889 0.125 21.9297 0
390.787  257.976  409.619  268.283 1.52343 0.125 11.0177 0
114.555  277.905  147.549  280.969 2.45376 0.125 28.4905 0
273.547  283.089  299.552  286.037 2.32524 0.125 16.8255 0
462.493  115.399  449.484  116.256 1.39211 0.125 1.91421 0
538.45  58.4988  539.37  19.4969 1.95226 0.125 33.7932 0
436.889  451.832  432.809  444.332 2.86703 0.125 4.02883 0
479.126  345.493  496.653  352.093 2.33387 0.125 10.2873 0
464.551  161.369  446.558  154.35 2.02186 0.125 6.86038 0
705.961  465.384  696.838  470.147 2.31416 0.125 3.1603 0
80.7352  354.109  89.038  380.33 2.7169 0.125 25.8934 0
466.502  198.47  445.519  197.182 1 0.125 2.8173 0
495.796  323.376  507.757  326.523 1.98507 0.125 0.57978 0
576.426  489.089  614.575  493.908 2.62145 0.125 54.2263 0
615.488  493.979  646.502  494.238 2.84962 0.125 30.9371 0
786.485  171.404  761.477  175.358 1.81929 0.125 15.9279 0
231.359  247.398  219.494  245.54 1.91615 0.125 2.2932 0
487.329  456.674  499.402  468.6 1.48338 0.125 6.42966 0
715.377  312.354  703.954  322.035 2.52132 0.125 6.21758 0
725.999  335.921  712.549  347.557 2.5151 0.125 12.6427 0
497.585  352.332  508.355  357.787 2.25938 0.125 6.86018 0
94.4742  319.561  106.462  324.591 1.93464 0.125 5.97339 0
175.5  276.5  158.5  276.5 1 0.125 1.01112 0
183.492  334.682  169.475  334.074 2.38852 0.125 3.2366 0
311.603  418.035  345.488  425.554 1.73308 0.125 21.1546 0
440.475  195.111  473.502  196.461 1.57115 0.125 16.068 0
697.44  470.332  663.763  482.243 2.65557 0.125 31.9988 0
735.099  352.412  732.442  364.487 2.05128 0.125 4.02883 0
60.0729  130.595  65.3708  154.529 1.52809 0.125 9.13775 0
164.231  214.415  162.497  199.5 1.8711 0.125 1.63274 0
437.486  198.694  461.504  200.446 1.07951 0.125 3.13013 0
538.691  17.5007  538.749  0.497435 1.05124 0.125 1.01112 0
567.439  487.879  575.55  489.189 2.29336 0.125 1.01112 0
274.498  294.658  251.501  294.433 1.02934 0.125 5.52657 0
506.457  419.42  494.615  425.717 1.82194 0.125 7.33275 0
589.775  183.971  596.737  179.906 1.58213 0.0625 1.61318 0
655.475  486.39  671.328  482.752 1.7256 0.125 4.84021 0
761.428  111.391  775.294  102.189 2.77993 0.125 5.54563 0
57.5582  335.447  48.4684  325.529 2.45777 0.125 8.25658 0
335.552  221.417  363.721  239.148 1.62818 0.125 19.3495 0
563.766  144.832  553.778  152.846 1.36845 0.125 1.91421 0
63.5727  292.476  59.2654  279.578 1.26885 0.125 1.01112 0
295.551  131.034  282.572  132.262 1.65458 0.125 6.42966 0
494.461  192.387  480.698  197.08 2.47345 0.125 1.66757 0
510.419  303.524  463.555  299.801 2.16614 0.125 59.8118 0
20.5294  326.713  33.5113  327.198 3.18461 0.0625 3.55927 0
187.472  271.923  169.419  270.744 2.66775 0.125 12.7544 0
136.368  334.212  164.511  339.443 2.74156 0.125 22.8631 0
282.39  131.917  271.587  133.96 1.96516 0.125 2.43315 0
647.398  494.109  680.733  485.391 3.08083 0.125 27.7945 0
790.268  93.0492  796.641  89.7733 1.82884 0.0625 0.409064 0
53.549  347.515  56.8955  336.319 1.91622 0.125 6.42966 0
505.525  285.344  486.525  282.341 2.08029 0.125 7.6803 0
546.5  78.5  546.5  42.5 1 0.125 18.1698 0
681.189  484.789  705.737  474.041 2.29256 0.125 20.4261 0
79.4766  249.085  65.4989  248.526 1.27864 0.0625 1.11411 0
541.512  109.562  540.878  99.4139 1.86843 0.125 2.8173 0
554.365  307.3  532.319  303.571 2.29085 0.125 15.2372 0
705.394  177.156  719.511  179.43 1.91862 0.125 0.811332 0
436.44  339.51  460.474  340.943 2.11547 0.125 26.0149 0
539.337  127.474  541.883  111.561 2.60682 0.125 11.723 0
609.5  131.5  625.5  131.5 1 0.125 0.108034 0
751.581  239.306  736.532  240.82 1.58956 0.125 0.563807 0
56.5125  279.496  61.3014  293.568 1.32838 0.125 1.55013 0
539.577  298.075  569.502  303.49 2.77403 0.125 32.446 0
19.0261  367.823  27.6197  380.418 1.69082 0.125 6.86018 0
216.526  254.167  205.516  253.296 1.23335 0.0625 1.61318 0
540.867  384.216  559.581  408.437 1.83424 0.125 11.4948 0
577.692  196.754  585.4  188.408 2.09161 0.125 5.08724 0
461.605  277.136  451.572  274.249 1.64538 0.125 1.01112 0
263.423  142.137  257.39  141.406 3.09852 0.125 1.91421 0
328.499  413.508  348.398  417.069 1.4404 0.125 0.989353 0
519.521  304.105  510.494  303.614 1.3248 0.0625 1.61318 0
295.613  253.863  312.609  256.89 1.55065 0.0625 1.50022 0
277.506  252.791  291.505  252.907 3.04984 0.125 1.26606 0
650.534  465.702  673.554  461.821 2.12706 0.125 8.12877 0
536.157  94.496  536.665  177.493 2.4834 0.125 195.42 0
798.641  123.575  590.162  150.919 4.72981 0.125 172.151 0
443.485  312.569  585.671  342.694 2.5203 0.03125 176.738 0
518.12  180.66  642.809  221.557 3.92267 0.125 67.1468 0
716.603  367.009  671.422  376.113 3.95822 0.125 70.3865 0
477.5  289.501  538.583  297.895 3.07049 0.125 47.9889 0
303.483  190.528  736.418  448.669 21.7713 0.125 249.337 0
609.547  385.348  665.541  382.24 3.88216 0.125 87.0949 0
567.499  166.798  652.5  166.782 11.9961 0.125 147.928 0
1.16357  351.907  19.1166  366.754 3.29068 0.125 26.9528 0
90.4957  171.942  185.498  171.207 3.94575 0.125 35.4192 0
561.235  456.215  566.356  487.359 3.63573 0.125 35.1166 0
674.777  462.19  710.628  447.819 2.78863 0.125 21.8633 0
86.0096  203.538  507.642  292.83 10.0107 0.125 9.42843 0
264.963  267.646  442.613  312.046 3.63732 0.125 67.7003 0
352.467  295.764  552.981  320.677 21.1976 0.125 190.402 0
498.032  500.242  521.94  483.114 4.05249 0.125 19.8511 0
741.896  439.676  757.388  404.896 3.47084 0.125 53.3971 0
373.646  234.265  724.041  452.065 14.3 0.0625 10.4476 0
348.439  144.146  398.499  135.494 2.18981 0.125 39.4268 0
562.637  455.729  579.633  458.752 2.66967 0.125 17.0268 0
632.433  383.737  680.503  379.535 3.07568 0.125 113.827 0
312.554  131.857  195.535  122.08 1.91242 0.125 12.4345 0
286.404  288.14  143.461  266.76 2.52323 0.125 56.4632 0
674.924  182.867  692.229  219.152 6.69322 0.125 55.2108 0
137.499  361.507  247.552  385.257 3.38998 0.125 193.888 0
500.092  227.799  631.136  151.443 9.6335 0.125 37.5929 0
533.191  397.475  560.654  442.801 6.26902 0.125 54.6171 0
144.561  362.237  227.513  381.444 4.57362 0.125 127.836 0
329.126  232.69  482.034  291.323 31.1547 0.125 210.403 0
434.356  177.98  657.446  173.051 11.4227 0.125 104.085 0
269.279  130.013  136.097  149.788 6.8762 0.125 225.406 0
536.578  305.608  352.504  289.452 3.28799 0.125 332.895 0
116.491  356.541  371.435  412.796 3.60794 0.125 465.665 0
130.487  162.336  502.428  160.16 25.3507 0.125 186.541 0
128.552  134.064  551.673  316.732 10.3255 0.125 382.09 0
