389
739.729  318.617  742.002  333.576 1.76409 0.125 10.042 0
649.881  87.2365  635.334  121.429 1.72344 0.125 43.4564 0
555.583  266.621  543.595  265.494 1.71048 0.125 2.8173 0
582.359  496.433  592.858  474.197 1.85892 0.125 23.7884 0
641.115  358.875  652.661  351.76 1.24708 0.125 1.01112 0
659.914  30.2703  648.587  59.142 1.82609 0.125 31.3362 0
622.881  129.232  616.297  144.412 1.67994 0.125 10.042 0
638.262  487.3  646.896  476.994 1.82249 0.125 7.33275 0
717.26  142.392  700.152  180.343 1.78585 0.125 48.869 0
730.227  180.371  723.164  195.341 1.70677 0.125 10.9451 0
619.205  489.364  628.965  468.253 1.67851 0.125 16.6464 0
632.223  481.367  638.037  469.277 1.47228 0.125 1.91421 0
746.737  180.137  736.754  201.146 1.71677 0.125 21.7822 0
618.55  216.056  597.478  213.693 1.66248 0.125 3.80613 0
652.4  483.452  659.161  469.338 1.728 0.125 10.9451 0
761.399  186.451  752.132  205.319 1.44986 0.125 10.9451 0
683.496  67.0636  649.574  145.097 2.51327 0.125 97.6508 0
649.355  27.4414  640.932  48.2703 1.6972 0.125 19.0729 0
565.516  274.354  630.516  281.353 2.50902 0.125 83.14 0
730.396  146.445  725.788  155.122 1.71151 0.125 1.01112 0
67.9243  407.614  70.7049  397.286 1.74552 0.125 2.8173 0
483.588  96.1175  436.333  85.2265 2.18107 0.125 58.5226 0
534.48  209.307  556.355  207.077 2.29394 0.125 22.2023 0
776.646  192.071  766.607  212.051 1.80879 0.125 20.8791 0
677.407  50.4639  673.182  61.377 1.50412 0.125 0.108034 0
681.615  235.271  665.221  227.058 1.80099 0.125 10.1408 0
791.725  199.105  781.364  219.431 1.92088 0.125 27.2007 0
438.52  183.396  452.572  186.132 1.74608 0.125 8.23584 0
615.459  386.087  627.539  384.896 1.79407 0.125 5.52657 0
28.1969  400.645  32.0005  382.396 2.32477 0.125 18.9395 0
328.516  51.446  345.771  56.5925 1.54652 0.125 7.74756 0
782.941  69.2331  773.699  88.5949 2.03107 0.125 25.3946 0
544.497  136.506  499.558  116.37 1.60084 0.125 53.3561 0
581.522  136.581  571  139.379 2.52217 0.125 4.02883 0
598.148  98.3578  586.885  126.252 1.88937 0.125 36.2316 0
656.515  251.088  689.494  250.265 2.37541 0.125 43.4493 0
663.767  84.159  652.454  108.479 2.48773 0.125 27.8579 0
619.486  395.335  611.459  396.037 2.16667 0.0625 1.8894 0
793.683  82.1295  787.225  96.3752 2.06444 0.125 14.5575 0
590.504  400.096  568.492  400.245 1.99995 0.125 26.2976 0
49.3048  391.668  51.5429  407.634 1.96202 0.125 7.41745 0
58.3573  122.556  70.4548  153.518 1.54214 0.125 27.7874 0
406.076  314.527  407.632  281.506 2.03489 0.125 42.0064 0
509.447  369.235  555.496  372.55 2.3383 0.125 72.1774 0
562.091  86.3454  554.931  105.285 1.66548 0.125 14.8636 0
16.9756  355.565  22.4596  399.629 2.34222 0.125 61.3688 0
767.508  65.0329  752.271  97.3919 2.44613 0.125 24.3552 0
414.281  397.212  401.229  407.144 1.62647 0.125 5.97339 0
422.127  319.573  419.564  306.487 1.55809 0.125 5.52657 0
652.528  109.09  641.9  134.247 1.67486 0.125 26.2976 0
462.787  106.148  474.403  115.618 1.06156 0.03125 1.61264 0
539.498  221.465  584.537  219.256 2.45767 0.125 46.4984 0
696.294  36.4109  683.697  65.5849 1.85683 0.125 39.844 0
755.566  385.533  765.525  365.512 1.80007 0.125 16.2936 0
458.536  364.145  508.527  369.236 2.47791 0.125 84.1581 0
165.772  174.446  166.954  180.41 2.15632 0.0625 1.61318 0
571.601  139.81  565.623  147.595 1.9545 0.125 1.01112 0
584.674  177.229  598.237  185.911 1.92044 0.125 3.28424 0
72.7135  29.6368  70.4014  16.3432 1.92752 0.125 1.50405 0
458.613  355.305  466.931  317.375 1.885 0.125 49.7663 0
614.764  59.6136  608.748  73.6067 2.10362 0.125 10.1408 0
556.5  372.983  647.499  373.038 3.03639 0.125 138.403 0
648.255  2.39246  641.759  17.1744 1.76111 0.125 9.52392 0
643.508  347.504  648.8  336.173 1.69274 0.125 4.62348 0
304.816  317.859  321.664  326.167 1.38857 0.125 7.33275 0
549.49  524.458  578.458  517.331 1.77989 0.125 29.91 0
552.111  8.36075  533.565  60.1653 2.77739 0.125 99.3163 0
613.568  87.1217  594.706  133.584 1.8255 0.125 63.4201 0
318.558  306.344  374.679  327.015 1.7282 0.125 60.5001 0
767.103  355.425  769.572  342.325 2.27915 0.125 8.27934 0
667.694  49.5867  653.074  82.3096 1.8453 0.125 44.3594 0
757.826  136.155  753.135  145.313 1.69238 0.125 1.91421 0
302.522  177.464  287.54  168.433 1.03252 0.125 1.01112 0
70.9871  396.606  73.8244  383.571 2.59229 0.125 1.66757 0
186.211  214.823  189.689  228.703 1.94246 0.125 5.76976 0
269.352  466.692  275.693  438.543 2.36391 0.125 25.6142 0
576.47  231.141  588.47  230.144 1.82762 0.125 4.62348 0
76.4588  349.5  76.6381  299.497 2.11475 0.125 95.6462 0
732.617  387.521  680.499  393.491 2.38101 0.125 59.4436 0
176.575  456.832  171.754  443.409 2.14749 0.125 9.26472 0
378.466  39.8533  386.496  39.4303 2.10242 0.125 1.91421 0
482.488  273.601  577.671  285.083 2.49933 0.125 168.624 0
565.502  415.568  550.486  416.033 1.43339 0.125 7.33275 0
52.4795  381.383  53.2307  387.652 2.9787 0.125 1.55013 0
76.4176  292.513  69.5918  249.485 2.30257 0.125 36.7935 0
461.513  157.438  474.561  160.211 1.60277 0.125 0.563807 0
658.233  4.39785  652.468  19.4876 1.78446 0.125 11.8482 0
674.5  247.5  692.5  247.5 1 0.125 1.91421 0
467.528  50.5074  470.194  40.419 1.53272 0.0625 1.63941 0
54.1891  252.452  50.9297  273.411 2.04238 0.125 17.8297 0
249.703  154.211  231.083  141.091 1.69013 0.125 13.6527 0
192.915  393.375  177.457  401.417 3.01505 0.125 11.6231 0
270.539  165.43  250.534  154.438 1.70476 0.125 16.2936 0
581.506  285.45  599.597  287.727 2.35898 0.125 25.3946 0
3.40557  142.535  12.5533  167.48 1.6591 0.125 18.703 0
619.015  47.3163  614.743  58.592 2.12584 0.125 4.02883 0
279.597  306.281  297.592  314.293 2.22739 0.125 18.703 0
217.377  456.093  233.701  451.164 2.40258 0.125 16.0854 0
587.401  459.772  640.505  452.538 1.9421 0.125 57.6624 0
51.1409  286.534  50.0815  275.444 1.70565 0.125 3.72039 0
115.517  37.5111  122.698  26.6309 1.70226 0.125 3.1603 0
626.123  0.351978  620.559  14.5231 1.69602 0.125 5.97339 0
622.533  360.181  640.539  359.32 1.90223 0.125 11.0177 0
592.951  83.2843  578.352  120.442 1.69513 0.125 28.6791 0
507.095  522.336  515.024  502.712 1.873 0.125 14.3442 0
565.509  386.115  580.501  386.463 1.16242 0.0625 1.63941 0
596.499  396.707  536.5  396.542 1.0743 0.125 38.9409 0
228.281  395.912  207.343  384.795 1.60258 0.125 12.6064 0
639.167  92.369  633.119  107.743 1.69346 0.125 5.69779 0
211.589  490.072  247.483  497.581 2.14243 0.125 28.3418 0
42.1487  15.0651  32.1099  0.0911265 1.70799 0.125 6.64198 0
732.873  78.2015  726.536  91.5171 2.14853 0.125 9.26472 0
733.068  414.891  740.302  404.364 1.85518 0.125 2.2932 0
631.531  281.191  714.412  289.392 3.27029 0.125 142.007 0
196.615  26.3437  213.841  39.0372 1.18644 0.125 4.02883 0
70.766  154.433  76.5794  177.48 1.7294 0.125 20.2155 0
644.362  425.153  659.511  423.604 2.8827 0.125 18.9395 0
240.601  446.562  248.159  434.29 1.96732 0.125 6.64198 0
365.496  42.5082  326.691  23.117 2.24113 0.125 51.6541 0
202.056  164.29  194.811  179.647 1.9111 0.125 11.0177 0
473.232  79.3217  449.178  71.4893 3.11811 0.125 36.3218 0
236.054  201.272  230.358  212.428 1.87593 0.125 3.31706 0
315.929  235.278  311.22  247.391 1.70914 0.125 2.43315 0
355.844  265.549  355.022  254.536 2.29209 0.125 1.50405 0
31.6669  381.19  40.9236  356.286 2.91989 0.125 37.1725 0
584.297  506.634  542.26  516.476 2.44153 0.125 38.5847 0
350.086  290.136  341.585  276.447 1.5827 0.125 3.13013 0
25.0831  203.535  27.2012  168.482 1.87573 0.125 46.1656 0
30.0202  150.403  37.2788  114.455 2.31867 0.125 53.5935 0
193.47  186.501  193.781  194.528 2.19168 0.125 3.72039 0
528.496  411.944  541.502  411.851 1.07096 0.0625 1.61318 0
23.8317  405.72  29.7538  423.745 1.57429 0.125 6.5569 0
32.4897  242.127  25.7938  260.239 2.26257 0.125 16.9572 0
605.518  378.628  592.497  380.477 2.12068 0.125 3.1796 0
614.728  0.235703  611.551  9.5176 2.24118 0.125 3.31706 0
27.6002  168.372  30.0068  151.43 2.40764 0.125 12.5219 0
645.493  183.512  631.559  175.398 1.9469 0.125 6.5569 0
60.3692  304.524  62.2451  314.548 1.35086 0.0625 0.463196 0
277.373  180.655  287.748  189.199 1.9072 0.125 9.13893 0
643.581  495.955  622.365  499.742 2.17823 0.125 7.64561 0
771.48  570.52  763.911  563.081 2.8528 0.125 6.5569 0
602.407  447.797  658.618  440.398 2.66248 0.125 114.624 0
544.046  9.33923  536.977  29.3147 2.17614 0.125 9.63524 0
93.1504  199.5  93.1431  176.5 2.00478 0.125 24.6822 0
450.53  385.645  429.781  389.877 3.13933 0.125 14.5715 0
56.0839  394.708  62.0834  406.708 1.34191 0.125 1.91421 0
52.8141  363.509  52.9538  374.507 2.06331 0.125 3.31706 0
76.6441  368.529  76.0667  351.515 2.06668 0.125 3.0083 0
674.577  279.208  690.272  283.362 2.33177 0.125 8.29566 0
230.737  140.05  210.955  129.637 1.91001 0.125 10.1529 0
165.897  137.506  165.644  154.517 3.02931 0.125 15.3546 0
73.7413  66.7012  85.5508  52.5424 1.79756 0.125 5.78041 0
257.155  97.8529  268.284  108.721 1 0.125 2.43315 0
307.261  212.208  315.77  234.396 1.66333 0.125 8.38105 0
350.839  336.709  358.683  340.073 2.75715 0.125 5.08724 0
483.435  127.626  498.541  135.42 1.80572 0.125 10.4128 0
444.313  103.013  456.518  107.451 1.45249 0.125 2.8173 0
5.83768  319.499  5.80453  306.499 2.01019 0.125 6.86018 0
196.545  489.379  213.456  495.619 2.36805 0.125 13.3716 0
555.579  126.581  546.011  136.003 2.15943 0.125 10.9451 0
691.321  26.4267  696.257  14.4003 1.89844 0.125 3.1603 0
23.5967  339.478  34.5882  338.392 2.88707 0.125 13.6544 0
93.3053  40.5855  91.7946  19.4789 1.85005 0.125 16.0854 0
33.8852  399.536  35.0407  419.527 2.63145 0.125 26.901 0
594.539  452.771  575.649  455.521 2.39263 0.125 22.8949 0
655.649  371.883  694.627  367.681 3.14881 0.125 62.6298 0
308.338  24.9734  271.232  12.2848 3.38791 0.125 57.6789 0
696.928  48.2769  700.578  38.9205 2.63625 0.125 5.08724 0
420.781  290.204  433.106  301.915 1.73884 0.125 8.27934 0
53.7562  232.547  54.7039  247.55 1.80688 0.125 10.042 0
655.469  287.429  623.504  286.369 2.99835 0.125 54.5851 0
639.485  438.391  616.521  441.651 1 0.125 4.62348 0
491.399  527.927  506.287  525.294 2.20369 0.125 7.40595 0
333.579  349.206  349.759  353.532 2.05632 0.125 3.60558 0
62.2667  174.43  55.376  175.931 3.0187 0.125 1.42765 0
377.637  331.108  336.414  316.747 2.33364 0.125 54.1706 0
587.605  271.197  579.576  270.551 2.82991 0.125 5.52657 0
693.531  388.877  710.498  387.473 1 0.125 0.108034 0
723.566  376.747  706.453  381.325 2.32601 0.125 12.5312 0
91.0265  169.556  89.3713  155.515 2.8058 0.125 17.1751 0
106.73  0.443462  104.445  31.5694 2.18655 0.125 25.6142 0
695.265  367.448  718.661  362.223 2.82371 0.125 30.3777 0
64.2046  339.766  72.3862  347.619 2.22235 0.125 4.84021 0
103.27  444.707  113.211  455.76 1.26255 0.125 0.668085 0
655.553  444.98  632.503  447.526 2.0977 0.125 21.3266 0
477.432  530.094  489.429  528.077 1.64067 0.125 1.55013 0
495.506  298.441  506.486  299.632 1.98833 0.125 0.668085 0
54.103  176.038  39.6283  188.486 2.1835 0.125 9.32668 0
525.5  449.5  506.5  449.5 1 0.125 2.8173 0
599.5  256.5  582.5  256.5 1 0.125 1.01112 0
231.729  188.28  220.964  177.055 2.16513 0.125 8.25658 0
68.4483  249.517  65.1548  239.615 1.5801 0.03125 0.997046 0
335.418  326.688  316.537  318.416 1.37833 0.125 3.98429 0
180.81  479.964  194.764  488.044 2.86983 0.125 11.1078 0
73.7644  380.542  75.6808  368.529 1.65997 0.125 3.72039 0
30.12  271.589  36.2398  297.794 3.4054 0.125 29.0493 0
561.736  10.5869  552.118  36.7272 1.57628 0.125 17.8297 0
694.437  430.098  662.598  435.119 2.7545 0.125 31.4218 0
336.827  316.643  303.354  303.884 2.04889 0.125 27.2636 0
276.461  373.574  256.703  363.116 1.09235 0.125 4.02883 0
392.095  416.193  385.21  425.281 1.81151 0.125 1.55013 0
661.35  439.41  691.603  435.246 3.20878 0.125 25.4386 0
599.553  443.925  570.627  447.521 2.73582 0.125 32.2383 0
591.461  436.107  607.503  434.528 1.79445 0.125 10.9451 0
637.506  368.674  593.488  370.153 2.93114 0.125 84.6609 0
636.478  296.336  627.484  296.099 2.13064 0.125 1.01112 0
701.482  523.397  690.476  525.366 2.77698 0.125 4.11395 0
731.836  318.451  735.292  342.386 1.42921 0.125 10.8723 0
337.951  480.857  307.089  507.191 3.11343 0.125 63.5041 0
609.246  277.304  595.365  272.929 1.50302 0.0625 1.45976 0
631.513  299.402  647.492  301.559 2.57183 0.125 3.73688 0
44.3461  322.22  47.3231  331.228 2.53466 0.125 1.42771 0
228.147  178.898  233.426  183.583 2.32796 0.0625 1.8894 0
776.476  232.573  786.373  235.879 2.21171 0.125 1.42765 0
297.271  310.029  281.245  303.09 1.315 0.125 6.42966 0
717.541  385.826  732.428  383.936 1.96882 0.125 3.1796 0
737.792  333.439  733.797  314.438 1.39016 0.125 7.74756 0
241.432  359.642  269.67  373.144 2.47224 0.125 28.3418 0
89.4452  154.512  86.3973  140.522 1.61571 0.125 4.20178 0
305.415  336.738  326.586  344.258 2.34279 0.125 20.1801 0
506.435  335.363  515.534  336.053 1.76745 0.0625 0.463196 0
223.701  486.007  210.802  480.759 1.88443 0.125 4.89868 0
410.107  305.595  406.384  329.482 1.73233 0.125 10.8849 0
661.413  422.141  674.379  419 2.68023 0.125 5.22771 0
700.718  281.431  690.53  279.354 3.32011 0.125 6.61688 0
255.449  161.578  268.672  170.237 1.12538 0.0625 5.17742 0
305.306  509.371  300.098  517.234 1.94882 0.125 0.668085 0
468.747  316.324  475.653  317.773 3.18962 0.125 1.42765 0
483.448  320.79  495.603  319.896 3.35841 0.125 14.2496 0
636.02  2.31748  630.741  16.2116 1.55124 0.125 5.52657 0
76.9011  178.471  78.285  197.516 2.28465 0.125 10.9811 0
180.597  220.735  176.631  205.466 2.11185 0.125 10.8723 0
256.285  362.979  233.411  352.699 1.73196 0.125 25.3946 0
583.512  381.477  565.503  381.704 1.93671 0.125 8.38953 0
779.277  551.529  781.092  565.553 2.11181 0.125 0.398689 0
20.1788  30.6507  6.11404  0.681133 2.4577 0.125 31.6229 0
320.286  331.01  303.33  323.907 1.608 0.125 4.02089 0
58.2701  338.532  63.4582  339.688 2.71088 0.0625 0.463196 0
91.9527  241.513  91.6553  205.507 3.2312 0.125 68.01 0
271.505  376.485  293.594  384.233 1.70431 0.125 13.3898 0
124.234  481.535  122.021  464.563 1.7246 0.125 4.8643 0
780.438  326.133  798.592  323.04 2.32957 0.125 16.0854 0
496.23  129.192  512.825  135.667 2.70299 0.125 5.04378 0
10.0355  394.564  13.4703  419.641 1.9815 0.125 12.2411 0
668.814  7.62144  663.449  21.4802 1.50413 0.125 3.31706 0
14.6908  425.81  21.1408  442.638 2.66127 0.125 14.3109 0
143.724  250.225  171.817  273.111 1.37657 0.125 19.3517 0
184.6  283.352  204.805  297.051 1.38887 0.125 5.07047 0
287.628  329.14  300.434  333.685 1.55044 0.125 2.8173 0
768.201  487.063  780.625  471.601 2.67235 0.125 9.15904 0
489.46  337.898  499.461  338.892 1.69359 0.125 0.108034 0
120.445  475.518  124.396  487.854 1.94169 0.125 1.42771 0
548.671  472.166  573.33  465.838 2.46013 0.125 21.2531 0
219.795  248.963  203.286  239.89 1.83963 0.125 2.79889 0
35.6995  269.682  39.3102  285.543 1.46659 0.125 7.33275 0
445.542  64.3921  461.782  70.7833 1.35665 0.125 4.62348 0
606.829  318.965  616.57  306.758 3.11883 0.125 8.43613 0
616.461  306.419  630.57  299.646 2.77634 0.125 10.9811 0
21.4618  443.312  29.4555  453.535 2.46393 0.125 1.19521 0
741.895  369.536  740.75  350.485 1.9364 0.125 17.5383 0
379.117  271.561  377.051  258.571 2.13225 0.125 1.63274 0
624.5  367.5  583.5  367.5 1 0.125 22.6853 0
91.9129  18.4947  91.682  0.497665 1.17951 0.125 1.01112 0
582.568  440.243  620.434  436.782 2.53781 0.125 32.4079 0
663.52  396.804  648.454  397.801 1.86347 0.125 4.84021 0
118.892  323.476  118.13  342.485 2.51954 0.125 24.8328 0
411.334  437.354  424.424  422.433 3.0204 0.125 9.48954 0
632.455  436.189  690.55  427.848 2.69033 0.125 70.4825 0
305.77  102.18  317.226  111.825 1.89267 0.125 3.98429 0
357.399  326.795  375.342  332.959 1.5088 0.125 8.63548 0
752.597  306.216  762.471  309.585 2.53871 0.125 2.34059 0
26.9713  291.527  28.1672  270.538 2.33805 0.125 25.5762 0
24.4279  326.432  34.5222  327.213 2.22521 0.125 3.1603 0
302.344  330.968  291.547  327.359 2.53084 0.125 4.84021 0
682.689  457.946  690.043  447.188 2.25715 0.125 2.45711 0
722.516  373.158  693.499  373.43 2.95287 0.125 35.0371 0
366.486  39.5383  398.375  50.8517 1.82427 0.125 25.2926 0
58.5097  79.4899  47.7657  69.1809 1.96177 0.125 1.19521 0
274.391  487.607  256.552  469.449 1 0.125 1.91421 0
59.6227  371.663  63.3225  391.533 2.40013 0.125 21.3266 0
698.479  362.349  679.425  364.948 3.10762 0.125 29.8681 0
641.651  26.552  636.905  40.2946 1.3565 0.125 0.668085 0
63.4658  88.5189  58.7168  79.9332 2.92325 0.125 10.9451 0
491.482  327.738  502.495  328.565 1.44677 0.125 0.108034 0
95.5693  287.432  92.701  242.423 2.93033 0.125 48.3757 0
410.795  336.525  411.731  325.52 1.24716 0.0625 0.463196 0
70.082  430.545  69.1104  421.435 2.51899 0.125 7.33275 0
38.5544  253.509  35.6455  270.525 1.99677 0.125 12.7737 0
418.29  279.841  431.283  287.851 2.029 0.125 4.8643 0
496.41  322.183  547.444  328.921 2.16953 0.125 50.9621 0
554.5  364.5  539.5  364.5 1 0.0625 4.02142 0
574.459  330.762  593.462  333.745 1.76327 0.125 12.192 0
745.621  439.648  753.957  432.836 3.44699 0.125 1.92644 0
761.998  457.095  748.655  473.625 3.01884 0.125 30.4626 0
354.194  463.215  338.285  480.3 3.25652 0.125 33.7741 0
413.961  445.943  429.641  429.635 1.99602 0.125 17.8297 0
570.455  425.514  583.473  424.916 1.90496 0.125 3.1603 0
500.456  444.631  582.498  440.454 2.42256 0.125 64.7635 0
715.484  359.418  698.367  362.835 3.13771 0.125 17.0045 0
214.314  495.389  233.519  499.407 3.66536 0.125 18.7095 0
17.5459  237.509  19.726  226.748 2.95298 0.125 3.42942 0
527.508  345.838  515.491  346.136 3.04863 0.0625 0.0375886 0
238.664  153.138  254.57  160.346 1.33691 0.125 1.42765 0
762.961  340.357  752.376  333.698 1.62983 0.125 0.563807 0
151.899  417.471  153.195  435.45 2.06671 0.125 12.6064 0
214.679  487.05  202.597  482.255 1.68184 0.125 1.42765 0
727.532  378.574  715.577  383.68 2.74905 0.125 5.07047 0
0.426291  93.5311  5.47631  105.51 1.45446 0.125 2.8173 0
96.3517  358.502  95.5022  300.5 1.98514 0.125 57.582 0
141.476  501.852  158.533  503.004 1.38918 0.125 8.23584 0
634.534  389.77  620.379  391.53 2.48348 0.125 6.72138 0
678.528  365.824  638.484  369.313 1.86825 0.125 46.8915 0
51.4552  465.478  56.3503  455.427 2.69714 0.125 3.28424 0
264.31  1.03814  272.365  3.88219 2.27468 0.0625 0.441485 0
60.1652  364.524  59.8383  373.512 1.53502 0.125 1.01112 0
26.5842  117.515  30.9451  93.5811 2.14686 0.125 9.68876 0
718.185  477.194  731.499  463.499 2.8082 0.125 14.0365 0
590.499  464.489  608.458  462.174 1.13108 0.0625 0.441485 0
26.0106  370.532  25.1005  356.526 1.94969 0.125 0.811332 0
359.953  334.597  351.157  330.183 2.68777 0.125 2.34059 0
25.374  302.483  26.7195  292.53 2.839 0.125 4.02089 0
737.766  352.409  739.209  372.521 2.06644 0.125 4.51227 0
325.494  352.522  335.544  355.344 1.80697 0.125 1.91421 0
565.568  318.811  533.488  315.623 1.89132 0.125 31.616 0
21.6894  355.48  23.6766  374.482 2.1516 0.125 3.23875 0
410.547  323.614  412.072  309.562 1.59626 0.0625 0.380078 0
494.471  507.167  441.441  511.823 2.53647 0.125 65.5197 0
637.519  377.756  625.512  378.655 1.91973 0.125 3.31706 0
37.1367  51.7972  18.7919  35.1778 3.17349 0.125 19.721 0
726.18  460.093  715.922  471.868 2.43304 0.125 2.1969 0
169.108  432.522  168.386  419.506 1.33069 0.125 1.91421 0
429.655  428.683  436.682  422.714 1.75366 0.0625 2.8173 0
571.5  365.5  556.5  365.5 1 0.00390625 2.38195 0
33.1163  113.439  35.4595  98.652 2.33698 0.125 5.07047 0
497.552  342.596  486.482  343.125 1.99772 0.125 3.31706 0
678.097  478.233  687.135  475.355 3.20449 0.125 4.8643 0
8.9835  116.654  11.42  124.822 2.7741 0.125 2.2932 0
437.289  422.381  443.196  411.892 2.83387 0.125 5.07047 0
555.514  389.326  531.512  387.355 1.32401 0.125 8.38953 0
446.416  521.227  476.483  519.244 2.33548 0.125 33.8288 0
513.499  307.508  492.487  304.594 2.14745 0.125 1.88397 0
98.3909  295.507  97.3636  279.509 1.51056 0.125 3.1603 0
489.535  304.148  473.496  302.544 1.49007 0.0625 1.45976 0
529.463  387.125  517.446  386.417 1.87883 0.125 1.42765 0
13.8107  33.0886  4.71285  26.2181 1.79141 0.125 1.55013 0
125.29  226.691  134.357  236.631 1.67247 0.125 2.2932 0
86.629  169.452  80.3993  152.537 2.22236 0.125 13.3898 0
450.453  407.186  466.538  404.752 2.4263 0.125 1.43273 0
520.622  313.343  486.369  309.746 3.34652 0.125 48.277 0
98.5  327.5  98.5  304.5 1 0.125 6.42966 0
506.507  412.874  493.511  413.103 1.19383 0.0625 3.79296 0
97.6332  262.491  96.9142  251.473 1.25836 0.0625 1.63941 0
600.507  288.404  716.399  296.884 3.33244 0.125 210.13 0
664.426  334.738  725.624  328.769 2.93227 0.125 100.977 0
483.494  458.412  543.556  454.322 3.7655 0.125 115.938 0
719.469  292.948  654.507  288.394 3.16965 0.125 145.218 0
544.446  453.942  601.493  448.427 3.11533 0.125 74.0685 0
573.256  110.466  308.591  25.2163 15.8106 0.125 34.6906 0
174.568  151.496  180.058  234.661 4.3963 0.125 60.4504 0
33.7507  191.97  18.3984  300.486 6.23058 0.125 29.6129 0
486.674  265.753  543.606  271.434 3.47972 0.125 44.9108 0
549.541  328.242  619.633  339.352 11.3274 0.125 23.9863 0
697.475  406.322  734.453  401.161 2.28004 0.125 30.6843 0
772.278  26.3941  740.516  93.0309 2.10917 0.125 40.7983 0
437.402  538.061  474.35  529.826 2.26964 0.125 25.1397 0
586.247  78.3304  566.169  108.278 4.16241 0.125 12.2077 0
384.425  425.429  292.446  522.398 5.15337 0.125 5.66228 0
558.583  314.355  471.317  308.025 4.26345 0.125 86.5916 0
206.106  387.285  246.879  407.745 1.83578 0.125 20.0005 0
533.551  427.589  794.52  426.112 21.1751 0.125 380.591 0
219.652  271.164  284.906  300.601 2.41254 0.125 15.1215 0
352.201  451.995  734.525  404.701 24.4632 0.0625 104.647 0
245.088  315.55  408.768  379.816 2.22758 0.125 31.3729 0
22.1297  270.383  15.7255  345.348 3.30966 0.125 91.7549 0
26.7213  262.402  56.928  330.31 3.75864 0.125 6.94791 0
183.103  446.558  210.06  456.673 2.92322 0.125 24.9081 0
710.02  382.76  399.532  424.734 38.8688 0.0625 198.823 0
261.831  512.771  724.515  414.569 10.1414 0.125 85.411 0
541.567  472.112  519.405  525.461 2.91278 0.0625 102.422 0
511.515  445.714  788.505  446.44 24.0864 0.125 70.3844 0
692.471  374.613  347.314  365.647 18.9546 0.125 97.6982 0
469.266  243.273  795.917  302.698 46.1443 0.125 32.4002 0
435.561  527.466  580.99  488.54 28.5166 0.125 67.9557 0
322.387  326.825  530.594  399.11 5.90356 0.125 24.9786 0
277.288  10.1738  798.553  246.383 25.561 0.125 86.6158 0
621.843  456.011  610.902  485.276 16.7463 0.125 8.39605 0
293.834  160.823  8.61371  17.2608 5.35343 0.125 9.49049 0
543.475  437.034  759.714  425.506 11.77 0.125 337.99 0
559.609  433.265  739.725  422.134 8.02382 0.125 414.8 0
