363
549.5  303.799  484.5  303.835 1.03624 0.125 43.4564 0
658.437  412.443  667.53  413.046 2.26025 0.125 4.62348 0
624.467  300.597  550.457  303.324 2.58776 0.125 141.932 0
599.501  414.668  631.501  414.697 3.0125 0.125 71.4521 0
234.54  201.902  226.495  201.702 4.19776 0.125 2.79889 0
12.3921  163.018  25.4114  160.104 1.52892 0.125 3.72039 0
260.701  207.551  244.577  204.138 1.48547 0.125 7.33275 0
173.348  213.111  151.555  221.639 2.34851 0.125 25.5075 0
153.548  224.317  120.467  215.627 1.87673 0.125 22.9108 0
193.554  198.8  180.555  197.793 2.30283 0.125 11.8482 0
658.572  458.591  634.545  460.185 2.46409 0.125 24.45 0
528.109  446.407  525.742  456.319 1.66944 0.125 1.01112 0
790.101  432.757  765.278  446.086 2.0054 0.125 33.6296 0
134.42  103.186  146.408  100.14 1.70804 0.125 2.43315 0
103.502  230.841  88.4992  230.799 2.02826 0.125 12.7513 0
739.377  525.98  718.433  527.675 2.20694 0.125 19.5769 0
520.644  456.999  481.437  445.719 1.55421 0.125 39.0048 0
639.451  431.055  650.32  429.859 2.53468 0.125 9.13893 0
84.1395  92.2816  92.4919  78.4951 1.73553 0.125 5.76976 0
65.8799  201.806  79.6029  209.312 1.83711 0.125 8.63548 0
46.5098  233.341  30.4476  232.347 1.81084 0.125 6.5569 0
42.968  204.412  29.3019  211.095 2.27549 0.125 10.0068 0
734.472  413.384  753.362  408.915 1.66379 0.125 13.6544 0
32.5606  186.364  47.6798  193.096 1.02038 0.125 0.108034 0
72.6052  94.5149  74.4629  81.3536 1.82876 0.125 2.27789 0
0.665427  175.022  31.7483  185.783 1.74502 0.125 33.1122 0
50.6814  183.023  0.684434  164.015 1.66904 0.125 52.1644 0
177.437  84.7722  171.72  62.4436 1.66607 0.125 14.3442 0
597.497  77.7868  611.505  77.9142 1.11822 0.03125 2.32684 0
115.814  212.807  51.8208  183.792 1.78685 0.125 82.8968 0
298.671  223.078  271.644  212.144 1.36528 0.125 19.976 0
512.597  428.472  508.248  413.286 1.78268 0.125 3.1796 0
258.676  249.013  234.244  240.209 1.72911 0.125 13.4039 0
214.771  91.5255  214.316  78.5064 2.17345 0.125 5.7097 0
759.953  457.673  780.312  444.216 2.26263 0.125 23.7673 0
57.5237  204.201  46.5135  203.33 1.54907 0.125 1.91421 0
202.358  100.558  197.463  88.5151 1.15996 0.125 0.108034 0
124.223  331.474  125.75  315.334 3.51123 0.125 24.5151 0
274.662  323.499  274.701  330.504 2.03354 0.0625 0.463196 0
268.662  300.452  275.162  322.303 1.83822 0.125 15.1105 0
608.252  195.168  618.278  193.304 2.40091 0.125 0.57978 0
600.499  475.722  654.498  475.982 2.12038 0.125 83.1923 0
441.498  102.777  411.498  102.846 1.06652 0.125 11.8482 0
60.0812  57.9206  67.1054  48.2144 1.70554 0.125 0.668085 0
539.5  179.529  576.5  179.584 1.01629 0.125 19.0729 0
654.448  475.96  704.469  471.176 2.50204 0.125 82.5775 0
165.23  84.6731  151.598  63.437 1.3193 0.125 13.9727 0
53.4994  222.532  68.513  222.819 1.22922 0.0625 2.8173 0
522.777  77.501  522.836  60.5012 1.05979 0.015625 2.19886 0
457.505  295.89  440.498  295.765 1.11084 0.125 0.108034 0
445.356  118.527  444.039  111.4 2.51173 0.125 1.91421 0
295.524  126.298  310.55  128.076 2.05116 0.125 8.38953 0
460.65  302.435  439.505  299.462 2.84741 0.125 33.631 0
352.503  163.651  333.491  163.969 1.28422 0.125 8.23584 0
124.698  345.499  124.613  332.499 2.05215 0.125 6.86018 0
136.787  287.836  149.342  274.353 1.9436 0.125 13.6527 0
483.787  395.309  461.781  362.312 1 0.125 25.3946 0
631.484  490.182  680.461  487.726 2.09468 0.125 75.9676 0
621.453  483.351  606.499  482.523 2.38357 0.125 8.27934 0
622.477  276.317  644.487  276.946 1.99918 0.125 24.4915 0
548.527  293.93  527.48  292.933 2.66039 0.125 35.3285 0
293.508  136.857  274.498  136.621 1.17396 0.0625 0.441485 0
645.494  481.759  630.502  481.409 1.04646 0.03125 4.66437 0
53.4953  225.591  70.6042  226.468 2.89365 0.125 14.408 0
301.371  322.77  319.512  319.571 2.89698 0.125 22.7907 0
666.496  480.727  648.502  480.402 1.05392 0.125 1.01112 0
219.279  147.883  245.184  138.616 2.36558 0.125 25.3361 0
666.471  287.629  637.537  288.596 3.03175 0.125 52.7108 0
583.496  276.89  621.507  276.657 1.99384 0.125 52.4585 0
775.525  529.563  793.78  522.193 1.80263 0.125 17.2667 0
462.432  108.404  476.44  107.535 1.87231 0.125 10.042 0
527.637  65.5797  526.87  76.5259 2.5542 0.125 8.63548 0
615.419  119.676  626.41  118.592 1.99035 0.125 1.55013 0
233.532  239.09  164.49  233.626 1.89335 0.125 96.7462 0
479.315  450.116  521.421  462.763 1.81383 0.125 50.0272 0
702.124  30.3207  710.214  13.3634 2.11138 0.125 7.6803 0
528.45  289.883  553.529  287.865 2.87606 0.125 36.5081 0
575.505  148.623  595.47  147.788 1.50055 0.125 2.613 0
383.792  232.524  384.619  222.428 1.4117 0.0625 0.736218 0
116.816  242.54  117.345  251.509 1.35167 0.0625 2.8173 0
179.476  251.96  207.556  253.397 2.99608 0.125 57.1667 0
631.754  188.239  659.619  215.378 1 0.125 12.7737 0
422.925  277.52  422.617  268.496 2.06706 0.125 2.8173 0
117.726  258.478  120.402  286.509 1.75096 0.125 17.6648 0
270.397  340.089  289.691  335.265 1.94 0.125 19.0729 0
171.454  180.016  198.506  182.438 2.2745 0.125 16.8255 0
590.503  138.075  574.493  138.16 2.03688 0.125 6.55695 0
595.454  491.535  618.45  490.446 1.90315 0.125 22.6853 0
429.858  174.483  430.391  185.505 2.23913 0.125 4.20178 0
50.532  347.599  90.4981  346.434 2.64922 0.125 81.3861 0
26.489  226.081  0.498328  225.588 1.35973 0.125 19.976 0
120.948  289.5  120.948  325.5 1.00005 0.125 17.2667 0
743.48  537.411  774.497  530.488 2.0565 0.125 38.4462 0
587.48  181.843  520.482  183.919 2.0214 0.125 90.8401 0
621.5  543.5  646.5  543.5 1 0.125 8.23584 0
255.029  278.159  266.299  295.63 1.35677 0.125 7.51526 0
702.513  542.611  721.476  540.304 1.89106 0.125 16.3637 0
150.056  274.593  161.298  269.087 1.8331 0.125 5.52657 0
607.5  534.5  572.5  534.5 1 0.125 17.2667 0
568.5  544.5  618.5  544.5 1 0.125 30.8131 0
0.434949  247.401  49.5588  244.494 3.34914 0.125 88.1042 0
425.356  427.825  467.5  446.501 1.50591 0.125 38.6254 0
409.501  102.658  370.5  102.62 2.0313 0.125 50.9191 0
306.5  122.5  288.5  122.5 1 0.125 1.91421 0
598.5  473.5  656.5  473.5 1 0.125 38.0378 0
644.535  276.97  678.517  279.245 2.53435 0.125 50.0642 0
675.791  515.521  677.365  493.419 1.99495 0.125 23.7884 0
358.606  261.733  384.524  265.328 1.7353 0.125 22.474 0
635.5  533.5  616.5  533.5 1 0.125 2.8173 0
690.423  498.621  688.207  515.461 1.77417 0.125 7.51526 0
269.838  149.517  270.451  137.498 1.40642 0.125 1.55013 0
635.226  501.521  634.828  515.509 1.28404 0.125 6.42966 0
692.488  487.323  716.445  485.689 2.38082 0.125 23.7673 0
390.122  206.372  396.319  188.099 2.19872 0.125 15.1105 0
162.359  268.912  173.441  266.255 1.67199 0.125 1.91421 0
568.578  139.408  540.507  137.408 1.99721 0.125 27.2501 0
118.5  328.5  118.5  288.5 1 0.125 21.7822 0
441.511  280.698  532.513  279.858 2.90747 0.125 219.003 0
474.505  294.875  461.507  295.042 3.05124 0.125 2.47705 0
618.5  126.499  631.503  128.479 1.74113 0.125 5.52657 0
692.11  515.546  693.475  497.423 2.01518 0.125 19.976 0
423.066  99.5074  422.894  89.4932 1.15442 0.125 0.668085 0
739.56  171.168  731.446  171.903 2.17227 0.125 1.91421 0
637.653  512.511  638.655  498.511 1.9949 0.125 8.63548 0
771.6  522.032  745.398  526.957 1.90644 0.125 14.5321 0
122.216  209.441  130.43  207.239 2.89767 0.125 2.27789 0
559.504  125.853  581.503  125.988 1.12287 0.125 7.51526 0
592.494  527.373  709.508  521.657 2.19277 0.125 181.818 0
301.22  73.3701  308.187  58.3546 2.16971 0.125 3.0083 0
653.5  532.5  638.5  532.5 1 0.0625 1.63941 0
664.065  513.567  665.261  503.472 1.86839 0.125 0.668085 0
705.3  251.809  715.594  248.823 1.7962 0.125 2.8173 0
795.776  224.527  782.169  220.667 3.01583 0.125 12.5219 0
456.455  532.652  481.629  540.063 2.14259 0.125 30.4486 0
388.894  314.493  389.313  336.504 2.09471 0.125 14.2465 0
147.517  257.626  182.429  252.969 2.7099 0.125 44.8504 0
386.599  196.949  360.544  202.7 3.2593 0.125 26.4636 0
544.511  538.739  514.484  540.156 1.9035 0.125 30.9873 0
530.523  162.888  543.505  163.378 1.41389 0.125 2.8173 0
644.475  537.246  615.465  540.153 2.08769 0.125 38.9409 0
786.683  404.311  778.569  396.429 1.55753 0.125 0.108034 0
120.132  328.492  119.842  341.508 1.22206 0.125 2.2932 0
485.492  542.57  518.533  546.198 1.90246 0.125 38.044 0
633.131  449.528  631.901  433.546 2.53116 0.0625 1.95863 0
719.361  503.57  784.545  493.803 3.76292 0.125 115.77 0
286.669  229.648  258.581  224.089 2.97361 0.125 45.9036 0
510.463  507.708  588.513  510.07 3.48268 0.125 171.171 0
723.474  278.521  710.404  262.579 1.33068 0.125 7.74756 0
770.28  235.024  765.026  242.853 2.22892 0.125 0.563807 0
164.675  351.462  183.593  348.012 2.23975 0.125 23.5884 0
212.806  363.94  207.01  354.811 2.07696 0.125 4.20178 0
436.647  140.378  420.596  143.074 1.62656 0.125 0.670152 0
679.473  279.787  694.434  281.2 2.08518 0.125 6.5569 0
197.279  369.484  198.243  356.481 1.99452 0.125 3.13013 0
249.352  262.726  259.112  269.094 2.8035 0.125 12.192 0
673.509  448.58  664.399  449.556 1.77556 0.125 0.108034 0
374.154  306.489  373.692  279.497 1.34208 0.125 17.6988 0
648.299  305.487  656.567  307.173 3.53886 0.125 5.7097 0
682.502  536.588  650.472  537.393 1.94914 0.125 37.1608 0
99.4811  343.011  81.4687  342.343 2.44323 0.125 23.7884 0
116.418  221.008  152.443  226.85 2.90803 0.125 22.7601 0
690.324  282.792  676.435  286.24 2.18202 0.125 1.19521 0
66.5117  344.114  0.481302  342.119 2.33128 0.125 101.939 0
373.469  273.61  358.534  269.38 2.7584 0.125 5.291 0
685.485  520.202  595.504  524.589 1.24091 0.125 79.5215 0
341.508  173.529  357.616  168.902 2.34165 0.125 18.4304 0
687.5  446.501  680.491  447.429 1.51615 0.03125 2.8173 0
286.498  270.459  299.46  269.761 1.37472 0.125 2.8173 0
592.769  509.51  593.143  499.487 1.3347 0.125 0.668085 0
717.347  514.486  718.264  504.478 1.54326 0.125 0.108034 0
638.879  200.991  633.165  193.765 1.89687 0.0625 3.99669 0
712.543  220.497  711.893  212.468 2.23541 0.125 2.8173 0
610.433  539.886  600.443  540.974 1.77153 0.125 1.01112 0
192.166  355.551  191.332  366.487 2.14628 0.125 0.57978 0
563.495  434.57  594.539  436.999 1.85504 0.125 30.9873 0
710.633  200.959  698.389  197.953 2.45421 0.125 11.8482 0
211.235  376.067  220.896  370.147 1.70527 0.125 0.668085 0
506.542  188.776  520.37  186.655 3.03819 0.125 10.8849 0
110.369  177.739  96.2346  169.984 2.57614 0.125 9.32668 0
334.593  316.559  327.152  328.279 2.45213 0.125 5.07047 0
493.689  524.829  505.928  510.027 2.37181 0.125 8.82632 0
292.45  167.023  276.417  168.708 2.03982 0.125 12.192 0
595.486  436.676  622.553  438.838 2.03188 0.125 24.5151 0
0.413389  360.377  115.5  351.501 2.92466 0.125 158.025 0
552.5  156.5  501.5  156.5 1 0.125 31.7162 0
309.513  238.466  286.96  230.239 2.98387 0.125 24.1109 0
48.4784  337.213  94.527  338.61 3.0896 0.125 97.5398 0
481.503  160.561  461.454  161.406 1.91399 0.125 22.6853 0
475.481  190.328  491.616  188.548 2.76255 0.125 10.9811 0
719.527  440.67  706.386  442.797 1.65462 0.125 5.52657 0
305.356  316.932  320.162  313.169 1.98676 0.125 9.52392 0
644.373  245.76  656.821  251.843 1.81723 0.125 6.42966 0
695.502  534.518  684.432  535.99 1.78204 0.125 1.91421 0
0.486257  335.936  47.4711  337.418 2.31422 0.125 77.6121 0
304.5  103.563  248.499  103.487 2.07318 0.125 96.9381 0
723.908  35.5865  727.367  19.2599 2.22166 0.125 0.672749 0
572.36  451.629  534.446  446.94 2.46534 0.125 49.9418 0
92.4432  337.748  116.554  343.265 3.06492 0.125 30.5759 0
176.31  317.63  185.22  330.691 2.43998 0.125 13.4748 0
186.505  391.57  178.406  392.125 1.76851 0.125 0.108034 0
429.418  521.699  455.524  532.442 2.50004 0.125 23.2955 0
468.502  190.529  455.428  191.35 2.12145 0.125 2.34059 0
519.502  546.474  540.525  548.192 1.74904 0.125 19.0729 0
197.812  147.279  214.233  138.026 2.8349 0.125 13.23 0
305.718  289.666  298.338  299.377 2.42041 0.125 2.613 0
485.456  196.06  503.5  195.506 2.87582 0.125 13.7112 0
536.504  171.634  520.52  172.135 1.50152 0.125 10.042 0
597.527  113.838  585.525  114.813 1.5887 0.125 1.91421 0
251.716  258.76  259.892  251.972 1.53872 0.125 0.108034 0
648.285  258.226  638.82  255.421 2.48583 0.125 1.42771 0
624.766  234.993  643.776  244.974 1.66034 0.125 10.8723 0
673.498  493.5  671.561  515.505 1.05258 0.125 4.20178 0
535.513  223.234  517.458  222.357 3.09348 0.125 11.4948 0
209.812  334.841  220.285  325.265 1.79159 0.125 2.27789 0
326.617  327.75  314.473  333.442 1.69776 0.125 5.52657 0
554.495  173.613  537.442  172.902 2.91407 0.125 12.8921 0
619.543  453.504  572.5  451.493 1.88662 0.125 56.2429 0
694.476  46.4939  697.748  33.5629 1.95083 0.125 6.86018 0
43.5  339.5  13.5  339.5 1 0.125 12.7513 0
92.557  207.385  109.392  215.718 1 0.125 1.01112 0
503.505  159.68  482.494  160.282 2.74089 0.125 26.589 0
617.341  225.551  611.136  206.295 1.38534 0.125 9.52392 0
655.114  448.529  655.908  431.519 2.18433 0.125 5.41095 0
383.643  167.448  389.437  183.523 2.97531 0.125 11.6231 0
412.2  165.16  404.232  172.197 1.67402 0.125 1.91421 0
537.5  278.5  552.5  278.5 1 0.03125 8.8379 0
697.72  197.802  676.324  191.058 3.35843 0.125 24.4379 0
276.377  231.932  286.681  234.865 2.33792 0.125 8.23584 0
394.468  461.089  412.667  492.975 2.36372 0.125 28.4064 0
191.765  328.336  183.741  315.351 2.62832 0.125 13.3898 0
717.621  255.76  709.518  259.538 2.29628 0.125 1.55013 0
722.532  172.66  715.415  174.073 2.35111 0.125 1.01112 0
178.348  365.343  189.53  354.531 1.58021 0.125 10.042 0
475.5  287.5  460.5  287.5 1 0.0625 1.63941 0
184.045  351.95  176.346  358.314 1.94257 0.125 3.72039 0
657.526  304.727  666.522  303.686 1.87173 0.125 1.01112 0
635.787  433.465  637.88  450.576 2.32816 0.125 14.2496 0
195.728  314.477  195.283  329.494 2.23579 0.125 6.86038 0
746.654  434.119  720.532  440.628 2.19564 0.125 17.2811 0
681.481  183.584  708.419  189.848 3.01255 0.125 21.2585 0
764.514  383.645  743.518  385.687 2.69555 0.125 14.225 0
319.36  274.384  306.704  289.669 1.91331 0.125 18.4304 0
333.42  259.444  341.742  247.671 2.16771 0.125 2.613 0
237.687  224.473  275.702  231.389 2.77158 0.125 34.1297 0
310.439  269.139  317.572  267.925 1.97166 0.0625 2.8173 0
674.242  190.392  662.369  186.951 2.1993 0.125 4.02883 0
534.541  132.877  510.605  135.468 2.01397 0.125 7.88154 0
624.508  322.414  645.51  324.392 2.48241 0.125 13.23 0
662.637  150.196  652.82  145.788 2.86741 0.125 4.8643 0
752.585  311.42  760.388  319.659 2.10136 0.0625 0.933453 0
632.198  168.49  681.218  183.425 2.74993 0.125 47.9733 0
743.414  391.06  766.322  386.587 2.89789 0.125 18.03 0
287.369  234.974  298.613  238.092 2.29941 0.125 3.98429 0
528.481  161.002  516.461  161.451 1.92396 0.125 5.08724 0
737.788  24.4429  748.835  16.9973 2.7944 0.125 1.92644 0
403.771  342.429  408.58  360.742 1.98314 0.125 11.6736 0
515.37  224.922  522.609  227.146 2.20548 0.125 1.01112 0
46.5375  143.353  61.5791  147.19 2.94639 0.125 8.21994 0
284.37  237.262  246.452  230.779 2.78856 0.125 48.384 0
70.5  340.5  51.5  340.5 1 0.125 2.8173 0
522.5  179.5  506.5  179.5 1 0.125 0.108034 0
345.118  247.225  334.737  261.67 1.87743 0.125 0.113964 0
514.186  159.538  500.648  163.953 1.88098 0.125 3.13013 0
613.485  354.719  646.538  356.926 1.92891 0.125 10.531 0
382.115  353.4  387.047  383.574 1.91664 0.125 18.2571 0
501.535  138.013  539.496  135.438 1.86005 0.125 9.52187 0
594.474  532.528  552.501  531.461 1.76222 0.125 24.9278 0
679.491  195.53  662.483  190.56 1.8014 0.125 8.38953 0
766.133  319.866  758.632  312.368 2.82913 0.125 7.51526 0
775.482  386.503  773.563  373.345 3.11292 0.125 5.83682 0
217.437  324.432  208.597  332.605 1.41313 0.0625 1.8894 0
484.559  178.352  476.529  178.912 2.4126 0.125 3.72039 0
604.499  324.63  622.505  324.744 2.06967 0.125 6.72138 0
757.931  312.254  748.193  304.908 2.18498 0.125 0.811332 0
343.561  217.832  329.482  220.402 2.95126 0.125 13.3898 0
131.883  333.489  132.244  346.507 1.30482 0.125 2.2932 0
259.156  269.721  271.46  288.884 3.18887 0.125 23.6314 0
328.547  218.375  312.488  218.018 2.9548 0.125 7.88154 0
598.5  442.5  574.5  442.5 1 0.125 7.33275 0
771.557  347.476  765.649  333.437 1.69748 0.125 2.27789 0
201.783  329.522  202.973  314.538 2.31031 0.125 16.3637 0
379.254  145.731  390.684  142.074 2.47592 0.125 2.613 0
410.625  364.702  413.796  378.432 2.47302 0.125 10.0068 0
797.944  348.174  792.98  341.413 3.2244 0.125 2.34059 0
187.502  309.504  171.302  316.006 1.86858 0.125 1.99536 0
656.535  191.386  673.467  196.609 1.69692 0.125 4.02089 0
221.555  228.805  177.514  225.323 2.46663 0.125 53.3914 0
398.893  329.39  402.499  342.219 2.31556 0.125 3.28424 0
575.46  538.699  546.482  540.147 1.8977 0.125 33.6296 0
624.97  314.548  636.456  309.402 2.14664 0.125 0.670152 0
457.486  393.706  468.571  394.475 3.33899 0.125 6.21758 0
789.519  237.445  798.807  240.594 1.92617 0.125 2.8173 0
229.754  345.418  228.865  353.54 2.53175 0.125 1.42765 0
436.036  507.228  476.604  518.112 3.39223 0.125 50.8498 0
139.816  359.444  134.353  328.704 2.84414 0.125 22.8183 0
530.499  192.476  506.509  193.675 1.39782 0.125 2.613 0
255.494  348.5  256.148  336.481 1.37869 0.125 2.8173 0
506.34  228.837  515.625  233.235 2.71121 0.125 3.13013 0
560.528  191.278  537.522  192.105 1.63958 0.125 5.89477 0
278.463  142.468  294.55  141.899 3.38721 0.125 13.6322 0
235.541  229.95  222.497  229.601 3.05241 0.125 16.2936 0
12.4973  211.522  23.5746  212.9 1.73766 0.125 3.72039 0
671.51  170.371  658.434  169.328 1.99367 0.125 3.13013 0
197.511  309.962  188.492  310.183 1.19586 0.0625 0.463196 0
253.499  261.675  278.498  261.825 2.06589 0.125 12.8921 0
405.193  495.681  417.046  515.768 1.67981 0.125 13.3898 0
477.454  517.718  492.627  520.891 2.36713 0.125 9.13775 0
386.68  370.483  384.574  348.493 1.47209 0.125 3.42942 0
448.431  165.194  440.175  167.06 5.53841 0.125 8.21994 0
463.493  387.55  445.437  384.938 2.13474 0.125 0.216765 0
496.495  332.903  509.502  332.803 1.10034 0.0625 0.409064 0
482.494  331.912  495.506  332.104 1.17733 0.125 5.97339 0
438.311  531.046  458.335  537.976 1.63512 0.125 0.388219 0
677.492  528.377  654.519  529.799 1 0.125 2.43315 0
478.511  272.724  444.496  274.416 1.84338 0.125 18.6232 0
773.351  357.102  770.866  351.797 3.67933 0.125 0.563807 0
231.5  222.5  216.5  222.5 1 0.0625 4.02142 0
510.412  331.954  536.499  330.475 2.71223 0.125 19.2606 0
118.485  252.941  147.503  253.239 2.75376 0.125 19.8306 0
342.519  181.705  331.429  182.716 1.81031 0.03125 0.852128 0
540.545  549.253  686.525  545.467 3.76814 0.125 284.599 0
700.383  294.135  624.511  300.631 2.50797 0.125 133.769 0
69.451  243.75  138.483  239.237 3.12407 0.125 80.774 0
0.46717  350.813  56.435  348.139 3.61362 0.125 139.932 0
677.49  412.412  733.582  406.244 2.357 0.125 96.4132 0
160.497  233.611  0.501884  229.428 2.99898 0.125 117.318 0
224.47  170.129  499.508  147.595 18.1032 0.125 123.946 0
208.732  252.427  248.806  261.082 4.5749 0.0625 93.8998 0
266.439  174.836  311.429  170.726 2.53266 0.125 64.7006 0
521.107  465.369  566.417  474.893 4.17641 0.125 55.4622 0
450.669  339.388  484.594  390.438 1.1867 0.125 47.3132 0
377.073  310.553  382.25  352.407 2.84417 0.125 46.6068 0
407.42  233.481  403.021  484.369 13.4538 0.125 38.2155 0
126.119  314.353  136.145  288.363 2.42458 0.125 30.6222 0
564.485  172.352  488.466  180.17 3.19493 0.125 27.5198 0
516.501  412.476  585.314  415.603 5.76582 0.125 136.018 0
576.494  424.156  608.502  424.006 2.03275 0.125 43.7008 0
174.53  264.533  232.599  266.356 4.40146 0.125 98.4719 0
686.552  483.539  796.779  438.639 10.6629 0.125 73.84 0
387.678  347.542  393.486  461.501 2.62054 0.125 88.7314 0
164.61  332.268  222.8  359.868 2.23559 0.125 13.6874 0
430.205  308.695  494.697  406.37 1.35347 0.03125 95.4249 0
352.502  102.779  160.496  103.868 2.26837 0.125 100.28 0
243.618  203.392  194.535  198.169 2.98446 0.125 97.1826 0
375.384  292.27  709.508  284.855 34.0138 0.125 28.3825 0
115.537  266.977  210.43  259.602 18.0234 0.125 43.5423 0
75.2091  161.659  0.16061  142.819 14.0355 0.125 34.5196 0
436.496  288.543  491.369  293.086 3.14173 0.125 51.307 0
27.4955  222.567  227.479  235.817 1.46056 0.125 32.3231 0
618.563  411.694  646.549  413.877 2.22727 0.125 19.158 0
62.6865  147.116  86.8251  158.83 2.48731 0.125 7.53453 0
426.678  315.392  503.456  441.742 11.997 0.125 22.0816 0
385.543  153.924  426.531  149.813 3.07903 0.125 41.8072 0
648.553  107.829  119.646  192.648 14.9782 0.125 14.1343 0
119.488  249.862  305.376  256.154 7.53725 0.03125 172.464 0
435.755  142.005  398.401  385.485 22.5824 0.125 119.105 0
573.496  415.844  724.479  417.464 9.61133 0.0625 195.27 0
576.543  476.199  732.5  466.496 3.48643 0.125 119.201 0
582.523  542.652  742.539  539.49 6.12939 0.125 126.911 0
0.4906  365.403  226.498  343.481 3.91466 0.0625 155.423 0
634.546  289.749  475.506  295.667 3.32324 0.125 251.027 0
717.487  288.19  329.464  285.284 5.49978 0.125 32.6345 0
617.378  163.408  775.64  339.475 9.04702 0.125 137.375 0
