335
582.462  313.735  592.523  315.356 2.45174 0.125 6.42966 0
463.224  101.529  463.503  94.5401 2.19792 0.125 0.108034 0
464.693  70.4013  463.872  60.4693 2.48791 0.125 8.23584 0
476.31  221.454  474.928  257.516 1.96384 0.125 43.3494 0
520.48  278.806  490.476  279.672 2.25874 0.125 46.1656 0
526.423  144.024  481.471  151.323 1.94113 0.125 52.4052 0
474.206  92.4394  473.687  103.509 1.90418 0.125 0.57978 0
148.477  247.501  148.996  256.529 1.3429 0.03125 1.71607 0
550.872  410.485  551.107  384.487 3.16293 0.125 32.7949 0
431.388  157.949  413.514  161.568 1.78626 0.125 10.1408 0
375.82  212.496  375.718  228.501 1.08885 0.125 0.108034 0
162.552  275.361  175.525  275.95 2.31581 0.125 13.6544 0
402.499  373.471  384.486  374.084 1.3399 0.125 8.23584 0
441.489  315.934  410.498  316.156 2.18628 0.125 38.1086 0
372.504  319.197  342.509  318.816 2.08869 0.125 38.9409 0
362.497  375.485  354.387  376.812 2.96061 0.125 2.27789 0
552.708  383.543  557.461  360.492 2.13051 0.125 28.2592 0
475.392  150.856  433.401  157.908 2.31849 0.125 55.2952 0
146.48  340.781  106.483  341.906 2.81464 0.125 72.3281 0
156.109  267.525  154.721  245.486 1.80736 0.125 16.9572 0
594.508  296.375  552.538  293.862 2.33722 0.125 44.067 0
91.4277  277.046  132.426  275.009 3.30026 0.125 75.353 0
479.483  372.281  450.507  374.584 1.67682 0.125 19.5769 0
76.3806  144.385  78.1023  157.552 2.97468 0.125 19.3228 0
61.5028  376.435  83.5481  377.391 2.56385 0.125 34.5251 0
77.5725  178.55  48.5887  176.338 1.92599 0.125 34.4255 0
116.205  252.775  118.282  262.546 2.78825 0.125 5.76976 0
124.74  205.603  126.095  215.555 1.57712 0.125 1.01112 0
318.502  83.9102  264.499  83.7198 1.18685 0.125 36.2316 0
176.492  327.28  156.482  328.03 1.81119 0.125 14.8636 0
393.703  209.515  392.718  222.517 1.84333 0.125 5.08724 0
305.505  156.106  182.509  154.689 2.11232 0.125 215.043 0
386.49  354.785  397.511  355.175 1.28259 0.125 2.8173 0
258.582  314.949  248.651  313.48 1.86723 0.125 1.91421 0
50.5605  246.824  62.554  247.897 2.34841 0.125 1.50405 0
256.712  282.904  267.396  277.302 1.85767 0.125 5.52657 0
239.725  300.706  251.17  288.198 1.47544 0.125 5.08724 0
502.056  219.479  501.303  235.538 1.85739 0.125 4.8643 0
153.495  301.326  75.4719  303.485 3.10952 0.125 146.51 0
76.2063  299.322  88.5519  278.926 1.8685 0.125 22.0015 0
378.582  430.872  393.529  429.983 3.05406 0.125 25.3946 0
453.553  315.097  438.499  314.533 2.44798 0.125 7.45533 0
148.913  136.477  151.387  181.561 2.8859 0.125 61.2829 0
204.469  369.589  208.316  327.483 2.52784 0.125 62.0855 0
276.356  399.504  275.613  375.466 2.93675 0.125 29.5879 0
555.506  333.428  526.56  330.829 1.82522 0.125 33.5224 0
333.479  276.663  342.585  277.84 2.49626 0.125 3.31706 0
586.501  276.726  542.498  276.896 1.16148 0.125 19.8225 0
550.978  220.528  549.747  241.456 1.87902 0.125 19.976 0
280.332  128.449  278.501  134.5 3.16105 0.125 1.55013 0
403.805  357.401  408.094  370.632 1.5158 0.125 2.2932 0
136.458  155.585  111.465  156.742 2.04409 0.125 30.8131 0
220.515  152.037  239.5  151.514 1.19238 0.125 4.62348 0
200.498  43.5462  233.513  45.2501 2.15197 0.125 38.6254 0
464.5  51.5  464.5  30.5 1 0.125 4.62348 0
53.4608  282.927  79.4081  281.154 2.29242 0.125 23.6051 0
431.505  207.527  421.299  209.409 1.86231 0.125 2.8173 0
148.041  326.496  147.926  339.495 1.08839 0.125 5.52657 0
479.509  313.89  458.499  313.586 1.27489 0.125 5.52657 0
179.501  301.795  154.5  301.775 1.01849 0.125 7.33275 0
233.956  0.537274  239.095  75.5962 3.4997 0.125 159.181 0
111.478  81.1382  33.4823  82.4258 2.49493 0.125 137.926 0
98.5122  377.176  122.516  378.084 1.84747 0.125 24.4915 0
500.653  195.176  481.505  199.52 2.13089 0.125 12.5219 0
179.474  374.325  191.365  372.579 1.68822 0.125 4.62348 0
156.509  348.252  89.4945  349.021 2.04575 0.125 104.612 0
369.511  416.389  382.581  417.684 2.58217 0.125 9.96236 0
298.714  37.5412  296.007  51.5976 1.7384 0.125 6.42966 0
414.931  25.478  413.694  57.4688 2.15317 0.125 22.4814 0
343.518  439.366  351.511  440.417 2.71373 0.125 1.42765 0
568.734  560.212  575.394  565.63 2.18257 0.125 0.668085 0
391.472  274.712  402.543  276.172 1.77614 0.125 4.62348 0
172.499  81.7898  136.499  81.6097 2.10006 0.125 42.4645 0
289.501  184.892  212.5  184.731 1.15649 0.125 54.2934 0
256.493  44.6686  293.509  46.2936 2.42695 0.125 38.884 0
351.494  440.757  368.492  440.609 2.07844 0.125 14.5575 0
404.505  389.958  394.496  390.059 1.09125 0.0625 5.17742 0
57.4925  336.5  58.9596  361.532 1.82104 0.125 24.6822 0
465.5  23.5  465.5  2.5 1 0.125 4.62348 0
98.3247  13.6141  114.519  38.4876 1.34443 0.125 21.7822 0
137.497  186.773  123.497  186.829 1.05189 0.0625 1.61318 0
278.704  135.365  276.143  150.439 1.65579 0.125 7.33275 0
80.3566  194.509  80.4569  184.51 2.07016 0.125 3.72039 0
273.516  259.892  283.483  260.157 2.07891 0.125 2.8173 0
199.077  262.505  198.762  234.497 1.2018 0.125 18.703 0
307.012  0.184338  299.113  37.4178 2.19314 0.125 56.9471 0
110.501  344.429  144.498  344.717 1.06774 0.125 15.4606 0
434.563  224.79  442.544  224.404 2.33662 0.125 1.55013 0
121.19  48.6972  136.665  73.0308 1.61359 0.125 23.7884 0
462.614  202.136  435.413  207.014 2.04328 0.125 26.2425 0
33.5017  40.8568  49.5016  40.9002 1.03794 0.015625 5.5067 0
180.43  88.2048  163.437  92.2337 2.07627 0.125 14.8636 0
461.5  125.5  461.5  106.5 1 0.125 2.8173 0
529.507  190.538  501.371  195.811 2.08811 0.125 23.5811 0
83.753  216.574  82.6713  205.582 1.69659 0.125 0.668085 0
297.514  432.513  297.933  400.493 1.97361 0.125 21.5127 0
536.47  321.74  552.593  323.76 1.73814 0.125 10.042 0
75.5014  157.881  48.5016  157.819 1.05733 0.125 9.13893 0
407.476  437.262  480.449  429.99 2.29788 0.125 115.705 0
316.848  129.197  313.082  137.306 1.87838 0.125 0.108034 0
462.5  93.5  462.5  77.5 1 0.125 0.108034 0
497.606  33.3492  495.199  47.6179 1.82918 0.125 7.74756 0
78.1139  164.555  79.8322  176.595 3.11023 0.125 8.38105 0
156.383  96.3892  148.089  105.109 1.5907 0.125 5.52657 0
315.497  45.6591  350.523  46.3929 2.31372 0.125 50.6811 0
144.403  187.506  145.051  197.529 1.32006 0.0625 0.463196 0
255.534  140.148  274.549  142 2.47522 0.125 15.0905 0
150.499  42.6062  174.508  42.9417 1.29333 0.125 12.7513 0
501.556  428.466  486.492  427.647 1.99705 0.125 3.28424 0
197.8  232.498  197.516  192.5 1.12739 0.125 21.7822 0
222.887  240.511  223.009  247.509 1.10382 0.03125 1.31215 0
365.527  313.939  350.466  313.209 2.2883 0.125 19.0729 0
414.596  310.621  407.463  309.838 2.42427 0.125 1.91421 0
147.489  106.023  141.375  118.969 2.08526 0.125 6.5569 0
379.518  311.944  362.545  312.626 2.4396 0.125 23.5884 0
374.618  93.4996  374.515  66.4999 1.03805 0.125 10.042 0
465.5  245.5  465.5  228.5 1 0.125 1.01112 0
589.074  552.962  582.279  545.707 2.91947 0.125 6.64198 0
200.826  197.489  200.76  207.502 2.00661 0.0625 2.67151 0
505.022  477.043  494.857  468.094 2.82272 0.125 18.4304 0
141.808  157.545  143.04  176.53 2.38409 0.125 25.3946 0
222.299  216.496  221.993  230.489 1.19637 0.125 1.91421 0
443.419  233.53  443.914  251.516 2.19198 0.125 10.1529 0
494.749  82.4317  493.297  98.3906 2.35402 0.125 9.21386 0
523.512  81.5009  524.749  64.5181 1.77683 0.125 7.51526 0
565.9  236.701  567.14  246.545 2.3591 0.125 0.563807 0
12.8078  348.489  13.0221  354.481 2.10594 0.0625 0.409064 0
571.28  536.587  557.837  525.105 2.81972 0.125 22.0298 0
125.524  80.8763  114.463  80.4449 2.38813 0.125 10.9451 0
222.526  231.498  223.231  239.61 1.99249 0.125 1.01112 0
181.15  182.473  179.918  152.483 2.79237 0.125 38.8759 0
366.312  59.3755  361.874  66.0863 2.78497 0.125 0.563807 0
396.586  335.858  430.451  333.721 2.81481 0.125 54.5851 0
121.506  377.621  169.531  375.09 2.41695 0.125 80.6181 0
555.357  522.552  505.564  477.536 3.30136 0.125 117.874 0
263.383  232.083  276.459  231.005 2.98986 0.125 13.3898 0
139.117  172.406  137.466  161.505 2.42677 0.125 6.86018 0
399.492  314.343  421.487  313.243 1.44832 0.125 13.6544 0
408.349  328.148  424.593  326.339 3.20081 0.125 30.9437 0
579.555  543.434  573.427  538.377 2.95036 0.125 3.1603 0
27.3419  36.5178  25.6461  21.4835 1.55411 0.125 8.23584 0
384.386  330.524  407.421  327.823 2.80166 0.125 17.8233 0
453.586  60.2427  451.278  68.4376 1.80338 0.0625 0.463196 0
380.629  292.909  361.661  288.765 3.02129 0.125 20.3219 0
547.535  252.81  536.451  254.069 1.76149 0.125 2.8173 0
389.5  348.5  405.5  348.5 1 0.125 0.108034 0
392.558  393.456  447.537  390.104 2.15419 0.125 85.7898 0
55.5  337.5  55.5  353.5 1 0.125 0.108034 0
511.912  48.4745  511.13  66.5273 1.91151 0.125 13.9727 0
442.508  252.887  430.497  252.738 2.01228 0.125 7.33275 0
425.408  326.436  433.52  325.731 2.16544 0.125 1.01112 0
394.51  310.57  387.635  311.498 2.38304 0.0625 4.02142 0
467.516  388.618  528.498  380.483 2.90707 0.125 81.653 0
48.3488  251.484  48.6154  265.498 2.20892 0.125 9.21386 0
338.612  269.717  357.651  272.442 1.83597 0.125 18.1698 0
409.117  87.4761  408.489  97.5616 1.87181 0.125 0.668085 0
530.243  410.317  520.26  424.329 2.08683 0.125 9.96236 0
275.503  210.642  233.498  211.41 2.146 0.125 37.2479 0
464.477  330.795  506.497  329.404 3.30313 0.125 80.7235 0
182.5  204.5  182.075  186.486 2.25889 0.125 11.723 0
39.3895  288.77  34.9812  270.626 3.12393 0.125 27.1072 0
250.5  151.5  269.5  151.5 1 0.125 2.8173 0
519.854  423.86  506.703  427.281 2.86394 0.125 10.8174 0
506.483  328.776  515.45  329.323 1.48495 0.125 0.108034 0
431.497  174.507  451.68  183.077 2.23176 0.125 7.88154 0
214.52  297.638  204.444  299.119 2.56033 0.125 1.50405 0
179.177  138.444  178.28  127.518 2.82634 0.125 1.79958 0
473.475  164.256  463.376  165.295 2.67722 0.125 2.34059 0
448.456  389.967  466.497  388.462 1.82822 0.125 14.5575 0
462.488  424.368  424.528  427.814 1 0.125 19.976 0
219.529  241.5  219.454  212.498 1 0.125 9.52392 0
519.5  57.5  519.5  41.5 1 0.125 0.108034 0
583.763  350.455  585.618  361.309 2.78855 0.125 8.38953 0
75.4627  66.4966  81.8399  73.1342 2.94106 0.125 10.9451 0
81.5  374.5  100.5  374.5 1 0.125 2.8173 0
72.6776  151.129  54.5317  142.434 2.74292 0.125 16.1788 0
408.865  177.591  432.302  186.993 2.76814 0.125 28.7496 0
533.927  386.385  531.104  400.42 2.74386 0.125 12.5312 0
226.659  244.491  225.381  221.451 2.16304 0.125 11.6231 0
224.499  338.295  227.018  350.599 2.38371 0.125 3.28424 0
398.438  424.615  440.582  421.67 2.59601 0.125 68.5477 0
469.436  286.647  481.443  285.742 2.29498 0.125 7.74756 0
130.52  177.724  121.589  178.509 2.34254 0.125 3.72039 0
374.884  127.49  374.471  111.501 1.15444 0.125 0.108034 0
115.474  268.093  101.467  268.981 2.50256 0.125 16.3637 0
183.491  178.282  203.498  177.452 1.74938 0.125 14.8636 0
428.323  188.94  402.831  178.679 1.86703 0.125 22.0298 0
464.5  308.513  429.511  309.797 2.74117 0.125 57.197 0
305.285  75.1379  314.338  44.7496 3.03884 0.125 49.0537 0
401.451  188.632  381.589  181.26 1.73972 0.125 6.61688 0
390.542  181.398  413.411  190.718 2.43564 0.125 19.6006 0
210.807  131.384  216.191  145.617 1.41517 0.125 2.2932 0
403.771  196.92  395.671  193.135 2.29447 0.0625 2.24793 0
440.424  421.858  479.588  417.247 2.68786 0.125 60.1628 0
528.472  300.5  545.515  300.972 2.30413 0.125 5.61522 0
572.509  298.252  597.513  299.137 1.21163 0.125 12.7513 0
194.491  131.449  205.488  129.434 2.14745 0.125 6.42966 0
72.4987  123.302  134.503  122.883 2.16924 0.125 61.8242 0
198.474  83.3512  188.435  85.1317 1.79463 0.125 1.01112 0
241.146  249.509  240.703  232.495 2.23372 0.125 9.10874 0
0.379958  461.355  60.4634  411.456 3.23369 0.125 125.759 0
290.613  48.4561  289.723  66.4616 2.04694 0.125 6.04281 0
482.393  43.4407  481.731  33.4846 2.39339 0.125 4.62348 0
26.5393  427.559  16.8408  434.012 3.05486 0.125 9.96236 0
432.621  320.966  407.544  323.034 3.31856 0.125 26.8152 0
29.6738  83.4944  29.257  70.4758 1.99898 0.0625 1.50022 0
122.5  373.5  140.5  373.5 1 0.125 1.91421 0
590.333  370.249  598.447  382.892 3.30354 0.125 13.7112 0
354.494  368.008  372.504  367.771 1.23691 0.125 7.74756 0
33.8244  112.472  31.4378  84.5909 2.64792 0.125 41.894 0
290.562  125.025  308.549  122.915 2.45224 0.125 18.703 0
256.412  222.349  276.447  220.81 2.53237 0.125 13.5803 0
440.47  86.5018  439.634  72.492 1.47495 0.125 3.31706 0
52.6421  407.71  43.2232  414.091 2.80456 0.125 10.1408 0
340.767  321.072  353.717  329.153 2.0158 0.125 3.28424 0
256.312  386.883  262.727  390.04 2.56059 0.125 0.108034 0
352.353  616.155  338.383  613.023 1.7328 0.125 4.02883 0
420.491  215.439  443.457  212.193 1.83004 0.125 15.1105 0
96.494  126.251  80.5277  126.64 3.12075 0.125 28.1038 0
119.309  133.058  129.527  131.704 3.17678 0.125 5.78041 0
132.561  298.054  120.378  296.39 3.37843 0.125 16.9572 0
142.497  123.284  171.505  122.871 2.12791 0.125 26.2425 0
348.5  43.5  316.5  43.5 1 0.125 14.5575 0
318.216  355.104  324.071  350.902 2.56137 0.125 2.8173 0
365.437  301.096  382.458  302.898 1.56783 0.125 0.670152 0
381.132  284.044  387.321  292.629 1.98074 0.125 1.55013 0
482.499  325.086  500.501  325.039 1.03864 0.125 1.91421 0
32.4558  348.497  33.1629  336.48 2.34899 0.125 3.1796 0
152.893  73.5305  151.583  47.4456 2.74951 0.125 30.4908 0
172.514  368.91  81.4855  372.083 2.59092 0.125 129.596 0
221.521  177.664  235.42  175.879 2.11112 0.125 0.811332 0
285.682  287.758  279.765  278.333 2.8561 0.125 4.11395 0
366.581  182.303  392.685  193.051 1.95829 0.125 12.6255 0
38.3724  418.331  31.515  423.52 1.40083 0.03125 0.245595 0
287.503  141.543  297.523  140.822 2.49777 0.0625 2.00187 0
353.519  111.74  271.467  118.073 2.98771 0.125 96.7371 0
188.827  257.503  189.076  229.496 2.98214 0.125 40.5819 0
263.097  390.258  270.627  394.261 2.291 0.125 1.91421 0
338.317  609.128  350.451  612.669 2.08069 0.125 4.89868 0
205.514  529.397  187.564  527.017 1.85117 0.125 0.888717 0
240.579  525.994  222.397  523.162 1.75747 0.125 4.94605 0
445.499  214.49  417.51  218.566 2.10405 0.125 19.6006 0
22.0912  360.934  31.3121  348.362 1.77433 0.125 6.64198 0
227.55  373.429  251.615  390.336 1.54852 0.125 15.9279 0
482.517  455.144  464.511  454.277 2.94841 0.125 22.7907 0
17.3012  435.159  9.90044  439.471 2.95268 0.125 2.27789 0
122.627  285.906  108.625  282.914 2.79167 0.125 4.2626 0
126.609  144.406  120.997  137.937 2.9214 0.125 5.97339 0
393.562  322.724  382.438  323.29 2.39453 0.0625 3.13832 0
70.5055  251.22  52.4928  250.869 1.3108 0.125 13.6544 0
224.475  139.979  237.493  139.35 1.14357 0.0625 1.63941 0
305.404  352.3  296.525  356.551 1.73574 0.125 1.01112 0
304.466  355.994  317.542  355.124 2.65928 0.125 13.6527 0
418.178  359.556  420.285  371.711 2.10186 0.125 3.13013 0
362.678  325.093  375.429  330.662 1.94887 0.125 3.98429 0
178.5  298.5  161.5  298.5 1 0.125 1.01112 0
202.538  60.4982  201.92  47.4801 2.23499 0.0625 2.66243 0
279.498  42.3326  256.501  42.5896 1.02229 0.125 4.62348 0
403.504  181.488  420.292  188.033 1.38937 0.125 5.97339 0
132.507  281.676  125.479  281.938 3.03524 0.125 1.55013 0
314.747  42.5767  327.787  0.589017 2.76414 0.125 46.3623 0
60.5942  400.602  53.3291  407.315 1.69213 0.125 0.668085 0
55.7877  25.2428  41.6187  9.39391 1.92045 0.125 7.83855 0
231.494  201.392  216.487  202.283 1.81866 0.125 6.86018 0
86.6117  214.492  85.4152  198.506 2.21836 0.125 3.2366 0
133.891  36.8498  128.008  24.2624 2.96375 0.125 9.32668 0
379.529  617.379  360.415  612.858 2.12413 0.125 8.65262 0
193.021  200.518  193.598  215.496 1.23041 0.125 1.01112 0
406.502  569.44  390.487  568.847 1.33232 0.125 4.02883 0
227.146  351.577  229.936  364.405 3.27088 0.125 5.83682 0
96.6677  299.46  88.5612  292.429 2.721 0.125 1.79958 0
532.492  406.375  546.501  405.519 2.11836 0.125 4.02089 0
214.858  217.433  211.637  200.286 3.00842 0.125 3.56719 0
392.352  279.624  405.076  294.854 3.06958 0.125 17.4471 0
174.45  125.843  153.469  126.473 2.53992 0.125 21.1621 0
227.5  41.4923  200.501  41.2987 1.12193 0.125 9.13893 0
253.521  208.84  276.497  207.452 1 0.125 6.42966 0
377.491  510.638  366.54  509.902 1.92845 0.125 1.55013 0
247.409  525.114  263.5  527.5 1.39186 0.125 4.20178 0
336.995  373.808  345.389  387.568 2.66313 0.125 2.47705 0
569.421  363.282  576.806  394.427 2.25722 0.125 13.2039 0
341.076  49.5981  337.349  71.4743 3.6073 0.125 18.9552 0
366.517  392.988  392.488  393.851 2.36421 0.125 37.2125 0
183.481  235.502  185.14  254.444 1.55626 0.125 10.4128 0
188.716  228.563  186.709  203.563 2.03029 0.125 19.329 0
387.519  766.683  376.431  767.838 1.6162 0.125 1.01112 0
322.5  774.589  339.5  774.503 1.03049 0.125 0.108034 0
211.666  199.612  210.422  190.376 3.1066 0.125 1.79958 0
95.8145  72.2252  77.6163  51.3984 2.07634 0.125 17.2811 0
166.5  39.5  148.5  39.5 1 0.125 1.91421 0
192.514  146.493  186.121  133.201 2.16716 0.125 5.7097 0
362.484  743.941  352.492  744.219 1.19389 0.0625 0.463196 0
287.507  138.502  290.027  127.622 2.62549 0.125 2.45711 0
495.395  287.529  510.443  289.058 2.39427 0.125 11.7388 0
118.49  306.296  80.4868  308.243 1.76619 0.125 23.1493 0
159.504  305.705  134.512  306.164 1.33027 0.125 23.5884 0
338.492  776.318  320.524  777.071 1.78904 0.125 4.02089 0
354.512  210.297  344.487  209.717 1.40236 0.125 1.01112 0
363.817  5.42341  361.688  24.4089 2.98131 0.125 14.225 0
405.51  775.979  396.493  776.168 1.16746 0.0625 0.463196 0
103.444  71.5062  101.551  54.3838 2.43229 0.125 11.723 0
193.888  40.4313  191.942  29.4219 2.20338 0.125 3.1603 0
61.9599  15.2719  58.7791  8.85749 3.59095 0.125 3.13013 0
84.8241  181.564  87.5883  167.517 3.34547 0.125 3.66867 0
82.3627  168.513  80.8954  153.559 1.89278 0.125 7.51526 0
89.0831  233.444  90.6925  221.392 2.77659 0.125 7.45533 0
74.9481  31.7957  69.2239  21.1121 2.08127 0.0625 0.933453 0
90.647  220.549  88.8166  188.539 2.99511 0.125 28.7332 0
88.5  368.5  103.5  368.5 1 0.00390625 4.94365 0
350.496  506.475  337.536  508.707 1.83421 0.0625 1.45976 0
467.494  379.694  445.484  379.04 1.02926 0.125 1.42765 0
93.6  232.498  93.3963  223.502 2.06739 0.0625 1.55421 0
201.442  184.514  201.759  255.508 3.16968 0.125 65.5245 0
345.512  84.8602  198.506  82.1696 2.5803 0.125 297.009 0
162.552  0.481579  184.163  61.6192 1.56099 0.125 69.3433 0
358.967  84.5186  357.93  110.517 2.87807 0.125 41.2649 0
352.509  316.697  472.487  311.214 1.65429 0.125 73.6553 0
295.084  54.4183  290.547  77.5092 2.90942 0.125 35.0224 0
354.141  51.3124  344.617  69.5608 2.97041 0.125 29.0831 0
394.569  295.224  419.281  301.381 2.92427 0.125 23.8759 0
198.29  355.58  196.29  325.514 4.45814 0.125 14.9134 0
313.707  287.155  369.242  277.08 14.0407 0.125 13.6399 0
515.447  158.146  478.531  163.708 2.47879 0.125 18.4238 0
476.151  44.4552  474.721  87.4741 1.99638 0.03125 42.703 0
170.401  374.522  202.576  371.253 2.2771 0.125 43.2632 0
112.333  204.423  115.022  233.359 3.12415 0.125 26.9399 0
8.25866  399.128  56.6592  367.746 2.65325 0.0625 11.6954 0
37.498  129.517  62.3743  132.536 2.73718 0.125 23.3938 0
136.516  273.045  494.521  285.92 2.21435 0.125 5.5805 0
240.498  253.485  406.705  233.546 32.7651 0.125 7.36538 0
53.4518  322.029  115.432  315.825 18.0101 0.125 11.6426 0
336.459  424.188  391.5  425.515 3.7336 0.125 42.4638 0
322.043  438.415  555.983  405.985 10.6475 0.125 38.3032 0
379.532  0.515672  357.427  44.9664 2.657 0.125 64.8429 0
432.38  256.131  149.37  281.022 3.54034 0.125 39.8901 0
