359
475.764  249.505  475.844  260.505 2.06517 0.125 5.52657 0
511.84  246.408  509.723  261.531 3.36716 0.125 18.5065 0
222.539  303.111  201.499  302.524 1.91554 0.125 22.6853 0
503.513  109.652  530.51  109.337 2.29126 0.125 52.4585 0
540.4  217.047  557.245  213.341 2.07065 0.125 11.8953 0
371.504  418.712  351.492  419.123 1.34869 0.125 3.60558 0
90.542  348.122  101.578  320.136 1.97818 0.125 36.3166 0
467.488  281.707  475.519  282.172 1.34523 0.0625 2.8173 0
95.5128  401.246  72.4706  400.083 1.84625 0.125 23.5884 0
125.518  399.855  99.4843  401.196 1.89447 0.125 31.7162 0
531.204  110.44  530.007  136.477 3.21467 0.125 44.9295 0
182.478  310.092  222.523  307.917 2.61589 0.125 76.8707 0
485.797  20.4984  485.824  42.5008 2 0.125 26.2976 0
502.157  86.5069  502.368  66.5092 2.14766 0.125 15.2144 0
396.132  171.525  395.495  187.54 2.2766 0.125 10.8723 0
501.56  118.529  501.373  112.473 2.15325 0.125 1.91421 0
75.3947  598.451  67.0389  616.284 1.92496 0.125 19.976 0
392.484  409.984  434.537  408.663 2.71609 0.125 87.7078 0
247.425  393.592  224.499  395.483 2.32215 0.125 28.2592 0
41.8737  669.211  35.7027  682.593 2.02319 0.125 6.5569 0
274.651  389.261  253.491  393.455 2.36835 0.125 26.901 0
419.683  131.515  419.428  117.501 1.03616 0.0625 2.8173 0
530.497  138.54  560.497  138.461 2.07407 0.125 64.2274 0
343.166  70.5061  341.887  0.492925 1.98622 0.125 104.788 0
533.519  60.457  531.984  95.4774 1.91884 0.125 39.3359 0
222.503  348.557  203.51  349.666 1.40637 0.125 8.23584 0
573.118  121.797  587.705  113.877 2.38559 0.125 11.6736 0
52.733  646.616  46.9383  658.219 2.23925 0.125 5.69779 0
572.035  27.8453  598.281  9.19161 2.08146 0.125 37.1608 0
426.692  34.5017  426.816  20.4939 1.10615 0.015625 6.22735 0
455.824  129.498  455.762  149.498 1.05875 0.125 0.668085 0
355.498  396.294  376.494  396.039 1.16982 0.125 5.52657 0
431.518  409.796  470.555  407.393 2.1342 0.125 53.0985 0
9.48465  738.492  0.7923  756.152 1.86413 0.125 9.21386 0
6.27702  601.355  0.68077  609.968 1.92824 0.125 1.55013 0
399.601  118.502  399.923  98.4907 1.2571 0.125 7.33275 0
198.764  145.516  199.439  176.523 2.47842 0.125 31.2335 0
506.559  349.176  529.701  353.399 1.96025 0.125 24.6822 0
384.66  159.452  385.52  144.501 1.88187 0.125 10.9451 0
141.353  349.948  130.451  350.981 2.93515 0.125 12.7513 0
465.521  312.344  497.494  316.544 1.90318 0.125 33.1122 0
14.7199  589.018  7.41473  600.829 2.30561 0.125 6.55695 0
399.292  150.493  399.97  131.481 1.92749 0.125 18.1698 0
530.501  95.6758  502.496  95.8431 2.14934 0.125 33.6296 0
200.411  190.553  202.014  223.524 1.87272 0.125 37.2125 0
357.483  290.087  333.441  291.087 2.87272 0.125 19.8306 0
398.431  0.491051  396.729  13.5299 2.24216 0.125 10.042 0
464.637  100.517  465.869  90.423 2.71195 0.125 8.63548 0
509.327  281.633  510.124  288.656 2.98087 0.125 3.72039 0
124.658  548.149  129.159  537.358 1.61368 0.125 0.668085 0
114.544  456.054  100.473  457.163 1.67952 0.125 4.20178 0
357.497  461.879  382.501  461.778 1.1007 0.125 7.33275 0
379.271  223.499  379.308  206.5 1.0372 0.125 1.01112 0
30.2003  43.2134  42.5429  48.3978 2.76591 0.125 4.60708 0
342.827  208.5  342.864  79.4998 1.03696 0.125 101.254 0
486.5  138.619  499.5  138.612 2.00609 0.125 8.23584 0
542.471  357.199  527.417  358.634 2.18075 0.125 3.42942 0
597.951  185.503  597.768  213.502 1.18263 0.125 8.25658 0
503.124  23.5505  501.507  11.4991 2.77994 0.125 9.1425 0
435.51  351.152  501.51  350.091 1.95151 0.125 85.5431 0
561.042  12.4789  559.562  44.5029 1.90555 0.125 35.3952 0
390.738  127.502  390.89  103.496 1.1207 0.125 7.33275 0
74.7966  500.696  65.1763  515.287 2.25693 0.125 12.5312 0
187.443  183.818  196.511  185.436 1.79325 0.125 1.01112 0
135.044  521.695  145.495  492.498 2.03258 0.125 15.6558 0
455.739  199.508  455.605  186.499 2.10302 0.125 10.042 0
359.378  109.51  360.236  120.442 2.30714 0.125 1.42771 0
318.676  211.509  316.495  0.500052 2.13159 0.125 299.553 0
360.493  302.229  371.538  301.937 1.9993 0.125 5.52657 0
466.297  31.2986  480.74  16.7462 2.88162 0.125 37.1347 0
430.267  3.49361  429.992  13.5135 1.21881 0.0625 2.8173 0
540.501  44.8177  503.502  44.9515 1.12664 0.125 17.1751 0
10.969  335.781  3.42507  321.54 1.40428 0.125 0.57978 0
408.56  315.911  393.514  314.366 1.68308 0.125 7.33275 0
424.694  319.684  409.594  316.102 1.89638 0.125 7.74756 0
118.991  378.205  127.553  392.468 1.37064 0.125 2.2932 0
365.791  121.494  365.688  133.502 1.09487 0.03125 1.71607 0
575.527  315.796  584.552  316.137 1.96078 0.125 1.01112 0
443.094  0.23854  437.24  9.33277 1.68174 0.125 1.01112 0
205.406  453.613  232.526  450.749 2.04458 0.125 36.2316 0
93.7788  503.657  103.879  485.713 2.07162 0.125 8.01974 0
359.844  35.503  359.946  57.5026 2.07431 0.125 22.0015 0
471.457  300.057  514.588  303.353 2.00093 0.125 42.2633 0
445.521  36.5  445.511  22.5 1.00415 0.0625 2.8173 0
166.515  349.932  154.497  349.623 2.15354 0.125 7.33275 0
326.499  461.689  356.504  461.888 1.97342 0.125 28.8386 0
533.441  310.281  556.461  312.02 2.01228 0.125 15.9358 0
90.5237  375.081  115.5  376.495 1.07351 0.125 7.33275 0
467.017  318.031  454.431  306.576 2.01929 0.125 10.8723 0
130.476  411.753  106.501  412.517 2.41324 0.125 28.347 0
177.442  455.73  193.501  454.511 1.99426 0.125 15.4606 0
321.759  328.627  320.204  319.551 2.33622 0.125 0.563807 0
311.566  214.499  311.349  190.492 1 0.125 7.33275 0
383.472  461.97  404.519  460.848 1.73104 0.125 19.0729 0
458.257  177.932  475.516  170.538 1.57512 0.125 9.52392 0
416.556  212.424  417.927  195.454 1.99351 0.125 16.3637 0
382.837  267.499  382.797  248.499 1.03778 0.125 1.91421 0
465.493  369.12  451.498  369.365 1.08689 0.0625 1.61318 0
484.51  392.165  495.502  392.243 2.03556 0.125 4.62348 0
446.055  161.513  449.703  0.481948 2.22297 0.125 275.955 0
436.56  256.485  436.689  265.497 1.99979 0.125 1.91421 0
479.599  176.515  477.285  191.467 2.65885 0.125 14.2496 0
474.486  306.633  507.539  310.128 1.73052 0.125 38.0378 0
384.897  129.512  384.566  113.499 2.24771 0.125 12.7737 0
227.484  243.003  239.471  243.389 2.22427 0.125 6.42966 0
292.35  263.506  291.85  250.525 1.34582 0.125 4.62348 0
387.501  344.441  339.51  343.794 1.62042 0.125 37.3174 0
415.632  274.503  416.353  241.497 2.15226 0.125 40.2259 0
165.486  420.9  110.493  422.219 1.90351 0.125 68.2487 0
431.496  457.292  357.525  458.759 2.2574 0.125 100.835 0
444.409  177.497  444.886  164.478 2.0719 0.125 4.84021 0
196.204  113.351  197.8  131.561 2.90119 0.125 13.4242 0
109.458  25.8217  121.536  25.0718 2.42996 0.125 14.5575 0
441.41  224.516  441.716  207.486 2.21483 0.125 18.5634 0
38.4869  216.949  56.5299  217.474 2.23176 0.125 21.7822 0
430.687  98.5068  431.996  62.4817 1.92602 0.125 49.778 0
563.508  224.54  595.595  217.964 2.23243 0.125 29.6564 0
29.4994  257.986  59.5006  257.948 1.03785 0.125 16.3637 0
430.797  129.501  430.902  102.498 1.09696 0.125 10.042 0
476.651  143.75  482.378  140.297 2.92179 0.0625 2.24793 0
382.772  224.504  382.967  211.477 2.02962 0.125 10.042 0
532.594  319.771  544.651  321.33 1.85522 0.125 5.52657 0
183.489  388.812  193.512  389.156 1.34279 0.125 3.72039 0
281.469  336.495  283.297  325.304 2.15477 0.125 1.42771 0
429.866  170.5  429.893  134.5 1.0279 0.125 17.2667 0
453.032  271.479  454.652  234.507 2.90955 0.125 52.4995 0
208.788  410.527  208.229  395.51 1.84988 0.125 9.13893 0
500.5  58.5  529.5  58.5 1 0.125 11.8482 0
188.492  292.144  199.509  291.881 1.21442 0.125 3.72039 0
525.495  9.60485  534.522  10.0737 1.36172 0.03125 5.8276 0
598.645  332.379  583.51  330.424 1.98353 0.125 7.51526 0
397.489  445.67  422.442  447.355 2.1302 0.125 21.0695 0
505.408  461.383  493.57  462.356 2.90796 0.125 9.26472 0
176.515  452.564  159.504  452.799 2.1246 0.125 16.3637 0
454.591  221.591  456.108  203.467 2.73925 0.125 22.0298 0
541.478  301.044  588.483  302.932 1.92231 0.125 36.6842 0
222.54  417.083  170.509  420.628 2.49568 0.125 57.5338 0
243.489  240.613  229.518  239.306 2.27065 0.125 7.40595 0
250.384  448.644  258.24  447.581 2.15224 0.125 0.108034 0
581.538  161.426  582.529  148.502 1.84121 0.125 2.2932 0
194.08  75.521  195.384  101.556 2.64751 0.125 32.0795 0
431.668  49.5061  432.686  21.4704 1.9261 0.125 34.4255 0
485.218  47.1787  472.416  58.4047 1.97795 0.125 14.8636 0
243.492  414.434  223.423  416.862 2.1375 0.125 15.1105 0
443.716  326.822  428.655  322.015 1.86486 0.125 3.1796 0
49.5062  337.746  8.50709  338.781 1.83238 0.125 11.2005 0
63.4027  463.583  62.2685  448.517 2.84138 0.125 18.703 0
51.5298  339.993  73.5101  338.667 2.29744 0.125 12.8921 0
366.5  444.509  321.486  442.896 1.64397 0.125 21.6307 0
345.431  77.7566  355.51  80.4641 1.48464 0.0625 2.8173 0
71.6459  44.0374  79.2091  46.4224 2.61184 0.125 2.8173 0
366.129  273.455  364.554  286.507 1.86581 0.125 4.02883 0
330.497  446.907  388.489  447.275 3.26028 0.125 55.4078 0
15.1729  73.5244  14.1964  60.448 1.99445 0.125 7.74756 0
333.394  273.494  334.127  259.48 1.31203 0.125 3.72039 0
416.96  230.51  416.731  218.496 1.19077 0.03125 3.77414 0
565.486  308.989  543.476  308.366 2.11233 0.125 25.5762 0
57.5055  215.833  81.5039  216.03 3.03267 0.125 15.9127 0
29.4939  348.849  39.5083  349.023 2.08692 0.125 3.72039 0
309.861  85.4965  309.434  41.5006 1.13575 0.125 25.3946 0
49.511  246.3  64.5206  247.125 1.8324 0.125 4.89868 0
382.835  238.502  382.808  226.502 1.02505 0.03125 0.245595 0
543.259  374.446  561.596  379.124 2.69928 0.125 21.1621 0
168.494  417.174  153.499  417.452 1.18546 0.03125 7.33275 0
482.942  -0.0352601  472.676  10.6692 2.19486 0.125 10.4128 0
85.202  14.5383  83.3851  0.386363 2.62041 0.125 13.6527 0
400.065  78.5002  400.058  64.5002 1.00608 0.0625 0.463196 0
350.226  208.017  343.97  211.567 2.60912 0.0625 1.11411 0
521.831  403.235  529.342  412.627 2.96749 0.125 14.8636 0
406.787  179.48  407.61  149.503 1.94436 0.125 22.7327 0
439.492  24.5003  440.07  41.4806 1.23759 0.125 5.52657 0
408.529  81.5005  409.102  50.4926 1.85185 0.125 34.8893 0
84.5944  48.207  104.464  54.6118 2.8867 0.125 30.7418 0
203.5  415.448  189.5  415.501 1.01884 0.0625 0.409064 0
390.016  96.5344  391.623  72.4415 2.26179 0.125 37.1347 0
568.5  51.5  568.5  34.5 1 0.125 1.01112 0
282.874  396.434  280.247  381.545 2.02701 0.125 1.79958 0
331.483  423.689  349.516  425.325 1.89925 0.125 14.8636 0
290.697  198.495  291.637  232.524 1.91644 0.125 45.2625 0
310.5  188.5  310.5  93.5 1 0.125 71.4521 0
499.799  189.544  500.784  160.544 2.93039 0.125 43.1456 0
426.5  381.498  438.581  382.642 1.9911 0.125 1.42765 0
248.084  324.794  237.347  309.608 2.11139 0.125 14.3442 0
499.806  205.548  499.049  194.531 2.3378 0.125 6.86018 0
164.638  72.4974  164.957  89.5102 1.22452 0.125 2.43315 0
288.804  232.496  288.388  202.502 1.05544 0.125 12.7513 0
572.502  111.079  545.498  110.938 1.12571 0.125 27.3647 0
152.498  311.376  179.5  311.43 2.04046 0.125 32.7342 0
420.477  443.716  447.376  446.64 2.50695 0.125 14.8275 0
511.801  83.504  511.949  72.4926 1.1343 0.0625 1.61318 0
117.417  315.586  155.377  312.14 2.53276 0.125 49.9052 0
522.316  83.6988  512.381  85.9826 2.6997 0.125 1.50405 0
193.625  424.017  241.546  420.062 3.22688 0.125 97.3568 0
468.335  401.447  476.118  377.377 1.93152 0.125 7.88154 0
67.5  262.5  42.5  262.5 1 0.125 8.23584 0
76.2645  255.42  81.1438  241.04 2.19828 0.125 13.0822 0
235.535  353.097  197.604  355.297 3.83388 0.125 76.1921 0
341.47  352.318  353.469  350.312 1.64579 0.125 1.55013 0
389.722  190.513  390.625  174.451 2.558 0.125 21.1084 0
270.962  326.098  286.781  304.962 2.62282 0.125 16.374 0
108.033  255.484  107.717  264.508 2.20878 0.125 2.8173 0
438.5  105.5  438.5  124.5 1 0.125 2.8173 0
501.499  159.423  560.499  159.487 2.06267 0.125 96.7462 0
593.813  152.511  594.121  143.487 1.23795 0.125 0.108034 0
63.7063  418.501  63.8547  396.496 1.10789 0.125 5.52657 0
105.068  32.8231  83.7103  25.8553 2.81159 0.125 25.2807 0
404.483  461.143  444.534  459.2 2.25889 0.125 43.9572 0
518.365  258.481  519.775  248.539 2.82991 0.125 0.989353 0
549.5  108.5  570.5  108.5 1 0.125 4.62348 0
598.578  364.137  578.642  359.841 2.79765 0.125 9.41952 0
28.6337  72.4891  29.5406  83.5785 2.15636 0.125 8.23584 0
108.452  269.506  111.092  291.549 2.74093 0.125 19.732 0
500.507  9.10999  489.512  8.89859 1.17281 0.125 0.668085 0
450.481  238.482  450.592  244.517 2.10961 0.125 1.91421 0
19.9352  127.54  18.7179  110.484 1.78136 0.125 12.192 0
152.51  384.84  162.532  384.534 1.4986 0.0625 0.409064 0
348.985  268.502  348.931  256.503 1.04485 0.0625 1.61318 0
454.53  355.185  438.483  353.681 2.55106 0.125 13.3898 0
78.5022  236.607  18.4864  237.834 2.53133 0.125 70.3412 0
444.642  442.624  462.495  445.528 2.15825 0.125 4.60708 0
17.3561  99.5534  16.746  86.4885 1.90453 0.125 0.811332 0
358.026  231.505  357.757  205.508 2.03091 0.125 25.7106 0
54.5435  66.4961  56.3501  86.6033 2.70788 0.125 26.3785 0
461.527  442.261  476.45  443.947 1.98735 0.125 0.811332 0
573.352  358.368  559.415  355.997 1.82444 0.125 4.89868 0
92.6257  113.492  95.2496  152.517 1.74423 0.125 30.4272 0
119.406  296.12  127.411  294.139 2.67198 0.125 1.42765 0
441.405  443.259  427.498  441.514 1.73933 0.125 5.08724 0
495.47  305.864  478.503  304.468 1 0.125 0.108034 0
58.9597  116.48  59.8023  135.575 3.2026 0.125 26.984 0
407.825  109.484  408.376  86.4731 1.95154 0.125 24.6822 0
41.4504  0.382276  42.3634  15.5082 2.99455 0.125 2.62094 0
4.48043  217.958  37.5096  216.765 2.25143 0.125 37.374 0
351.51  341.278  370.517  342.13 1.17804 0.125 5.52657 0
414.483  379.259  400.481  380.233 1.20561 0.0625 1.63941 0
518.557  436.07  489.548  438.981 1.2876 0.125 7.45533 0
566.51  62.2149  552.492  61.7292 1.34566 0.125 5.52657 0
92.8201  162.483  92.0226  147.472 1.94413 0.125 5.69779 0
330.318  102.488  329.382  116.492 2.26225 0.125 6.55695 0
107.876  334.423  109.767  343.65 2.36083 0.125 0.57978 0
106.52  29.2638  125.551  30.9103 2.03064 0.125 0.672749 0
158.531  426.12  194.492  424.344 3.10716 0.125 69.6905 0
466.662  399.483  464.543  379.495 1.88342 0.125 14.5324 0
242.44  420.089  274.343  415.428 3.15779 0.125 57.7624 0
342.496  452.405  327.521  453.015 1.24363 0.125 1.01112 0
10.525  259.16  24.5427  258.63 1.96075 0.125 3.1796 0
382.519  147.5  382.715  180.499 1.08323 0.125 15.4606 0
90.7225  117.481  89.5048  103.5 1.3433 0.125 1.91421 0
469.406  420.942  476.541  419.744 1.64097 0.03125 3.18911 0
29.9934  280.789  25.9184  287.745 2.52737 0.125 1.55013 0
301.611  377.853  314.606  376.786 2.64818 0.125 2.79889 0
501.351  43.5061  500.568  24.4972 1.45158 0.125 10.4128 0
584.707  54.5271  585.901  45.4214 2.11305 0.125 2.8173 0
21.0301  35.6289  20.0575  24.5388 2.72646 0.125 2.613 0
91.949  98.5401  92.896  111.544 1.63158 0.125 0.563807 0
195.508  354.861  130.517  356.29 2.68104 0.125 66.8579 0
545.586  329.74  505.533  325.212 1.97011 0.125 34.6767 0
134.063  226.536  132.853  245.522 1.99595 0.125 5.41095 0
522.504  14.8399  504.495  15.0365 1.15278 0.125 10.9451 0
199.5  358.5  245.5  358.5 1 0.125 27.2007 0
445.495  459.429  507.526  454.847 2.10233 0.125 72.8328 0
457.337  250.511  458.248  263.518 1.27727 0.125 1.01112 0
397.386  381.496  396.658  403.538 2.13093 0.125 17.6988 0
100.479  414.013  71.4893  415.249 1.91299 0.125 27.2501 0
85.485  457.749  118.546  459.735 2.11631 0.125 12.1615 0
416.501  352.35  363.5  352.283 2.03818 0.125 31.2777 0
415.506  333.643  393.506  334.641 3.08753 0.125 11.1188 0
499.504  110.127  487.505  110.007 1.09964 0.03125 6.14155 0
293.412  369.595  302.52  368.707 2.29188 0.0625 0.380078 0
448.992  164.549  448.732  172.475 3.12959 0.125 6.42966 0
506.601  328.534  536.485  331.645 2.09279 0.125 35.7782 0
328.301  313.538  332.215  333.749 2.94529 0.125 15.4348 0
278.048  442.272  282.887  432.696 1.77556 0.125 2.8173 0
11.4912  340.388  27.4996  340.546 1 0.125 0.108034 0
58.5  233.5  42.5  233.5 1 0.125 0.108034 0
162.5  351.5  179.5  351.5 1 0.125 1.01112 0
504.494  25.3455  534.499  25.5754 1.00763 0.125 7.51526 0
26.3944  45.5051  27.2124  62.5138 1.52726 0.125 2.34059 0
46.502  370.574  18.4684  371.333 3.24251 0.125 57.6775 0
64.4991  326.482  43.5008  327.515 1.99758 0.125 12.5219 0
358.491  424.081  374.505  423.745 2.12529 0.125 6.55695 0
437.5  367.5  472.5  367.5 1 0.125 17.2667 0
524.464  235.161  543.516  236.2 2.99554 0.125 7.98899 0
134.515  498.026  126.491  497.769 3.09431 0.125 3.98429 0
261.487  454.479  273.62  446.687 1.79842 0.125 5.97339 0
588.768  62.517  589.78  46.5177 1.68054 0.125 10.042 0
62.5418  369.843  47.6414  371.66 2.34834 0.125 10.8723 0
497.354  194.728  486.368  196.803 1.83391 0.125 0.563807 0
83.6547  279.47  81.5359  268.493 1.34279 0.0625 1.63941 0
109.678  171.478  111.388  185.514 1.83894 0.125 3.1796 0
301.917  310.202  297.641  318.572 2.23599 0.125 2.43315 0
395.515  357.764  417.526  358.219 3.20617 0.125 21.8499 0
44.5044  324.555  64.5359  322.948 1.79638 0.125 8.29566 0
194.5  350.5  213.5  350.5 1 0.125 2.8173 0
383.547  20.5003  383.402  41.5062 1 0.125 4.62348 0
487.473  325.675  499.495  327.53 2.12912 0.125 2.27789 0
104.968  61.0914  83.3623  53.9147 2.55165 0.125 9.68779 0
584.54  338.259  598.485  340.588 1.64533 0.125 2.43315 0
136.5  352.5  154.5  352.5 1 0.125 1.91421 0
262.533  406.115  250.515  406.769 2.37751 0.125 3.28424 0
526.498  137.839  502.498  137.918 2.04625 0.125 12.7544 0
46.5229  329.903  64.5216  328.88 1.31549 0.0625 2.54514 0
502.546  452.076  444.601  456.747 2.23461 0.125 45.46 0
537.491  279.5  537.87  294.516 1.65082 0.125 1.42765 0
17.5236  373.079  4.45253  372.345 2.05293 0.125 0.811332 0
199.5  346.5  215.5  346.5 1 0.125 0.108034 0
159.404  10.7437  171.499  15.5033 1.49488 0.125 1.91421 0
398.5  441.5  414.5  441.5 1 0.125 0.108034 0
390.5  337.693  373.501  337.707 2.00726 0.00390625 11.6408 0
561.529  335.269  579.495  337.538 1.24272 0.125 2.43315 0
292.5  305.5  281.209  318.242 1.40419 0.125 3.1603 0
359.513  335.871  345.495  336.365 1.38686 0.0625 2.03528 0
116.611  451.288  231.542  444.183 3.47402 0.125 228.955 0
182.501  360.776  258.502  360.884 3.01288 0.125 173.114 0
483.172  210.451  485.739  140.472 2.92469 0.125 90.0163 0
119.559  458.6  204.527  454.004 3.26799 0.125 110.552 0
477.104  69.4887  475.072  140.488 2.457 0.125 77.9904 0
440.387  267.466  442.929  185.482 2.40986 0.125 79.1337 0
235.468  347.425  179.458  349.072 3.14534 0.125 115.493 0
50.0014  0.465059  52.5174  36.5685 2.62083 0.125 46.7511 0
119.232  507.369  93.3023  560.403 2.05684 0.125 79.9779 0
131.479  363.581  557.462  353.822 3.38856 0.125 69.4325 0
53.151  46.4498  61.8752  159.548 2.99111 0.125 173.897 0
517.5  8.52302  571.5  8.52717 3.00061 0.0625 87.2588 0
397.038  102.499  396.921  144.504 2.09995 0.125 22.5322 0
319.575  354.928  463.487  361.773 5.51692 0.125 28.0664 0
44.4547  545.772  21.1477  579.255 3.12957 0.125 54.5186 0
417.318  118.494  412.532  265.501 1.39408 0.125 53.1008 0
85.5516  452.449  499.5  441.482 3.64865 0.125 91.9851 0
383.563  51.5005  382.866  141.503 1.51936 0.125 9.93011 0
80.1428  55.4496  86.8112  140.476 1.75931 0.125 43.015 0
282.424  427.137  420.487  424.744 7.9988 0.125 62.4514 0
359.728  11.5234  368.212  291.721 16.0229 0.125 20.2688 0
85.763  577.143  53.233  644.371 2.72949 0.125 117.057 0
397.853  33.4971  396.806  270.497 2.01538 0.125 36.4534 0
99.3613  356.662  137.416  361.205 3.52696 0.125 17.7635 0
67.5906  463.583  203.569  450.203 16.9684 0.125 200.089 0
92.8611  561.199  14.0165  728.743 3.40668 0.125 301.919 0
48.7594  97.5818  52.5171  131.609 2.31722 0.125 12.0889 0
586.463  334.83  351.648  308.198 4.91735 0.125 43.721 0
463.27  147.49  466.313  77.4484 2.78019 0.125 56.0693 0
396.59  235.461  404.056  59.4812 2.29494 0.125 80.0446 0
375.493  206.5  375.56  286.5 1.00751 0.125 52.948 0
300.384  418.668  412.457  420.772 9.75417 0.125 44.9578 0
38.649  370.642  179.455  360.847 4.25912 0.0625 166.166 0
340.385  251.941  469.089  225.498 3.59581 0.0625 17.4739 0
457.398  85.4948  451.725  197.562 3.31206 0.125 98.3776 0
190.704  25.487  198.212  143.518 3.10325 0.125 106.12 0
433.672  0.514126  399.262  418.62 51.8248 0.125 40.011 0
495.727  412.739  426.626  419.742 5.60629 0.0625 72.8385 0
194.469  356.932  99.4781  362.097 2.25667 0.125 70.6469 0
90.2969  458.713  199.304  465.602 8.648 0.125 137.019 0
71.5062  427.883  494.541  421.001 3.66948 0.125 261.256 0
418.558  344.76  406.621  13.6038 84.9809 0.03125 676.832 0
452.523  347.541  4.58928  357.511 11.064 0.125 177.389 0
60.0535  410.917  243.48  404.887 38.9789 0.125 38.9417 0
390.658  165.509  391.991  1.49586 2.79679 0.125 239.347 0
110.558  420.817  523.594  402.632 72.7221 0.125 31.7313 0
98.375  460.935  260.585  457.29 14.0522 0.125 339.411 0
