338
435.911  197.496  435.844  221.498 1.99155 0.125 24.2437 0
500.452  134.268  445.31  145.572 2.26312 0.125 77.7177 0
407.533  252.055  390.554  250.781 1.77005 0.125 12.7513 0
528.537  317.672  510.301  321.57 1.88136 0.125 13.9727 0
433.734  223.51  433.923  238.52 1.96197 0.125 10.4128 0
154.691  199.5  154.702  208.501 2.00987 0.125 2.8173 0
208.443  263.333  215.547  263.818 2.26786 0.125 1.91421 0
321.626  283.555  316.096  296.325 1.58962 0.125 5.52657 0
171.481  263.796  192.524  265.114 2.18363 0.125 26.2976 0
272.452  281.458  285.069  267.121 1.86152 0.125 17.2667 0
512.346  21.4057  511.521  31.5017 1.83042 0.125 3.72039 0
11.5212  295.689  0.436447  296.935 1.76404 0.125 4.62348 0
395.371  330.303  378.459  332.121 1.8495 0.125 11.3022 0
505.451  311.027  521.486  309.369 1.7837 0.125 10.9451 0
372.496  332.454  352.478  334.26 1.81218 0.125 12.6064 0
34.4877  293.38  14.3912  295.437 1.80975 0.125 17.2667 0
295.517  294.37  280.514  292.392 1.90678 0.125 5.76976 0
504.606  204.471  503.476  239.467 1.93441 0.125 42.5904 0
365.374  258.738  371.537  257.722 2.78634 0.0625 3.99669 0
328.493  145.309  291.509  146.744 2.07604 0.125 53.3903 0
343.401  308.156  359.636  310.595 3.61153 0.125 23.5811 0
356.481  43.3003  375.503  41.5359 1.89909 0.125 18.1698 0
240.105  344.466  238.797  359.526 2.25217 0.125 16.3637 0
292.482  146.809  219.479  148.67 2.42649 0.125 143.31 0
215.498  285.369  191.505  285.782 2.05144 0.125 27.3647 0
550.444  124.294  538.511  127.542 1.5815 0.125 2.8173 0
299.135  355.519  299.712  336.476 2.39296 0.125 32.6193 0
438.503  286.673  418.508  286.995 2.9192 0.125 21.0817 0
328.632  380.398  338.609  381.593 3.21668 0.125 11.3022 0
555.389  137.72  535.507  140.549 2.11699 0.125 0.522954 0
236.243  267.306  234.236  280.305 2.35458 0.125 1.79958 0
488.653  0.401601  487.493  10.3831 1.7559 0.125 0.108034 0
452.408  329.42  417.49  332.384 2.05893 0.125 49.778 0
176.405  151.407  151.42  153.583 2.0792 0.125 32.6193 0
157.487  348.063  200.509  346.801 1.88185 0.125 59.712 0
285.497  45.1742  318.494  44.8471 2.01973 0.125 36.2778 0
220.513  81.9119  190.48  82.8889 2.48664 0.125 53.3903 0
390.495  149.767  373.496  149.879 1.10547 0.125 0.108034 0
534.201  302.412  530.378  315.464 1.80303 0.125 4.02883 0
364.46  364.937  381.517  363.736 2.69722 0.125 23.7884 0
101.593  177.492  102.467  187.589 3.33383 0.125 12.7737 0
157.503  287.535  138.463  289.022 1.83816 0.125 17.2667 0
498.5  85.5  498.5  52.5 1 0.125 15.4606 0
125.475  86.1851  96.4991  88.4887 2.5943 0.125 48.2437 0
315.166  384.57  316.958  367.548 1.989 0.125 10.0068 0
245.497  46.8699  265.496  46.7709 1.08909 0.125 2.8173 0
314.15  334.289  322.037  358.65 1.67671 0.125 22.0015 0
408.545  288.108  374.437  290.659 1.96669 0.125 46.1656 0
476.462  273.018  493.434  271.666 1.67609 0.125 10.9451 0
339.493  382.631  366.521  384.119 1.83214 0.125 24.8328 0
345.495  250.459  322.499  253.493 2.0584 0.125 21.3266 0
28.8088  238.454  33.4715  269.654 2.91048 0.125 39.162 0
215.405  305.652  206.517  306.65 3.09282 0.125 4.89868 0
463.495  556.398  448.484  557.197 1.89088 0.125 4.84021 0
121.523  176.169  103.543  174.898 1.78352 0.125 15.4606 0
320.479  173.787  247.484  175.981 2.02125 0.125 118.413 0
312.285  119.471  309.623  139.516 2.31552 0.125 12.6427 0
218.401  344.795  232.681  342.783 2.97066 0.125 17.8297 0
24.4151  202.513  26.7817  217.613 1.76218 0.125 9.13893 0
192.025  212.57  190.683  203.473 2.82197 0.125 6.86018 0
333.136  0.433672  320.181  71.4418 2.40597 0.125 114.813 0
499.5  42.5  499.5  19.5 1 0.125 6.42966 0
324.092  365.606  326.715  375.704 1.97352 0.125 1.55013 0
119.453  155.618  101.451  156.573 2.26185 0.125 20.8791 0
443.461  375.205  466.457  372.175 1.79855 0.125 21.7822 0
191.419  285.671  175.474  287.234 2.4006 0.125 15.7549 0
385.224  383.599  402.443  378.314 1.90213 0.125 4.24863 0
178.42  180.486  164.507  181.588 1.83578 0.125 6.42966 0
575.899  206.538  574.562  220.41 1.79884 0.125 7.33275 0
454.287  280.753  433.641  263.333 1.36149 0.125 9.96236 0
201.394  346.725  217.503  344.525 1.80264 0.125 11.8482 0
90.1599  62.5476  89.0242  54.4267 1.56522 0.03125 4.66437 0
373.494  290.43  356.452  291.976 2.71665 0.125 17.6988 0
400.372  0.448853  394.397  15.4588 2.21905 0.125 9.96236 0
181.502  324.372  140.503  324.477 2.09237 0.125 22.3313 0
182.016  151.44  184.332  171.519 2.13934 0.125 22.0015 0
184.5  47.8991  209.501  47.9245 1.02133 0.125 5.97339 0
264.595  3.58747  268.263  41.5229 1.86425 0.125 49.778 0
463.475  415.542  512.051  464.959 2.92533 0.125 142.213 0
194.558  248.583  193.592  237.58 1.72999 0.125 1.91421 0
560.541  281.992  531.571  279.633 2.56156 0.125 42.4645 0
476.499  249.409  460.5  249.53 1.02258 0.0625 2.8173 0
408.48  378.252  432.481  376.272 1.90088 0.125 26.2976 0
236.907  196.531  239.184  240.516 2.25584 0.125 74.1614 0
245.866  372.453  248.705  334.441 2.66469 0.125 52.4401 0
457.724  409.116  461.804  414.258 2.51169 0.0625 3.99669 0
313.51  198.664  278.519  200.812 2.30263 0.125 36.3265 0
101.506  133.437  112.412  134.451 2.54648 0.125 2.34059 0
392.516  345.691  452.443  340.798 2.25811 0.125 75.3974 0
531.499  141.495  508.414  146.065 2.37013 0.125 20.1937 0
187.687  135.534  188.227  148.511 1.41548 0.125 5.52657 0
209.348  94.2008  195.784  101.09 2.20782 0.125 13.9727 0
122.201  164.417  122.811  169.581 2.57315 0.125 0.108034 0
196.387  4.54388  223.173  73.6267 1.56034 0.125 78.3886 0
341.655  43.7273  352.483  42.3623 2.60968 0.125 4.84021 0
514.491  465.492  532.508  465.664 2.13373 0.125 24.4915 0
314.616  297.703  297.541  295.218 1.58398 0.125 8.23584 0
538.477  275.863  548.436  276.502 2.37994 0.125 5.52657 0
196.485  78.4106  218.512  78.7724 2.26253 0.125 37.1347 0
205.498  322.477  192.424  323.644 1.81422 0.125 5.52657 0
483.376  336.11  491.49  335.385 3.07712 0.125 6.86018 0
532.517  154.599  507.408  158.969 2.05498 0.125 30.0487 0
2.70908  45.472  4.32158  57.5239 1.65424 0.125 3.31706 0
237.872  180.434  236.312  195.376 2.03328 0.125 8.38953 0
425.529  283.28  380.516  284.928 2.19295 0.125 65.0881 0
188.358  109.426  183.59  118.547 1.73214 0.125 0.668085 0
299.437  220.866  311.417  219.671 2.98519 0.125 12.7737 0
370.519  286.606  355.506  286.867 2.05187 0.125 12.7513 0
108.848  246.423  110.669  254.683 3.46028 0.125 4.8643 0
93.3199  81.7166  89.9936  63.5929 1.94857 0.125 13.6527 0
124.83  319.528  125.541  336.498 2.41679 0.125 16.2936 0
188.329  148.589  191.273  187.517 2.93269 0.125 38.2706 0
583.497  392.06  595.503  391.977 2.06959 0.125 5.08724 0
132.829  250.444  130.603  237.482 1.60294 0.125 3.72039 0
399.425  295.666  422.508  293.591 1.90242 0.125 25.3946 0
258.671  217.49  260.148  241.522 2.11892 0.125 31.7162 0
124.292  186.553  125.033  175.469 2.26244 0.125 5.76976 0
262.139  227.509  261.821  214.492 2.09705 0.125 2.34059 0
425.696  91.5718  420.259  106.412 1.72018 0.125 2.34059 0
529.815  461.145  521.306  453.592 2.7394 0.125 13.6544 0
550.578  172.865  531.593  176.933 1.88583 0.125 10.8723 0
130.134  229.548  128.812  219.459 1.64138 0.125 1.91421 0
184.5  262.5  207.5  262.5 1 0.125 6.42966 0
426.444  309.129  411.632  311.372 1.58764 0.125 3.31706 0
282.49  1.20751  266.475  1.75127 2.27031 0.125 16.2936 0
381.535  370.835  493.568  359.149 3.61304 0.125 163.984 0
447.897  159.329  471.554  167.342 2.29162 0.125 7.24336 0
482.368  417.476  475.917  412.008 2.6372 0.125 5.52657 0
217.997  168.532  216.779  149.418 2.99393 0.125 29.8681 0
446.415  163.723  465.346  170.906 2.74181 0.125 17.0045 0
219.866  192.561  219.344  178.506 2.92375 0.125 17.8297 0
234.734  221.495  234.47  208.501 1.08106 0.03125 5.8276 0
451.536  340.79  482.558  336.969 2.36622 0.125 36.347 0
0.684717  27.4838  1.90829  41.4643 1.9052 0.125 7.74756 0
261.038  367.402  265.267  347.451 2.10533 0.125 17.8297 0
152.5  321.5  172.5  321.5 1 0.125 3.72039 0
357.518  253.744  370.511  254.057 1.28844 0.125 4.62348 0
334.271  71.4386  340.996  46.3648 1.81338 0.125 21.3266 0
170.509  83.9677  154.479  83.6828 3.08836 0.125 19.3517 0
171.5  344.5  187.5  344.5 1 0.125 0.108034 0
215.518  256.638  203.586  258.17 2.34826 0.125 0.670152 0
245.641  126.842  251.962  142.714 1.47981 0.125 7.33275 0
189.57  269.06  175.663  270.802 2.73213 0.125 13.4748 0
278.493  123.502  281.966  135.364 2.36471 0.125 0.989353 0
352.464  269.861  341.572  268.778 2.98528 0.125 2.613 0
494.5  239.5  494.5  207.5 1 0.125 14.5575 0
535.61  300.998  568.776  308.235 3.30354 0.125 61.8172 0
463.41  209.849  471.395  208.742 3.10894 0.125 3.1603 0
507.094  440  502.008  435.874 3.10625 0.0625 3.0454 0
280.484  354.527  300.495  366.508 1.55199 0.125 13.6527 0
391.672  273.451  376.427  270.947 2.96034 0.125 14.2465 0
278.494  206.448  312.641  202.835 3.13612 0.125 41.8 0
408.5  311.5  391.5  311.5 1 0.125 1.01112 0
409.524  260.376  423.574  263.121 1.94007 0.125 5.76976 0
447.686  18.4987  447.788  33.5048 2.07456 0.125 7.41745 0
96.3398  126.521  90.8461  84.4548 2.84897 0.125 48.5998 0
409.483  558.979  376.486  560.055 2.52045 0.125 19.226 0
436.465  242.609  456.476  243.246 1.87173 0.125 21.7822 0
496.343  430.743  491.525  425.375 3.12955 0.125 0.57978 0
508.483  182.379  494.485  184.394 1.84462 0.125 4.02883 0
0.327478  301.646  15.5159  298.579 2.35631 0.125 13.6527 0
557.81  232.498  557.744  221.499 1.98791 0.125 1.42765 0
192.739  229.525  192.411  219.503 2.12964 0.125 3.1603 0
413.487  371.284  396.487  372.271 1.11425 0.125 2.8173 0
394.513  556.774  426.488  555.246 1 0.125 12.7513 0
112.368  148.805  103.694  145.053 2.54747 0.125 4.02883 0
520.596  334.968  500.222  339.145 2.53717 0.125 18.5065 0
256.774  241.485  255.658  220.492 1.21102 0.125 8.23584 0
384.81  76.5067  385.053  101.504 3.20428 0.125 39.0657 0
421.387  165.8  444.486  174.537 1.64287 0.125 18.4304 0
374.49  39.2547  343.501  40.529 1 0.125 12.7513 0
518.414  19.5004  518.357  7.4959 2.04301 0.125 2.27789 0
288.519  132.728  302.504  131.549 2.58087 0.125 10.8174 0
426.506  558.195  411.492  557.879 1.27345 0.125 10.9451 0
571.532  233.014  559.517  233.773 2.43726 0.125 7.51526 0
409.089  111.523  409.788  93.5501 2.50361 0.125 7.88154 0
103.895  386.745  81.4691  404.71 3.13873 0.125 43.9572 0
268.933  311.494  269.112  323.506 1.14901 0.125 3.31706 0
397.988  40.2184  383.537  66.5202 3.0726 0.125 53.9118 0
554.065  27.3073  547.368  42.4414 2.14438 0.125 18.1698 0
400.356  168.904  416.449  174.643 1.67934 0.125 0.989353 0
118.5  172.5  102.5  172.5 1 0.125 0.108034 0
416.338  278.159  424.346  280.125 2.91348 0.125 3.1603 0
115.659  304.496  115.913  314.464 3.07555 0.125 5.69779 0
104.601  355.642  122.22  343.106 3.35295 0.125 16.8901 0
161.499  0.822702  188.498  0.939661 1.11262 0.125 2.34059 0
179.225  225.54  178.186  218.4 2.41093 0.125 1.91421 0
214.515  136.502  215.455  128.379 1.94634 0.125 0.108034 0
268.74  236.488  267.726  215.537 1.67579 0.125 3.60558 0
371.507  560.635  274.512  565.725 2.00025 0.125 134.405 0
438.503  298.943  460.502  299.046 2.07933 0.125 19.8225 0
260.543  133.826  271.486  132.391 2.50319 0.125 1.50405 0
460.269  173.064  446.531  167.424 2.01574 0.125 0.989353 0
490.458  369.348  477.348  372.946 2.62837 0.125 10.0068 0
220.56  171.313  236.546  170.125 2.21678 0.125 12.7737 0
233.191  202.487  234.115  180.484 1 0.125 3.31706 0
229.421  128.08  245.418  125.064 2.52119 0.125 9.21386 0
356.511  115.503  354.224  125.436 3.22481 0.125 4.24863 0
382.5  102.501  271.511  116.586 3.06713 0.125 173.652 0
442.359  176.851  424.43  169.676 1.48525 0.125 9.52392 0
215.534  340.199  150.543  343.372 1.87499 0.125 64.3048 0
410.359  167.906  436.358  176.911 1.71047 0.125 12.7544 0
584.302  539.699  562.733  518.266 1 0.125 12.5627 0
292.588  210.783  315.48  209.21 2.92441 0.125 34.0473 0
81.1545  405.035  40.8567  434.98 3.05536 0.125 84.6373 0
18.3118  145.626  16.5006  128.5 2.35232 0.125 2.96503 0
401.51  301.576  421.499  301.397 2.17082 0.125 22.7327 0
444.506  557.263  430.515  556.902 1.25697 0.125 4.62348 0
44.4306  339.725  70.4604  341.2 2.82553 0.125 24.9278 0
159.502  260.792  147.503  260.75 2.02082 0.125 1.42765 0
593.414  324.217  575.432  322.065 2.461 0.125 7.42286 0
559.152  511.855  576.319  528.685 1.48407 0.125 7.40595 0
394.552  336.027  382.477  334.707 1.77091 0.125 3.31706 0
425.506  377.352  441.52  378.005 1.20263 0.03125 3.79603 0
114.755  247.422  118.095  258.318 1.6191 0.03125 1.31638 0
429.415  163.729  451.364  171.866 1.6008 0.125 1.15525 0
13.1394  384.7  38.0381  373.475 3.00393 0.125 18.7441 0
341.778  39.5752  352.28  0.7108 3.36447 0.125 48.8229 0
256.423  125.011  265.666  123.549 2.1822 0.125 3.72039 0
265.578  288.614  263.592  272.489 2.59603 0.125 5.291 0
278.099  241.511  277.539  220.499 1.37312 0.125 14.5575 0
350.535  370.253  361.598  371.802 2.53531 0.125 4.8643 0
389.521  200.808  376.513  201.693 1.20129 0.0625 4.02142 0
376.526  203.795  388.51  204.238 1.36858 0.125 4.62348 0
84.915  368.638  103.963  355.709 3.27949 0.125 32.9504 0
236.337  73.54  235.474  48.4665 3.30767 0.125 23.0578 0
317.542  138.288  321.644  119.753 2.93693 0.125 12.0479 0
94.7875  374.93  48.6868  405.779 2.79948 0.125 50.7984 0
88.1421  40.8746  105.52  57.4792 1 0.125 4.02883 0
115.5  574.493  98.501  574.627 1.03922 0.125 0.108034 0
279.412  216.233  290.611  217.583 2.3803 0.125 5.76976 0
173.651  46.4276  165.916  30.3005 3.321 0.125 21.1546 0
107.542  59.4584  126.488  78.5119 1 0.125 1.91421 0
496.366  359.427  491.031  369.245 2.63601 0.125 4.02089 0
42.5938  394.637  55.1886  386.044 2.5169 0.125 9.21386 0
14.4615  372.726  0.44645  373.423 2.94661 0.125 5.04815 0
389.505  207.051  376.496  206.915 1.11494 0.125 4.20178 0
291.497  197.463  310.54  196.035 1.072 0.125 2.8173 0
14.0115  114.605  12.8699  98.4738 2.99252 0.125 4.85608 0
67.5166  345.024  46.4724  344.289 3.13775 0.125 33.0499 0
108.509  45.4916  86.6877  21.3305 2.08265 0.125 21.6687 0
120.493  125.313  147.495  124.36 2.35146 0.125 17.6285 0
284.944  71.5305  284.413  44.5017 2.96019 0.125 33.9911 0
325.794  318.326  311.476  323.432 2.68711 0.125 2.96503 0
595.033  394.487  595.379  408.528 2.27065 0.125 0.398689 0
34.2267  440.884  26.431  444.345 1.72539 0.0625 1.63941 0
329.351  266.625  322.523  258.481 1.42731 0.125 0.108034 0
228.008  44.4302  225.946  29.4387 2.39008 0.125 6.72138 0
430.487  290.29  403.525  291.917 1.7555 0.125 13.4039 0
505.582  146.122  496.476  147.317 2.11309 0.125 0.668085 0
174.536  173.938  154.49  172.662 1.04262 0.125 3.72039 0
318.51  41.2838  293.501  41.6132 1 0.125 7.33275 0
189.821  72.5494  188.509  54.4993 2.84714 0.125 18.5065 0
367.505  346.673  391.513  345.926 3.1229 0.125 28.2077 0
209.558  124.031  187.495  126.455 2.43601 0.125 5.45528 0
226.118  250.543  225.494  230.5 2.8429 0.125 31.3362 0
328.986  232.449  329.942  241.559 2.30224 0.125 1.42765 0
413.515  409.614  393.468  412.255 2.65973 0.125 22.8982 0
597.789  305.844  583.671  317.704 2.45043 0.125 4.28067 0
375.467  263.278  382.606  262.204 2.27526 0.125 0.108034 0
28.3206  420.169  18.498  425.496 2.01152 0.125 1.42765 0
226.022  229.535  223.626  196.491 1.86543 0.125 38.4462 0
0.423337  385.283  11.7736  381.275 2.82879 0.125 1.42275 0
244.554  378.176  232.555  376.17 1.80774 0.125 1.42765 0
259.5  43.5  241.5  43.5 1 0.125 1.91421 0
283.987  42.5055  284.337  11.4869 1.98861 0.125 33.3658 0
579.527  421.203  568.437  420.206 1.72338 0.125 2.8173 0
12.2788  94.5296  8.66274  67.4782 2.57607 0.125 16.374 0
66.4405  257.278  84.4117  258.653 2.52832 0.125 3.81096 0
18.1621  425.952  7.96025  432.246 2.15515 0.125 1.50405 0
122.479  571.037  158.495  569.392 1.63764 0.125 29.2267 0
229.604  142.515  229.503  136.483 2.10042 0.125 0.108034 0
112.274  363.157  95.1294  374.455 2.52427 0.125 3.56719 0
110.613  338.131  99.4349  340.138 1.8676 0.125 5.52657 0
158.457  132.214  170.487  130.413 2.27416 0.125 3.1796 0
184.5  122.485  202.513  121.997 2.18872 0.125 7.6803 0
255.585  23.4808  253.548  14.4891 2.26317 0.0625 3.38535 0
367.505  419.48  352.65  415.881 1.65006 0.125 0.670152 0
44.2373  408.986  34.6894  413.87 1.86254 0.125 1.55013 0
134.269  73.7089  121.471  59.526 2.67966 0.125 7.61537 0
165.278  30.3687  162.76  15.4562 2.94526 0.125 8.01974 0
68.5352  295.495  66.9862  283.438 1.8838 0.125 4.20178 0
73.4577  575.738  38.5098  577.677 1.49705 0.125 30.0487 0
173.426  278.543  187.497  277.455 2.60563 0.125 3.2366 0
217.84  214.486  218.732  235.448 2.33837 0.125 27.3647 0
366.525  47.5483  365.774  63.5129 3.0437 0.125 9.22925 0
387.749  2.52351  385.956  21.543 2.5544 0.125 13.7112 0
426.512  408.764  414.447  409.293 1.91041 0.125 2.27789 0
16.7426  127.608  15.0065  115.428 1.69555 0.125 4.62348 0
5.36421  429.28  22.5972  418.658 2.75198 0.125 8.16381 0
27.357  439.059  16.5227  442.57 2.18853 0.125 3.1603 0
7.25455  57.5404  4.28826  39.5349 1.32319 0.125 1.42771 0
277.892  318.387  278.714  328.483 2.74647 0.125 4.84021 0
30.2757  413.159  41.1684  405.996 1.97985 0.125 1.50405 0
39.5014  310.995  56.5012  311.041 1.04347 0.125 4.02883 0
251.683  238.475  247.551  208.493 2.90164 0.125 20.0652 0
88.5041  574.99  78.4964  575.074 1.07613 0.00390625 2.38195 0
84.3953  19.5122  82.1786  0.421206 2.7493 0.125 31.8389 0
127.754  180.475  126.673  169.386 1.99057 0.0625 0.380078 0
143.162  255.494  143.413  240.499 1.13372 0.0625 4.02142 0
206.501  288.518  184.519  289.816 1 0.125 2.43315 0
214.323  185.448  214.647  190.616 2.99414 0.125 1.01112 0
392.527  411.921  378.464  411.255 2.42355 0.125 14.5324 0
222.615  25.2392  219.851  13.4179 3.14889 0.125 9.13775 0
311.154  66.9413  303.287  60.7717 2.53042 0.125 1.42771 0
213.169  167.485  212.817  175.425 4.17328 0.125 4.11395 0
137.251  204.514  136.467  190.446 1.9413 0.125 8.63548 0
280.146  327.576  282.322  337.752 3.07519 0.125 2.79889 0
129.909  204.503  129.989  191.497 2.05539 0.125 10.042 0
132.84  204.508  133.175  189.515 2.17797 0.125 12.7513 0
140.204  252.515  138.422  216.454 3.08393 0.125 42.9685 0
215.621  199.204  217.63  213.621 3.68581 0.125 12.6255 0
385.511  459.124  372.493  458.727 1.30427 0.125 6.42966 0
443.632  407.761  427.495  409.449 2.56754 0.125 4.2626 0
152.505  123.599  164.477  123.024 1.19081 0.015625 4.48324 0
130.932  155.522  130.51  144.5 1.65185 0.0625 3.0454 0
212.708  152.507  212.227  166.525 1.63615 0.125 1.01112 0
372.492  77.2454  126.464  85.4284 2.75693 0.125 441.503 0
17.8025  467.656  127.847  376.71 3.06118 0.125 242.234 0
393.662  16.1075  369.573  67.5344 1.84472 0.125 75.2907 0
268.42  42.5058  270.749  74.4089 3.356 0.125 64.4207 0
279.518  562.848  368.49  558.308 1.13103 0.125 71.5645 0
510.889  55.4873  510.581  94.4927 2.76297 0.125 47.0596 0
429.522  554.936  480.491  552.33 1.38471 0.125 30.6222 0
253.284  211.428  473.679  256.628 12.7349 0.125 79.5052 0
456.441  296.781  524.434  299.931 4.78242 0.125 27.1313 0
365.493  301.747  401.521  302.765 2.9988 0.125 20.6736 0
248.098  207.446  246.015  184.453 2.98777 0.125 16.6185 0
451.501  282.48  328.133  278.28 20.7156 0.125 20.0178 0
319.471  274.158  144.217  289.203 10.121 0.125 35.5275 0
180.991  121.537  186.107  192.528 2.74962 0.125 38.0368 0
512.805  3.47425  511.136  48.5236 2.10971 0.125 28.446 0
6.47356  73.5036  34.9408  280.577 1.76352 0.125 36.9527 0
124.535  2.77529  160.665  54.3846 2.78541 0.125 100.129 0
5.63191  416.721  78.7946  372.993 3.01015 0.125 103.464 0
594.458  548.697  148.542  572.289 1.82373 0.125 399.791 0
406.465  274.606  477.863  298.41 3.19281 0.125 2.66502 0
160.521  568.968  576.477  549.993 2.21144 0.125 94.1064 0
