449
594.466  336.74  584.486  337.19 1.26901 0.0625 1.63941 0
576.395  325.706  585.371  324.523 3.10495 0.125 7.74756 0
148.523  510.048  163.519  510.283 2.15623 0.125 5.69779 0
330.395  561.874  367.524  555.645 1.98563 0.125 44.7783 0
60.8344  487.653  58.2821  476.55 1.42264 0.125 0.108034 0
135.476  203.618  226.492  201.189 2.61289 0.125 173.019 0
47.2466  452.43  48.28  463.521 2.45528 0.125 10.9451 0
106.468  206.103  135.52  203.742 1.96888 0.125 38.9409 0
59.8475  526.237  52.8393  543.637 1.68769 0.125 9.26472 0
462.157  423.52  461.107  405.465 1.88056 0.125 17.2667 0
137.036  528.285  141.736  518.146 1.39401 0.0625 4.02142 0
33.4722  580.425  23.3788  584.174 2.08886 0.125 0.57978 0
307.52  407.711  268.498  411.481 1.92327 0.125 47.3521 0
431.768  529.506  431.949  521.465 1.9995 0.125 1.01112 0
439.422  609.116  419.437  613.189 1.57896 0.125 14.5575 0
276.464  558.989  295.441  557.66 1.92525 0.125 18.1698 0
160.5  444.436  172.5  444.489 2.0311 0.125 2.2932 0
228.514  649.381  218.532  648.227 1.22312 0.03125 4.32245 0
387.284  540.505  397.248  538.34 1.82652 0.125 1.01112 0
534.842  403.426  533.394  416.376 1.77173 0.125 5.52657 0
135.48  508.489  126.281  524.813 1.96371 0.125 15.7549 0
211.658  647.587  200.643  645.675 1.49811 0.125 0.108034 0
167.484  290.114  176.51  289.736 1.29192 0.03125 8.8379 0
409.169  616.611  391.396  623.221 1.54878 0.125 10.4128 0
266.566  566.504  322.522  562.838 2.43625 0.125 89.6124 0
419.734  532.649  426.279  522.359 1.99455 0.125 5.97339 0
485.359  553.458  479.98  571.642 1.98564 0.125 15.4127 0
316.225  640.476  297.504  645.514 1.81908 0.125 13.9727 0
176.366  453.276  158.552  450.199 2.00642 0.125 14.8636 0
473.638  581.615  452.692  606.66 1.75735 0.125 25.3784 0
196.497  645.515  153.48  636.595 1.49332 0.125 40.2259 0
392.849  533.113  398.809  523.089 1.71906 0.125 3.72039 0
244.175  100.332  246.229  108.567 1.94273 0.125 1.01112 0
297.407  646.223  279.413  652.239 1.89967 0.125 9.96236 0
67.3193  424.519  64.4519  397.399 2.24737 0.125 32.4907 0
47.9508  400.427  45.8403  416.413 2.11368 0.125 5.07047 0
197.607  454.826  182.512  452.424 2.33402 0.125 10.8174 0
512.999  474.395  508.564  495.513 1.65378 0.125 15.7549 0
84.2016  566.544  82.1454  552.552 2.41495 0.125 10.0068 0
419.601  251.5  419.664  233.504 2.0528 0.125 5.89477 0
410.675  454.503  410.949  437.491 1.22575 0.125 0.563807 0
307.442  494.164  342.524  497.231 2.06857 0.125 52.4873 0
177.433  290.088  189.599  288.111 2.31942 0.125 8.63548 0
517.047  423.486  516.556  439.502 1.39783 0.125 5.97339 0
552.513  130.843  536.499  130.535 2.13444 0.125 12.192 0
443.458  71.5522  446.133  22.4256 3.23262 0.125 114.315 0
403.142  234.444  402.183  240.606 2.59162 0.125 0.108034 0
343.501  496.842  378.497  496.706 2.00386 0.125 47.0687 0
191.498  215.581  210.511  215.981 1.27298 0.125 0.57978 0
325.405  198.647  324.047  188.561 3.10658 0.125 8.27934 0
335.948  130.475  335.268  118.457 2.10967 0.125 1.50405 0
102.818  277.499  102.865  235.499 2.03696 0.125 58.7429 0
227.485  202.309  257.512  202.875 2.43313 0.125 48.0197 0
373.631  69.6028  372.91  77.5372 2.44446 0.125 2.8173 0
152.708  635.944  137.579  630.288 1.17296 0.125 2.8173 0
13.3905  229.43  0.423987  230.757 1.8093 0.125 4.62348 0
70.5418  462.489  67.4631  450.509 1.46633 0.125 1.91421 0
312.414  556.285  325.49  555.355 1.92402 0.125 5.97339 0
487.531  248.506  489.995  234.588 1.62083 0.125 2.2932 0
91.0525  570.503  90.8599  541.504 1.16604 0.125 25.1291 0
61.3926  430.53  52.9602  400.371 1.41918 0.125 26.2976 0
47.7307  418.48  48.655  429.402 2.49884 0.125 9.13893 0
34.078  397.741  47.8323  390.098 1.74902 0.125 10.042 0
89.8089  536.478  90.0652  528.486 2.09515 0.125 0.108034 0
583.437  303.291  585.78  291.359 1.94479 0.125 2.2932 0
533.844  139.452  535.397  150.514 1.6854 0.125 2.8173 0
497.437  526.455  490.795  535.712 1.51927 0.0625 1.8894 0
85.9304  475.636  79.3003  447.786 1.99141 0.125 21.8853 0
111.198  275.48  114.365  228.424 2.93556 0.125 80.5364 0
201.77  56.488  201.261  87.5125 2.27856 0.125 57.0027 0
310.824  120.5  310.84  155.5 1.01603 0.125 16.3637 0
103.55  234.503  105.014  207.582 2.59428 0.125 23.9697 0
388.738  79.5127  388.587  70.4985 2.08322 0.125 0.668085 0
310.966  64.4762  310.477  75.4545 2.13148 0.125 5.08724 0
513.54  128.638  439.56  125.212 3.28306 0.125 151.053 0
278.423  267.186  289.49  264.461 1.71755 0.125 0.668085 0
199.262  0.450767  200.967  61.459 3.30019 0.125 153.287 0
294.549  569.724  269.522  568.146 2.37356 0.125 25.2926 0
271.523  61.2165  308.601  64.2778 3.31896 0.125 77.9319 0
437.299  230.499  437.213  251.503 2.05282 0.125 14.2225 0
109.019  254.519  108.349  272.494 1.18552 0.125 4.62348 0
374.5  79.5036  388.571  80.5187 1.77894 0.125 5.08724 0
128.022  169.434  126.637  179.519 2.38963 0.125 7.33275 0
190.525  301.313  147.481  300.424 3.06132 0.125 59.1681 0
392.299  495.823  407.446  491.319 2.09852 0.125 14.5575 0
145.571  189.912  126.486  187.614 2.73927 0.125 7.61537 0
489.899  349.491  489.653  366.502 1.18817 0.125 1.01112 0
414.325  120.512  413.209  104.451 2.92353 0.125 17.6378 0
52.3082  242.456  57.8487  218.35 2.46405 0.125 26.984 0
310.89  94.51  311.17  111.505 2.06551 0.125 16.3637 0
370.492  151.593  351.466  149.87 2.89344 0.125 29.5612 0
182.422  546.919  162.551  543.228 1.74093 0.125 7.40595 0
270.573  203.574  287.546  204.917 2.3882 0.125 21.7822 0
322.749  162.969  311.677  168.834 2.1829 0.125 3.98429 0
354.477  287.171  334.577  288.583 3.13401 0.125 30.7418 0
365.396  515.967  404.47  508.346 1.84459 0.125 39.2744 0
419.503  134.055  431.503  133.99 1.0437 0.03125 3.03367 0
0.389936  362.138  10.3779  359.099 1.53895 0.125 0.108034 0
207.526  446.324  218.583  447.93 1.85195 0.125 0.668085 0
429.502  136.77  417.496  136.853 1.08298 0.03125 1.71607 0
497.583  497.567  496.632  484.49 2.4297 0.125 7.40595 0
158.588  187.999  150.488  186.568 3.01356 0.125 2.2932 0
288.494  204.545  313.703  208.033 2.62261 0.125 26.2407 0
440.594  123.46  441.969  92.4322 2.99706 0.125 57.6775 0
515.975  443.536  514.984  456.537 1.84221 0.125 3.1603 0
151.591  187.601  140.502  186.48 2.29159 0.125 3.13013 0
274.565  76.1485  262.426  73.8974 2.87816 0.125 11.8953 0
184.47  555.72  207.585  558.874 1.7573 0.125 22.6853 0
256.502  575.725  290.499  575.39 2.25616 0.125 21.856 0
323.644  175.067  328.89  164.697 2.21526 0.125 4.89868 0
412.376  490.194  437.667  479.911 2.16828 0.125 33.1122 0
381.697  149.825  371.332  151.37 3.40949 0.125 9.13775 0
353.844  79.5136  353.49  62.4794 2.06199 0.125 18.1698 0
70.3259  366.399  83.7914  343.091 2.4251 0.125 20.0478 0
500.016  347.718  509.789  369.37 2.32292 0.125 20.1937 0
65.0152  318.192  59.7397  309.357 1.53795 0.0625 0.463196 0
354.418  60.3781  406.617  65.2384 3.14839 0.125 114.824 0
598.592  148.702  589.369  147.635 2.33144 0.125 5.52657 0
19.3685  375.323  0.52947  372.315 2.48947 0.125 14.3109 0
393.735  149.516  394.548  137.436 1.86117 0.125 6.42966 0
409.876  93.4906  409.665  107.502 1.19519 0.0625 0.463196 0
34.2693  355.139  25.6094  360.671 1.7558 0.125 1.91421 0
437.504  186.422  420.498  185.535 2.527 0.125 10.8849 0
14.2932  405.995  33.7218  398.042 2.81961 0.125 11.9943 0
468.808  458.207  473.009  448.292 1.59196 0.125 0.108034 0
351.52  112.437  353.068  88.4721 1.86692 0.125 25.3946 0
361.438  458.51  359.706  447.468 1.66576 0.125 3.72039 0
250.493  294.382  215.442  296.577 2.49617 0.125 55.0402 0
283.092  483.189  298.58  492.366 1.94403 0.125 9.96236 0
583.334  137.485  585.958  108.633 2.98707 0.125 40.5722 0
161.5  284.5  145.5  284.5 1 0.125 0.108034 0
477.585  418.503  477.993  405.484 1.2813 0.125 1.91421 0
408.769  110.491  408.481  134.5 1.97581 0.125 26.2976 0
103.514  179.551  90.1467  183.209 2.89359 0.125 7.6803 0
141.499  300.756  124.499  300.787 1.02895 0.125 0.108034 0
375.528  229.471  364.479  229.792 2.31843 0.125 11.8482 0
442.75  89.5429  441.889  74.4778 2.56726 0.125 22.6853 0
511.505  163.971  500.495  164.093 1.0775 0.0625 1.8894 0
194.5  199.5  153.5  199.5 1 0.125 22.6853 0
392.979  170.538  394.104  156.468 1.7544 0.125 9.13893 0
433.546  549.901  416.426  551.853 2.66704 0.125 11.9302 0
128.48  184.004  161.466  182.669 3.11887 0.125 52.4401 0
247.504  188.045  228.502  187.988 1.99113 0.125 14.5324 0
409.039  135.544  405.959  173.456 2.39832 0.125 61.6329 0
547.479  218.097  508.479  220.091 2.76329 0.125 60.2441 0
502.456  250.617  516.472  249.926 2.09613 0.125 5.69779 0
485.476  219.301  450.49  219.995 2.55484 0.125 42.3967 0
308.5  171.498  250.484  170.195 2.44871 0.125 72.9267 0
494.449  180.455  456.539  182.3 2.46189 0.125 41.4455 0
110.453  557.03  117.119  570.199 3.13925 0.125 21.3266 0
197.548  139.497  198.739  160.43 2.73535 0.125 20.2429 0
403.49  254.004  412.506  254.18 2.07773 0.125 1.01112 0
541.533  0.525093  535.966  7.85431 2.03628 0.125 2.8173 0
562.566  226.631  556.449  226.165 3.37117 0.125 1.91421 0
193.476  469.587  231.601  480.135 1.51652 0.125 39.844 0
138.222  451.333  192.513  469.461 1.89219 0.125 71.7792 0
287.5  561.5  268.5  561.5 1 0.125 2.8173 0
466.471  529.439  440.564  541.635 2.07377 0.125 25.3066 0
473.47  250.926  483.561  251.637 2.06535 0.125 2.43315 0
437.1  457.552  438.14  445.469 1.99263 0.125 4.02883 0
197.122  112.5  197.127  122.5 1.00537 0.03125 1.31215 0
60.4019  266.532  54.753  249.417 1.57645 0.125 4.02089 0
449.531  229.049  437.451  228.231 2.33319 0.125 11.8482 0
576.51  172.675  568.421  173.146 1.93854 0.125 1.01112 0
559.609  198.012  548.281  195.483 2.06531 0.125 1.42771 0
94.6099  249.526  94.0906  271.514 2.44805 0.125 38.0378 0
539.5  227.726  520.5  227.732 2.00382 0.125 11.6736 0
11.6234  432.743  0.0505412  438.614 2.72747 0.125 13.9727 0
78.8937  295.406  81.8421  276.398 1.90788 0.125 13.6527 0
314.517  68.4077  325.521  70.3814 1.69041 0.125 1.91421 0
430.485  221.325  420.474  222.198 2.81507 0.125 9.13893 0
473.6  447.517  475.632  435.355 1.97516 0.125 3.1603 0
277.57  187.004  266.508  185.44 1.56034 0.125 1.01112 0
289.499  182.081  296.499  182.097 2.00897 0.0625 0.409064 0
334.479  291.818  346.493  292.604 1.38952 0.125 1.91421 0
518.671  88.4969  518.729  110.499 2.04753 0.125 3.52114 0
257.5  111.5  257.5  66.5 1 0.125 26.2976 0
322.501  294.857  306.5  294.842 2.00584 0.125 12.192 0
351.59  152.488  351.457  162.486 2.07953 0.125 5.97339 0
271.482  296.26  245.48  298.24 2.05996 0.125 24.6371 0
502.554  438.082  506.742  428.607 2.12736 0.125 3.31706 0
590.261  195.595  591.418  186.364 2.8547 0.125 6.64198 0
46.4977  231.238  19.4979  231.153 2.06931 0.125 34.4255 0
264.471  161.2  285.518  162.067 1.75145 0.125 9.13775 0
366.528  185.127  350.514  184.799 1.95852 0.125 12.192 0
386.507  173.178  369.493  172.783 2.20827 0.125 5.78041 0
378.844  146.522  378.447  134.502 2.16399 0.125 11.8482 0
354.523  88.203  402.54  91.9999 1.86403 0.125 65.1305 0
421.509  177.088  403.496  176.684 1.35812 0.125 10.4128 0
476.643  371.413  467.554  356.467 2.04365 0.125 4.41525 0
586.567  492.801  570.469  496.36 2.06578 0.125 17.2667 0
532.274  12.4699  533.88  0.417419 2.37869 0.125 8.38953 0
93.2512  507.326  86.8488  479.651 2.39213 0.125 29.528 0
458.642  510.019  470.823  506.678 2.36405 0.125 6.64198 0
542.525  157.275  528.474  155.74 1.66229 0.125 0.670152 0
280.463  539.12  302.447  536.96 1.79486 0.125 18.4304 0
586.494  218.012  548.5  218.464 3.04733 0.125 28.2163 0
0.278042  432.146  16.2681  422.13 2.3376 0.125 12.6427 0
100.196  491.34  102.044  499.375 1.92363 0.125 0.108034 0
117.343  570.686  123.721  577.287 2.25479 0.125 5.08724 0
273.372  545.269  325.434  539.862 3.38554 0.125 73.824 0
78.7332  483.431  83.3781  499.242 2.02737 0.125 7.40595 0
103.489  535.814  109.392  554.844 3.22784 0.125 25.3361 0
234.538  457.31  223.387  455.063 2.55299 0.125 9.52392 0
205.368  415.733  219.408  423.662 2.30502 0.125 6.04281 0
287.553  238.111  284.713  230.421 2.22261 0.0625 1.11411 0
94.1592  237.557  96.3313  250.528 2.30285 0.125 4.8643 0
598.605  498.284  585.328  491.856 2.70023 0.125 16.2936 0
366.523  178.899  352.505  178.362 2.11339 0.125 1.79958 0
482.502  191.722  454.495  192.025 1.22768 0.125 21.7822 0
294.335  254.552  289.858  240.387 1.95652 0.125 8.38953 0
435.526  203.83  420.461  205.007 1.60443 0.125 5.97339 0
471.66  19.3676  524.595  26.8294 1.95416 0.125 74.1514 0
228.502  89.59  218.487  89.7644 2.08673 0.125 0.563807 0
145.349  586.245  178.412  592.935 2.7996 0.125 57.4104 0
195.968  105.398  197.302  111.543 2.59086 0.125 0.108034 0
387.523  165.937  351.501  164.477 2.0794 0.125 38.1288 0
39.473  472.571  29.7488  468.85 1.6487 0.125 1.01112 0
448.566  16.9079  465.577  18.813 1.65369 0.125 5.76976 0
355.429  203.055  366.467  201.295 1.66013 0.0625 0.736218 0
365.501  146.36  377.508  146.457 2.07263 0.125 3.1603 0
88.8338  279.457  91.242  242.483 1.97283 0.125 35.4921 0
145.541  152.856  137.532  153.78 2.44542 0.125 1.55013 0
141.528  552.389  163.627  557.998 2.16974 0.125 22.0298 0
247.083  430.177  254.896  444.28 1.07592 0.125 1.01112 0
553.083  281.407  556.184  267.43 1.62917 0.125 7.33275 0
326.569  287.999  318.717  289.078 2.66162 0.0625 2.24793 0
568.361  498.789  598.564  513.368 2.60837 0.125 44.0014 0
39.5375  310.494  37.6971  298.47 2.43084 0.125 7.51526 0
109.972  519.602  113.061  535.585 2.72273 0.125 10.2873 0
370.49  182.912  379.484  183.134 1.99939 0.125 1.91421 0
597.538  21.5234  597.968  2.48798 2.29309 0.125 22.8949 0
24.6564  220.42  20.5856  212.456 2.23598 0.125 1.55013 0
115.988  540.517  137.162  551.171 2.27553 0.125 17.7339 0
164.365  558.47  215.35  565.576 2.48461 0.125 61.1899 0
497.106  453.344  503.384  437.454 2.25047 0.125 13.4748 0
227.513  57.3618  205.518  55.3106 2.70849 0.125 21.9886 0
178.529  593.16  279.485  601.682 3.55801 0.125 130.538 0
240.462  565.456  269.91  539.974 2.66066 0.125 37.1814 0
86.92  504.455  85.7348  493.368 2.1327 0.125 2.2932 0
250.504  199.574  225.5  199.454 1 0.125 8.23584 0
247.496  592.538  275.572  595.896 1.94311 0.125 28.347 0
305.506  157.84  295.491  158.021 1.16249 0.0625 2.8173 0
37.9451  316.23  31.0013  304.803 1.89323 0.125 3.13013 0
411.201  63.4949  410.84  84.4886 2.08577 0.125 21.1084 0
196.509  182.025  168.5  182.481 1.35819 0.125 18.1698 0
564.499  117.725  578.5  117.711 2.00924 0.125 8.63548 0
139.501  0.490214  158.43  3.02318 1.71706 0.125 13.6544 0
483.544  429.522  489.435  417.468 1.83753 0.125 0.811332 0
148.345  487.105  218.611  505.066 3.40184 0.125 91.7647 0
255.5  181.5  275.5  181.5 1 0.125 3.72039 0
478.767  500.34  485.48  511.512 2.23328 0.125 3.1796 0
160.524  3.32794  188.543  7.18621 1.74425 0.125 21.3266 0
554.57  253.506  553.658  263.514 2.0825 0.125 4.62348 0
124.135  577.352  143.808  585.781 2.75868 0.125 31.8681 0
214.101  382.962  224.906  395.032 2.74606 0.125 9.46892 0
361.511  172.087  353.49  171.881 1.1795 0.0625 1.63941 0
471.489  166.393  487.414  164.691 1.88242 0.125 4.8643 0
58.5785  218.05  65.8405  203.178 1.77615 0.125 7.51526 0
31.4036  304.155  24.1896  285.237 2.66861 0.125 9.93503 0
88.5988  443.346  100.032  450.67 2.02635 0.125 0.811332 0
477.495  270.499  479.73  252.529 2.48324 0.125 6.32126 0
556.955  265.426  559.402  247.487 2.92776 0.125 15.3546 0
48.5913  353.447  43.0175  343.778 2.23214 0.125 0.670152 0
77.1484  396.571  78.9765  405.606 2.75356 0.125 4.89868 0
302.524  536.872  322.506  535.588 1.93175 0.125 17.5383 0
450.512  553.606  472.576  551.197 2.87376 0.125 18.6232 0
587.554  103.157  598.596  104.883 2.28491 0.0625 2.54514 0
36.0581  447.279  29.4454  460.473 2.69265 0.125 2.96503 0
40.9011  507.146  27.9317  515.196 2.63669 0.125 12.5219 0
73.7926  379.507  73.995  370.489 2.0668 0.125 0.668085 0
69.3847  200.056  79.483  197.435 2.22414 0.125 0.57978 0
206.479  185.214  220.55  184.18 2.36084 0.125 1.42275 0
582.023  490.506  515.693  459.093 2.99773 0.125 107.107 0
513.226  471.05  561.654  495.19 3.1531 0.125 66.47 0
97.0018  528.416  95.1932  517.551 2.79509 0.125 5.7097 0
192.346  570.3  157.483  563.588 1.81153 0.125 23.7415 0
367.5  197.5  352.5  197.5 1 0.03125 3.77414 0
427.5  370.504  366.387  376.311 3.02667 0.125 104.114 0
437.493  252.686  449.514  253.109 2.06918 0.125 3.1603 0
482.334  81.471  483.101  103.514 2.20739 0.125 14.5321 0
595.145  293.241  589.245  301.313 2.57758 0.125 0.670152 0
96.7183  323.393  101.232  332.631 1.39857 0.125 1.01112 0
279.025  600.915  302.728  592.115 2.8909 0.125 24.2676 0
353.462  175.258  366.48  175.903 1.99755 0.125 7.33275 0
492.498  199.897  458.499  199.727 2.01491 0.125 35.7878 0
85.8618  216.019  75.9852  229.112 2.59113 0.125 15.1105 0
510.634  441.857  505.983  448.116 3.00436 0.125 1.42771 0
116.034  461.996  89.2106  436.808 2.2314 0.125 46.9307 0
354.869  258.193  364.867  270.194 1.92115 0.125 2.45711 0
488.747  513.768  503.843  499.873 2.59199 0.125 10.4727 0
36.1673  131.316  43.955  117.199 2.14378 0.125 2.21377 0
311.628  577.351  376.663  567.582 2.33355 0.125 65.7663 0
389.88  571.819  440.691  557.163 2.66043 0.125 65.7323 0
80.2065  422.588  70.5437  390.189 2.32007 0.125 22.8631 0
75.9909  491.398  77.5631  514.427 2.96907 0.125 28.7004 0
299.476  442.505  307.089  476.367 2.04952 0.125 21.2211 0
219.426  85.2077  230.716  82.3561 3.16353 0.125 2.45028 0
500.17  417.809  507.108  402.781 2.65414 0.125 7.42286 0
307.473  68.7554  291.442  67.0375 1.13621 0.125 1.01112 0
469.987  258.531  468.635  279.509 2.446 0.125 12.8921 0
0.460072  529.607  11.4294  533.69 2.59324 0.125 2.45711 0
12.508  224.937  52.5129  224.201 1.96286 0.125 24.0157 0
60.5795  332.506  58.8033  357.522 1.8474 0.125 6.32126 0
362.389  373.092  241.507  382.588 3.25556 0.125 205.662 0
401.497  155.5  401.895  172.491 2.16353 0.125 12.6064 0
441.619  65.1322  413.398  62.6747 2.55214 0.125 14.1186 0
552.225  86.4746  548.803  123.528 1.91521 0.125 31.2674 0
75.5369  223.516  85.0477  201.306 2.10242 0.125 31.7162 0
36.4796  619.412  16.4015  624.076 2.03628 0.125 20.2155 0
119.498  495.507  101.981  490.221 3.72224 0.125 9.94223 0
369.507  565.533  410.63  556.065 1.94229 0.125 25.2298 0
195.466  189.981  181.535  189.006 1.78577 0.125 6.42966 0
292.523  102.388  305.583  105.102 2.56863 0.125 2.79889 0
354.407  213.078  366.417  215.013 2.6435 0.125 0.398689 0
262.76  555.439  275.058  546.866 2.55956 0.125 9.21386 0
6.62309  383.546  21.6504  381.778 2.74577 0.125 12.5219 0
193.397  9.50139  193.911  47.508 2.32464 0.125 27.4276 0
580.885  648.959  568.663  640.271 2.10135 0.125 1.19521 0
229.47  280.275  211.523  282.672 1.85003 0.125 2.613 0
342.91  462.569  344.539  476.495 1.63785 0.125 2.2932 0
404.934  92.4669  403.817  111.577 2.00351 0.125 10.8268 0
554.398  310.648  536.534  312.782 1.70452 0.125 2.45711 0
121.069  525.098  103.474  500.226 2.72747 0.125 24.6636 0
239.507  383.687  217.535  384.479 2.92598 0.125 26.984 0
76.5  448.5  76.5  466.5 1 0.125 1.91421 0
194.526  390.202  176.488  388.635 1.90591 0.125 5.22771 0
363.509  56.4162  382.504  58.4675 1.42369 0.125 3.98429 0
17.3359  166.625  14.0585  188.583 2.62763 0.125 25.3066 0
408.431  302.594  397.476  294.533 1.5651 0.125 0.563807 0
4.65275  324.135  1.2107  313.275 2.55766 0.125 4.02089 0
227.513  186.857  203.509  187.741 1.77775 0.125 5.61522 0
326.664  445.461  329.525  457.494 1.43552 0.125 1.91421 0
497.179  460.205  487.112  471.143 2.65031 0.125 5.41095 0
68.3604  237.471  66.7012  245.541 1.95902 0.125 1.01112 0
82.717  186.809  65.8927  198.636 2.38954 0.125 11.4325 0
341.513  147.647  355.494  146.432 2.64239 0.125 6.86038 0
425.277  272.709  428.321  290.531 2.78881 0.125 5.60856 0
579.547  140.686  560.495  139.584 2.41764 0.125 6.32126 0
251.555  566.565  263.026  556.936 2.81771 0.125 9.46892 0
0.0264238  457.003  13.8626  443.83 2.06853 0.125 9.21386 0
9.82109  294.72  15.5813  312.474 2.54494 0.125 10.4464 0
89.2096  459.336  83.9199  436.403 1.87485 0.125 11.811 0
86.412  319.527  93.2824  341.568 2.14507 0.125 12.8921 0
21.9537  175.584  20.3965  165.516 2.05815 0.125 4.62348 0
83.4601  416.498  84.422  399.439 1.99683 0.125 8.25658 0
103.455  455.545  109.964  462.034 2.33277 0.125 0.668085 0
329.908  458.471  331.304  478.444 1.85568 0.125 13.4748 0
473.564  486.137  493.648  489.657 2.53899 0.125 0.332018 0
109.426  463.043  115.68  475.409 2.71812 0.125 6.04281 0
195.499  386.028  170.499  385.984 2 0.125 21.1621 0
256.458  59.9862  229.487  57.6483 2.59705 0.125 12.3246 0
190.486  288.121  240.53  286.331 2.60474 0.125 58.3506 0
393.491  128.672  361.472  127.064 1.14926 0.125 17.2667 0
500.509  187.79  511.529  187.453 2.09075 0.125 1.42771 0
185.531  4.26308  168.43  2.04199 1.08176 0.125 1.91421 0
312.66  442.463  317.57  463.484 1.69156 0.125 14.5324 0
353.504  451.5  355.343  467.518 1.75879 0.125 1.79958 0
20.904  203.516  21.5133  188.46 1.99836 0.125 9.26472 0
372.521  382.613  426.334  372.605 2.12534 0.125 43.9598 0
475.704  120.467  473.477  106.504 1.97504 0.125 5.76976 0
476.425  91.4908  477.288  84.474 2.97753 0.125 0.563807 0
501.507  315.57  486.452  316.995 1.74946 0.125 6.86018 0
200.457  573.973  258.43  579.265 2.16941 0.125 46.9483 0
475.84  106.503  475.985  91.4854 3.00951 0.125 24.6822 0
62.5365  221.516  70.4126  203.037 2.24712 0.125 8.82632 0
308.251  164.882  319.099  160.506 2.29773 0.125 2.27789 0
377.433  567.229  406.626  560.011 2.15993 0.125 18.6232 0
178.508  165.36  156.519  164.158 2.32446 0.125 9.22925 0
220.508  127.147  209.491  126.903 1.22121 0.125 2.43315 0
224.451  589.031  246.631  591.097 3.10435 0.125 28.7004 0
422.498  201.01  435.498  201.065 2.03804 0.125 8.23584 0
545.483  80.797  523.499  79.5206 1.53292 0.125 3.42942 0
174.521  13.3034  154.53  11.2154 2.67211 0.125 7.886 0
527.049  140.768  514.505  148.508 2.15498 0.125 1.19521 0
567.508  183.624  578.526  182.899 1.26032 0.0625 0.463196 0
350.797  245.204  358.792  253.209 1.417 0.125 0.108034 0
499.476  76.7828  483.507  75.4148 1.08171 0.125 0.108034 0
87.7914  466.453  90.2001  481.548 2.48979 0.125 2.70155 0
520.49  176.4  528.508  176.326 2.06416 0.125 0.108034 0
199.926  127.485  198.558  88.498 1.68304 0.125 12.7993 0
253.511  576.391  221.445  573.021 1.93503 0.125 29.6015 0
480.527  75.1469  447.493  72.5879 1.76232 0.125 20.4261 0
300.5  580.5  276.5  580.5 1 0.125 7.33275 0
168.482  568.604  193.442  572.843 1.46947 0.125 12.6064 0
484.18  473.455  456.337  481.967 2.55214 0.125 18.4297 0
55.5018  216.67  35.504  216.879 1.20902 0.125 1.91421 0
529.511  313.651  511.534  314.965 1.84894 0.125 5.07047 0
59.4602  234.492  62.1848  221.645 2.99388 0.125 4.81925 0
252.505  581.542  236.597  583.35 2.32602 0.125 13.6527 0
355.494  378.378  328.512  379.738 1.35133 0.125 16.3637 0
15.2611  192.559  18.5268  205.741 2.19932 0.125 1.79958 0
209.491  568.688  233.482  569.862 1.55786 0.125 8.38105 0
55.5279  213.016  36.476  211.916 3.1103 0.125 15.4348 0
528.487  123.947  539.507  124.276 1.23882 0.125 1.01112 0
99.362  590.723  94.089  584.87 2.54555 0.125 0.668085 0
464.695  512.017  451.658  516.919 2.68814 0.125 4.02632 0
598.697  82.1224  567.337  77.6423 2.96985 0.125 22.1417 0
447.478  119.9  459.497  120.559 1.32664 0.125 0.108034 0
46.773  341.484  45.4585  319.443 2.87561 0.125 7.34868 0
508.499  40.5217  488.454  39.1894 1.66097 0.125 9.26472 0
45.555  319.484  45.7361  308.504 2.09867 0.125 2.43315 0
270.531  207.089  254.548  205.867 1.53678 0.125 0.670152 0
259.535  486.274  272.531  488.303 2.80981 0.125 7.55018 0
503.464  81.3591  485.482  81.9284 2.28378 0.125 4.0042 0
545.398  118.504  544.891  105.524 3.15405 0.125 10.1529 0
260.45  473.622  250.842  469.669 3.69927 0.125 0.965818 0
482.524  121.832  505.495  122.65 1.96315 0.125 17.8297 0
427.54  491.949  408.424  493.648 1.97001 0.125 4.60708 0
286.558  268.675  276.351  272.05 1.07734 0.03125 2.32684 0
461.436  380.597  441.466  382.016 1.98978 0.125 0.965818 0
470.451  539.402  462.026  543.565 1.67905 0.0625 2.8173 0
326.474  393.461  310.509  393.853 2.17152 0.125 1.66757 0
326.522  389.874  311.505  389.345 1.06989 0.0625 1.63941 0
360.483  384.723  347.489  385.002 2.17142 0.0625 3.63572 0
302.494  398.818  282.519  398.448 2.16599 0.125 3.52114 0
509.898  107.505  510.101  91.5076 2.11369 0.125 14.5575 0
562.824  29.4403  556.458  101.496 2.90036 0.0625 143.325 0
243.432  286.135  334.504  281.578 2.79635 0.125 85.3011 0
13.689  -0.0733912  190.658  21.1879 3.88373 0.125 321.946 0
41.555  3.03361  111.642  11.2955 3.33452 0.125 139.944 0
203.282  112.466  206.091  177.431 2.94823 0.125 97.1629 0
590.525  226.086  336.517  221.561 3.8129 0.125 121.53 0
141.284  546.477  238.939  568.041 6.15146 0.125 83.257 0
16.7532  440.647  37.2293  405.343 2.14526 0.125 43.3586 0
98.6374  335.349  130.886  368.105 2.73999 0.125 21.9278 0
409.504  546.517  261.155  584.896 12.0558 0.125 85.7686 0
137.407  507.022  206.351  519.332 3.34095 0.125 46.3125 0
510.492  86.6106  446.476  81.8199 2.9105 0.125 18.1165 0
277.567  551.648  325.521  548.87 2.44403 0.125 29.2028 0
81.2925  445.764  420.528  394.689 12.6107 0.125 99.2394 0
382.807  253.429  386.136  220.769 9.34709 0.125 7.96054 0
404.07  112.569  402.757  142.555 2.52289 0.125 43.5939 0
276.527  596.623  385.729  572.536 2.26892 0.125 91.5129 0
194.199  48.4737  199.169  180.512 2.51507 0.125 198.291 0
181.479  189.163  19.3568  183.976 10.0258 0.125 2.32409 0
138.636  444.057  463.05  543.493 17.5503 0.125 19.5861 0
98.411  207.445  94.4853  284.499 3.94394 0.125 120.719 0
463.492  227.069  503.515  226.315 2.22565 0.125 3.396 0
305.502  295.839  189.5  295.488 3.01513 0.125 121.265 0
513.422  208.28  546.491  211.595 3.27928 0.125 24.4693 0
252.662  475.049  216.073  461.905 3.18902 0.125 36.4353 0
308.014  201.932  367.026  282.316 22.8043 0.125 38.1868 0
439.05  480.319  469.449  459.915 3.28718 0.125 45.3988 0
584.381  316.21  480.621  325.809 3.64959 0.125 205.812 0
499.49  219.116  393.54  221.986 2.84351 0.125 147.249 0
278.401  653.651  229.334  649.435 3.97771 0.125 100.568 0
304.195  589.054  462.334  555.712 4.17963 0.125 99.4689 0
245.633  449.663  126.444  446.944 12.8826 0.125 13.4881 0
