410
509.45  449.358  550.323  434.997 2.14202 0.125 56.7981 0
496.233  432.844  536.987  416.241 2.29792 0.125 67.7454 0
584.878  172.469  585.784  154.464 1.84684 0.125 15.4606 0
593.136  123.469  593.861  138.531 2.28617 0.125 16.6464 0
586.26  152.573  588.274  131.478 2.41615 0.125 21.9297 0
358.504  326.578  323.504  326.443 2.11958 0.125 75.0645 0
234.467  275.236  246.409  273.761 2.23012 0.125 9.13893 0
432.622  153.471  431.419  189.497 1.93216 0.125 44.3839 0
417.656  431.881  432.709  435.669 1.9457 0.125 4.02089 0
323.447  327.051  287.587  323.598 1.74009 0.125 35.7782 0
315.554  247.016  367.453  245.169 3.46406 0.125 117.438 0
373.469  244.235  398.509  245.288 2.46042 0.125 40.7471 0
186.434  194.673  177.411  195.398 1.83333 0.0625 3.99669 0
284.56  312.271  293.343  276.218 2.13033 0.125 50.9191 0
370.544  431.333  384.622  435.034 1.27131 0.125 1.91421 0
480.324  456.82  508.51  449.54 1.75072 0.125 23.9554 0
441.535  465.286  397.554  458.164 2.10621 0.125 58.5572 0
589.13  128.478  589.954  114.468 1.82036 0.125 2.27789 0
65.2667  220.305  51.4046  223.011 1.98637 0.125 6.86018 0
578.934  237.464  580.317  215.426 2.11721 0.125 24.6822 0
157.452  284.89  129.468  287.088 2.30704 0.125 42.5533 0
149.488  241.931  161.504  241.673 1.2145 0.015625 2.08118 0
396.626  457.922  365.579  451.138 1.49433 0.125 25.5762 0
398.406  243.962  416.529  243.29 4.03429 0.125 28.9176 0
385.46  435.699  441.582  447.095 2.07944 0.125 73.5636 0
524.523  453.582  507.459  458.353 1.5431 0.125 10.042 0
209.996  94.5252  211.046  115.523 1.84768 0.125 18.4304 0
364.505  98.5861  240.443  105.483 2.38681 0.125 221.049 0
532.458  496.321  572.589  486.877 2.17655 0.125 58.4262 0
584.371  255.485  582.77  269.416 1.64449 0.125 7.33275 0
522.277  473.483  520.673  494.513 1.9942 0.125 24.4915 0
552.433  528.112  564.251  526.065 2.00964 0.125 2.2932 0
86.5242  360.136  60.5061  358.407 2.39338 0.125 30.5726 0
501.456  534.916  523.482  533.261 2.51895 0.125 27.1072 0
276.498  141.828  267.498  141.855 1.02702 0.015625 1.01112 0
416.486  540.08  448.517  539.012 2.96502 0.125 58.5572 0
456.495  96.2004  407.492  97.0356 1.96563 0.125 70.5491 0
433.49  243.902  463.498  243.382 1.96507 0.125 38.0378 0
391.488  501.891  406.502  501.595 2.07842 0.125 12.7513 0
519.457  93.892  497.495  95.428 2.27419 0.125 27.2007 0
594.176  80.5336  592.721  66.4772 1.98937 0.125 1.63274 0
431.906  201.494  431.759  216.493 1.12691 0.0625 2.8173 0
473.493  464.459  465.562  465.855 2.95459 0.125 2.2932 0
521.431  497.002  531.514  495.601 1.70573 0.0625 3.99669 0
368.454  442.707  406.586  451.109 1.67201 0.125 35.1174 0
448.506  424.436  431.472  422.786 1.76675 0.125 11.3022 0
597.39  168.498  597.687  154.483 2.18988 0.125 12.6064 0
564.097  525.798  574.959  519.559 1.62306 0.125 3.72039 0
44.553  365.624  68.5257  367.075 2.87367 0.125 45.2625 0
337.444  138.457  278.453  141.627 1.97613 0.125 88.6109 0
596.204  492.604  590.966  477.687 1.22445 0.125 1.91421 0
453.413  191.497  454.911  140.483 2.5567 0.125 87.5626 0
330.615  520.556  342.405  496.453 1.7576 0.125 28.1038 0
567.271  175.444  563.401  191.231 1.90439 0.125 9.26472 0
551.494  444.484  525.512  453.535 1.97391 0.125 31.8389 0
73.2011  272.203  63.2321  282.234 1.44482 0.125 2.8173 0
330.451  230.112  312.361  232.397 1.84855 0.125 15.4606 0
215.482  68.0669  232.454  67.3694 2.16257 0.125 18.1698 0
199.49  51.5563  207.595  52.9421 2.81406 0.125 3.1603 0
430.501  136.564  413.49  136.817 1.2081 0.125 1.01112 0
258.353  316.209  264.501  315.51 2.98077 0.125 1.91421 0
464.481  465.92  442.481  464.922 1.86196 0.125 21.7822 0
370.497  539.594  381.517  539.908 1.25666 0.0625 1.61318 0
452.419  226.511  452.807  195.491 2.27515 0.125 51.324 0
35.845  252.983  10.9746  270.765 1.98087 0.125 30.7418 0
470.797  500.5  470.798  481.5 1.00061 0.125 2.8173 0
254.462  66.0606  268.445  64.8594 2.98899 0.125 7.02683 0
291.646  514.103  280.664  510.056 1.43171 0.125 0.108034 0
237.647  345.316  213.353  349.68 1.96848 0.125 28.1038 0
500.451  460.235  473.458  465.272 2.0976 0.125 29.2267 0
456.851  501.502  456.797  482.499 1.05087 0.125 0.668085 0
400.7  203.443  399.405  221.493 2.56731 0.125 19.3517 0
257.443  448.505  258.749  462.383 2.36577 0.125 15.4606 0
399.936  64.499  400.001  93.4989 2.06544 0.125 38.0378 0
454.087  481.501  454.05  500.501 1.03148 0.125 1.91421 0
43.4869  406.837  79.549  408.243 2.23231 0.125 48.6638 0
316.472  535.363  327.415  533.091 1.92128 0.125 3.72039 0
127.486  242.952  143.477  242.556 1.34606 0.125 3.72039 0
10.4524  15.5072  12.2637  27.5356 1.58447 0.0625 2.24793 0
598.072  199.491  597.696  217.504 1.3548 0.125 6.5569 0
275.548  471.38  308.856  484.604 1.51738 0.125 26.3785 0
427.498  56.9038  441.501  56.8647 2.02228 0.125 10.9451 0
275.329  501.589  273.137  472.603 3.06686 0.125 56.2429 0
399.159  42.4546  400.614  63.5611 2.47657 0.125 29.2267 0
453.441  106.616  407.445  109.666 1.99008 0.125 66.9367 0
484.849  499.504  484.783  489.498 1.0593 0.0078125 1.98616 0
202.433  379.049  221.459  376.223 1.76295 0.125 14.5575 0
239.514  18.5937  214.505  18.1987 2.29978 0.125 40.2259 0
222.458  375.152  240.503  374.588 3.06098 0.125 27.2501 0
351.5  112.893  240.5  112.838 1.05393 0.125 84.9985 0
545.03  55.8251  524.32  70.2411 1.93117 0.125 23.0786 0
393.779  27.4077  398.453  41.5157 1.59548 0.125 4.20178 0
395.003  224.509  396.052  51.5094 3.521 0.125 512.139 0
209.525  118.547  210.964  148.526 2.42938 0.125 44.2346 0
295.214  78.6048  294.31  67.5155 3.07131 0.125 10.8723 0
299.469  84.0276  320.51  82.6448 1.9957 0.125 21.1084 0
520.474  102.125  497.446  103.729 1.90126 0.125 23.5884 0
428.5  179.5  428.5  163.5 1 0.125 0.108034 0
277.501  18.7636  246.498  18.8758 1.10131 0.125 12.7513 0
411.11  489.506  410.952  479.493 1.15813 0.125 2.8173 0
520.367  74.2758  509.159  80.9249 1.53066 0.125 1.91421 0
341.508  19.9324  296.503  19.307 2.15264 0.125 75.9676 0
432.49  473.367  448.48  472.22 1 0.0625 4.02142 0
335.35  73.4815  336.813  61.6624 3.22288 0.125 16.6464 0
508.361  81.3175  501.033  86.8854 2.80244 0.125 4.89868 0
296.481  63.1891  321.511  61.6821 1.99638 0.125 20.2102 0
367.331  50.5001  367.372  136.501 2.03584 0.125 110.899 0
132.53  238.016  149.531  237.041 1.88224 0.125 9.26472 0
591.362  0.66813  579.36  2.65889 2.14136 0.125 8.23584 0
207.504  17.5617  176.5  17.4436 2.08378 0.125 59.712 0
297.886  95.5151  297.64  85.5211 2.1956 0.125 0.668085 0
345.499  255.51  366.526  257.175 1.62867 0.125 15.7549 0
402.49  228.658  424.527  230.085 1.80196 0.125 18.0571 0
332.502  163.981  278.499  163.79 1.17638 0.125 47.9718 0
338.48  61.1836  362.446  59.6539 1.99594 0.125 23.3587 0
129.5  369.5  113.5  369.5 1 0.125 0.108034 0
313.542  491.527  302.521  508.513 1.92748 0.125 16.2936 0
416.495  78.0098  424.505  77.9237 2.04289 0.125 0.108034 0
77.5  402.5  51.5  402.5 1 0.125 9.13893 0
332.592  95.4262  333.715  81.5987 3.07113 0.125 19.3228 0
14.3895  42.5137  15.6443  52.6064 2.73033 0.125 5.69779 0
358.585  3.12098  346.737  0.448273 1.85569 0.125 2.43315 0
533.569  10.919  509.403  14.9123 2.30774 0.125 32.2241 0
269.506  64.8378  287.495  65.0104 2.07664 0.125 6.61688 0
572.427  4.05915  538.37  9.71459 2.297 0.125 47.42 0
503.578  15.9476  488.342  18.5923 1.97053 0.125 13.6544 0
538.864  136.51  539.023  146.523 1.96793 0.125 3.72039 0
14.5506  54  3.56192  52.8881 1.58714 0.125 1.01112 0
86.4564  409.632  126.506  407.62 1.9522 0.125 56.0996 0
577.397  60.3505  567.332  67.2558 1.90804 0.125 4.62348 0
47.5013  413.448  78.5013  413.487 2.03586 0.125 41.6939 0
337.501  149.445  265.497  147.635 1.92948 0.125 96.6584 0
109.562  32.2356  95.625  28.9671 1.77913 0.125 4.89868 0
194.5  327.5  218.5  327.5 1 0.125 7.33275 0
327.51  177.301  287.514  175.233 2.53128 0.125 38.8718 0
447.5  477.444  467.499  477.304 1.09123 0.125 2.8173 0
77.5233  387.254  90.5954  388.494 2.36874 0.125 6.55695 0
377.496  19.9883  352.498  19.7992 2.08315 0.125 29.91 0
222.776  85.8699  214.637  69.9408 1.44295 0.125 4.20178 0
105.502  403.892  96.4972  403.937 1.04491 0.00390625 6.42966 0
438.498  529.833  408.498  529.944 1.10641 0.125 11.8482 0
183.434  402.066  224.554  395.86 2.0335 0.125 56.2738 0
257.297  81.5735  252.997  69.6819 1.20075 0.0625 1.61318 0
0.45977  245.968  16.5943  244.748 2.38852 0.125 15.4127 0
16.5319  82.945  38.4594  84.2056 2.22629 0.125 24.6822 0
146.417  298.602  117.387  301.275 2.80401 0.125 42.4431 0
498.086  69.0046  506.244  62.1929 2.81707 0.125 2.45711 0
178.5  334.5  200.5  334.5 1 0.125 5.52657 0
448.5  525.5  369.5  525.5 1 0.125 57.0027 0
129.317  310.044  135.519  307.548 2.7832 0.0625 1.11411 0
420.533  479.812  434.483  478.34 1.88402 0.125 2.2932 0
467.5  463.5  449.5  463.5 1 0.125 1.91421 0
456.617  77.506  456.731  94.5052 2.07405 0.125 15.4606 0
384.017  224.501  384.181  61.5007 2.05922 0.125 265.359 0
120.902  314.433  130.426  310.328 2.10565 0.125 4.62348 0
118.447  557.107  107.511  558.582 1.21474 0.0625 0.409064 0
305.497  131.584  317.517  132.007 1.31553 0.125 0.108034 0
463.5  528.507  439.48  530.221 2.35181 0.125 28.347 0
508.338  77.1983  498.494  82.4893 1.69559 0.125 0.668085 0
399.5  136.5  399.5  152.5 1 0.125 0.108034 0
517.449  523.982  484.474  527.239 2.01441 0.125 45.2625 0
216.492  329.976  202.495  330.196 1.17274 0.125 1.55013 0
300.508  316.075  314.505  315.888 2.06643 0.125 10.042 0
458.449  513.126  473.576  511.053 1.75069 0.125 6.86018 0
296.04  282.84  291.479  303.495 3.27146 0.125 34.7779 0
226.255  393.424  249.635  388.092 2.08666 0.125 30.8131 0
187.993  266.374  191.973  250.369 2.42865 0.125 11.6737 0
69.4793  366.381  92.5084  365.956 3.27644 0.125 30.801 0
216.474  53.0072  228.442  53.6243 2.46076 0.125 10.9451 0
90.202  270.409  93.5445  259.514 1.40156 0.0625 4.02142 0
254.505  110.108  292.502  109.774 2.23716 0.125 53.3903 0
414.942  74.1729  419.965  65.6004 3.30296 0.125 4.94605 0
114.383  274.434  95.3923  276.519 2.76382 0.125 16.1788 0
487.5  504.5  467.5  504.5 1 0.125 3.72039 0
532.685  71.7787  538.232  68.0961 2.50618 0.125 1.01112 0
325.389  192.499  325.14  219.497 2.05532 0.125 13.23 0
135.252  275.444  136.631  269.305 2.92707 0.0625 0.441485 0
363.695  161.495  363.281  144.481 1.85362 0.125 1.63274 0
506.162  152.489  505.711  166.507 1.41753 0.125 9.13893 0
564.535  516.715  550.424  519.036 2.96023 0.125 7.83855 0
523.468  114.209  496.354  117.163 3.21853 0.125 40.5722 0
231.652  369.881  187.418  374.754 3.08288 0.125 48.2719 0
319.537  312.32  333.553  311.69 1.9531 0.125 7.74756 0
340.496  25.1884  318.5  25.4795 1.15873 0.125 3.72039 0
433.5  241.5  455.5  241.5 1 0.125 3.31706 0
539.758  565.328  593.568  645.786 3.35685 0.125 148.041 0
466.5  485.5  466.5  500.5 1 0.0625 4.02142 0
500.225  277.812  492.917  270.104 2.06411 0.125 4.62348 0
97.4422  23.4258  106.469  23.9897 1.99611 0.125 1.01112 0
335.459  82.3082  346.596  79.9524 2.57759 0.125 4.84021 0
311.442  483.642  328.474  490.565 1.64934 0.125 9.26472 0
256.51  53.4206  275.459  55.8241 2.48744 0.125 10.4464 0
448.515  148.56  437.46  151.343 2.17684 0.125 4.20178 0
58.4741  392.93  121.571  390.066 2.6825 0.125 85.242 0
177.507  39.0266  161.496  38.7767 1.99976 0.125 13.6544 0
283.494  22.5107  341.498  22.8702 1.99376 0.125 60.9148 0
351.634  167.498  351.146  135.49 1.10656 0.125 14.5575 0
510.496  257.585  520.569  258.076 2.39898 0.125 0.57978 0
137.416  268.471  141.207  257.4 1.62005 0.125 2.8173 0
379.528  85.5001  379.441  134.5 1.00536 0.125 29.91 0
264.137  158.439  265.385  171.511 1.70598 0.125 4.20178 0
319.504  182.674  282.499  183.462 1.95697 0.125 38.2405 0
293.516  54.2957  322.494  56.577 2.83378 0.125 37.1987 0
91.4523  293.251  106.475  290.371 2.15252 0.125 7.40595 0
224.724  290.738  215.358  287.982 2.76556 0.125 4.84021 0
353.86  133.489  354.73  162.523 3.50777 0.125 27.7129 0
33.5819  91.4146  0.543692  88.9211 2.16364 0.125 18.4742 0
367.146  151.479  367.8  171.523 2.25966 0.125 6.08364 0
236.966  66.7711  245.461  83.5196 2.76608 0.125 29.91 0
523.627  190.482  523.382  202.518 2.99938 0.125 9.98151 0
598.622  27.4907  527.709  36.2 3.27401 0.125 112.562 0
413.461  314.81  504.507  309.622 2.71071 0.125 83.743 0
309.5  146.5  324.5  146.5 1 0.0625 4.02142 0
281.482  192.62  297.496  192.29 1.52019 0.0625 2.8173 0
327.463  130.969  339.546  131.923 2.54477 0.125 5.7097 0
41.3331  265.399  48.8134  253.083 2.26004 0.125 10.1408 0
168.509  555.745  157.487  556.171 1.38557 0.125 4.62348 0
351.503  228.543  338.427  229.52 2.54445 0.125 5.78041 0
18.5932  70.489  19.7789  80.5847 1.69299 0.125 1.91421 0
255.738  486.553  253.358  452.51 2.92293 0.125 58.7637 0
510.546  38.1495  500.49  37.8041 3.06688 0.125 1.99536 0
121.5  401.5  80.5  401.5 1 0.125 22.6853 0
377.5  537.5  435.5  537.5 1 0.125 38.0378 0
69.5081  587.284  57.5251  586.833 1.3375 0.125 1.91421 0
228.66  99.3879  216.266  81.6638 1.22642 0.125 2.27789 0
260.443  507.991  255.553  487.487 3.74868 0.125 20.2301 0
456.518  40.5691  424.493  41.1201 1.9481 0.125 26.1757 0
540.5  51.5  523.5  51.5 1 0.125 1.01112 0
25.4324  355.847  0.492724  358.43 2.57199 0.125 27.8369 0
189.514  244.192  149.49  245.002 1.95912 0.125 24.8138 0
171.548  235.973  160.459  237.099 1.78779 0.125 3.72039 0
301.501  311.985  315.501  312.005 2.01559 0.125 5.76976 0
314.724  293.515  314.629  288.479 2.09369 0.0078125 4.01425 0
319.504  315.962  382.508  315.462 1.99994 0.125 63.5041 0
405.41  125.497  405.82  111.48 1.1166 0.03125 2.32684 0
410.856  168.5  410.865  196.5 1.00815 0.125 10.042 0
20.9323  308.952  26.3598  303.33 2.23289 0.125 1.01112 0
510.331  290.639  500.888  279.18 1.13621 0.125 0.108034 0
188.509  555.139  176.492  554.831 1.30735 0.125 7.33275 0
274.503  24.3064  253.509  23.955 1.21744 0.125 4.02089 0
455.497  120.5  455.676  107.489 2.13702 0.125 13.6544 0
313.205  275.465  312.706  265.54 2.89575 0.125 9.13893 0
382.501  227.572  367.488  227.846 2.16352 0.125 4.02089 0
432.495  123.457  415.587  125.295 1.88016 0.125 9.26472 0
355.222  178.498  354.893  225.503 2.29445 0.125 66.1017 0
407.52  530.915  347.557  528.851 2.65244 0.125 88.041 0
524.471  48.2271  541.595  46.3813 2.87556 0.125 23.9554 0
574.522  42.1365  585.509  41.7488 2.96287 0.125 6.5569 0
271.504  550.577  189.492  554.33 1.98446 0.125 84.7515 0
414.733  206.5  414.747  218.501 2.01036 0.125 5.97339 0
52.5042  561.039  28.5056  561.225 2.11619 0.125 15.1472 0
338.375  208.503  338.78  224.518 1.05029 0.125 0.108034 0
519.511  36.5665  511.242  37.8929 2.96213 0.125 1.42771 0
282.494  187.012  322.5  187.478 2.1743 0.125 27.0288 0
328.411  184.464  329.777  219.489 2.01263 0.125 17.929 0
144.211  308.758  171.369  298.165 2.90704 0.125 31.7549 0
150.475  232.701  163.518  234.357 2.36191 0.125 9.52392 0
290.501  172.611  300.511  172.503 2.01069 0.125 3.72039 0
529.455  259.861  539.425  261.104 2.72958 0.0625 5.35754 0
441.499  428.505  451.429  429.977 2.27161 0.125 4.62348 0
40.2934  40.3416  38.5276  31.4945 2.74625 0.125 2.2932 0
367.902  172.481  368.518  185.499 1.11374 0.0625 0.736218 0
169.518  294.136  141.513  294.943 1.99917 0.125 29.2267 0
90.431  281.085  116.515  279.814 2.99644 0.125 26.229 0
157.515  287.64  179.47  285.229 1.97638 0.125 10.8849 0
508.203  123.477  506.505  145.5 1.84281 0.125 21.1084 0
318.547  306.14  334.534  304.962 1.84754 0.125 8.38953 0
546.483  243.65  574.577  246.816 2.11356 0.125 15.2249 0
579.177  480.322  588.749  516.698 1.93391 0.125 34.6379 0
381.448  280.265  374.85  253.661 3.40086 0.125 38.4503 0
379.561  142.5  379.347  214.5 1.04447 0.125 50.6811 0
349.5  150.5  349.5  174.5 1 0.125 7.33275 0
51.6225  42.7027  42.5299  41.3055 2.88802 0.125 0.182574 0
486.139  292.113  499.724  300.12 2.69289 0.125 11.723 0
588.605  247.7  598.564  249.013 1.72142 0.125 1.01112 0
579.53  446.53  588.057  438.054 1.44417 0.125 0.108034 0
294.348  308.469  298.888  286.374 2.3616 0.125 11.8289 0
571.534  42.7136  560.493  44.4548 2.07829 0.0625 0.380078 0
230.828  54.8645  236.801  65.879 2.45791 0.125 13.6544 0
526.498  36.4935  521.32  37.7693 3.15211 0.0625 2.8173 0
225.635  397.274  240.549  396.141 3.52138 0.125 1.37616 0
343.493  15.6116  377.49  17.6668 2.08433 0.125 36.6587 0
414.582  55.9283  407.691  66.9964 2.97957 0.125 10.8268 0
504.078  148.475  505.734  120.455 1.34757 0.125 10.8723 0
12.5451  360.9  0.361712  362.273 2.6594 0.125 4.94605 0
362.007  73.2932  360.882  81.4144 3.10885 0.125 3.13013 0
367.163  138.482  366.448  151.552 2.27031 0.125 13.6544 0
549.213  70.5663  548.799  62.5361 2.39317 0.0625 0.736218 0
580.69  429.738  566.288  441.234 1.57704 0.125 7.51526 0
39.9955  389.894  48.1623  383.094 1.5482 0.0625 0.736218 0
452.533  262.898  463.503  262.641 3.0226 0.125 3.28424 0
14.7926  338.419  17.6525  313.518 2.8329 0.125 15.8584 0
134.512  584.155  125.488  583.829 1.28771 0.125 1.01112 0
284.721  345.506  285.179  328.465 3.13325 0.125 24.45 0
342.527  273.148  324.517  273.904 2.29159 0.125 23.5884 0
342.346  156.501  342.403  218.5 2.04647 0.125 70.3889 0
565.339  73.2353  550.401  82.3376 2.93537 0.125 17.6301 0
28.3492  361.34  30.0585  370.395 2.57694 0.125 3.1603 0
332.5  175.5  332.5  200.5 1 0.125 8.23584 0
3.39555  292.286  20.2718  284.033 2.31484 0.125 8.82632 0
549.57  82.6032  538.3  90.2029 1.96637 0.125 3.98429 0
318.501  59.5109  301.519  60.7532 1 0.125 1.01112 0
382.441  288.647  381.317  280.525 2.83464 0.125 5.08724 0
403.559  108.505  402.843  117.527 1.39279 0.0625 2.8173 0
419.503  263.611  439.492  263.15 2.22993 0.125 12.0749 0
226.043  308.224  230.925  300.152 3.96073 0.125 3.2366 0
299.501  196.431  322.499  196.633 1.00875 0.125 5.52657 0
335.841  216.503  335.612  159.504 2.16127 0.125 76.1965 0
585.65  61.7627  565.72  73.1322 3.23545 0.125 28.823 0
92.9708  304.714  108.272  313.881 2.05956 0.0625 0.0375886 0
299.54  285.204  305.893  264.621 2.72516 0.125 21.9217 0
475.502  217.5  478.445  145.539 2.32513 0.125 67.655 0
381.168  110.501  381.042  69.4983 1.10787 0.125 26.2976 0
584.511  264.834  598.529  264.371 2.2626 0.125 17.2667 0
467.663  269.438  475.165  289.248 2.55103 0.125 7.886 0
536.472  297.727  547.566  297.326 2.88983 0.125 4.41525 0
78.5279  384.039  52.4941  385.387 1.94564 0.125 26.0149 0
95.5503  384.41  81.4879  383.761 1.81352 0.125 4.84021 0
314.277  286.678  313.214  279.396 3.25738 0.125 8.23584 0
321.411  278.107  358.516  275.749 2.55003 0.125 43.1298 0
374.432  253.544  370.251  247.019 3.23685 0.125 1.42771 0
414.459  274.878  395.467  272.802 1.87953 0.125 10.0068 0
437.779  256.451  434.436  252.373 3.03062 0.125 0.108034 0
211.564  303.489  213.264  313.54 2.29111 0.125 0.57978 0
222.493  353.439  236.539  351.838 1.89977 0.125 4.84021 0
346.63  199.501  346.574  147.499 2.02946 0.125 23.9196 0
322.488  128.318  346.514  126.716 1.86281 0.125 14.3109 0
165.913  317.192  188.161  303.932 2.79323 0.125 33.7741 0
322.507  189.671  308.489  190.23 1.39813 0.125 6.42966 0
366.5  313.5  341.5  313.5 1 0.125 8.23584 0
188.505  303.545  206.489  301.405 2.74264 0.125 9.45297 0
339.5  206.5  339.5  184.5 1 0.125 5.52657 0
546.537  268.751  558.527  268.393 2.2675 0.125 4.11395 0
20.5132  644.693  10.4918  645.38 1.4082 0.125 0.108034 0
56.4924  517.11  66.5081  516.915 1.19402 0.125 3.72039 0
339.5  181.5  339.5  160.5 1 0.125 4.62348 0
359.943  277.449  361.454  290.505 2.33153 0.125 7.41745 0
445.279  280.569  441.715  269.122 2.92728 0.125 3.0083 0
135.901  313.406  144.166  309.746 1.83811 0.125 0.108034 0
387.458  174.395  386.44  184.494 1.98992 0.125 1.55013 0
0.409371  340.796  14.4345  338.991 3.23073 0.125 15.0905 0
12.5315  580.172  25.603  581.426 3.27273 0.125 6.62844 0
171.288  298.297  206.601  292.07 2.37625 0.125 26.8152 0
451.935  309.396  445.476  282.268 2.77947 0.125 19.9773 0
349.329  176.503  350.038  213.509 1.22951 0.125 26.2976 0
500.519  239.326  527.518  242.341 2.53743 0.125 17.4585 0
119.502  381.527  95.4105  383.248 2.27955 0.125 17.0045 0
220.705  102.139  209.649  88.3802 2.65872 0.125 9.01956 0
266.824  411.482  268.17  435.462 1.88474 0.125 13.476 0
386.484  193.501  387.571  225.498 2.5423 0.125 11.7843 0
493.1  94.506  493.338  110.502 1.13384 0.125 0.108034 0
481.788  87.4939  481.368  67.4818 1.99956 0.125 10.0485 0
186.465  383.205  201.489  381.409 1.91048 0.125 10.9451 0
219.297  123.528  217.129  107.688 3.37899 0.125 7.12367 0
408.5  176.5  408.5  196.5 1 0.125 3.72039 0
409.581  161.511  408.393  170.486 2.50724 0.125 0.57978 0
555.554  9.81564  574.677  6.53159 1.77192 0.125 1.42275 0
192.5  297.5  208.5  297.5 1 0.125 0.108034 0
331.5  218.5  331.5  203.5 1 0.0625 1.63941 0
415.554  237.184  407.448  235.803 1.63568 0.0625 0.463196 0
423.577  278.487  425.356  288.699 2.48497 0.125 3.13013 0
210.431  322.338  215.751  320.094 2.76416 0.125 0.108034 0
336.54  321.222  355.441  323.912 1.6983 0.0625 4.18273 0
487.889  177.495  487.687  201.51 2.14301 0.125 25.1291 0
109.599  253.526  105.747  268.304 2.903 0.125 7.42286 0
346.269  72.27  340.776  77.778 2.83217 0.125 0.563807 0
45.8912  462.551  46.6942  456.395 2.37124 0.125 0.108034 0
199.5  12.5  214.5  12.5 1 0.00390625 4.94365 0
366.468  306.764  375.495  306.375 2.99723 0.125 8.63548 0
402.83  139.492  403.402  162.502 1.47242 0.125 10.0485 0
510.52  788.894  496.505  789.597 1.29917 0.125 2.8173 0
487.466  321.579  355.536  326.461 3.25679 0.125 317.208 0
343.486  43.9583  133.503  37.4158 2.97633 0.125 282.421 0
406.409  136.498  403.294  277.628 10.9753 0.125 148.74 0
127.404  407.406  171.503  403.534 3.21673 0.125 89.773 0
158.505  20.2011  279.488  22.2147 1.80003 0.125 95.995 0
324.202  56.4842  322.233  93.5389 2.67734 0.125 58.1405 0
254.962  425.554  260.106  476.337 3.19912 0.125 98.7431 0
415.482  510.124  517.538  505.304 2.77534 0.125 77.51 0
391.632  315.382  387.275  52.5203 19.014 0.125 75.8031 0
494.164  120.443  491.157  190.442 3.09518 0.125 124.675 0
498.715  442.097  545.417  425.271 2.4009 0.125 66.2885 0
345.452  495.862  385.537  501.224 3.4276 0.125 85.2876 0
280.045  526.423  360.431  538.94 6.77964 0.125 60.5922 0
381.621  541.577  551.686  531.699 5.76251 0.125 270.767 0
75.603  293.686  130.536  288.915 3.29026 0.125 42.2902 0
549.642  519.823  464.444  528.977 3.04861 0.125 178.93 0
320.503  179.035  271.481  346.201 14.6753 0.125 21.3327 0
325.597  250.757  430.511  242.636 2.76576 0.125 17.6587 0
447.876  68.854  428.497  89.4385 3.25348 0.125 33.2803 0
489.347  23.7528  477.9  288.474 13.8523 0.0625 484.225 0
452.605  140.478  412.423  144.778 2.66369 0.125 28.3259 0
500.534  19.6902  598.652  2.36318 2.37597 0.125 36.5855 0
186.481  13.656  311.496  15.7342 2.35392 0.0625 305.242 0
305.492  110.209  338.496  109.338 1.26342 0.125 24.736 0
488.496  48.442  481.398  293.642 14.9622 0.125 467.867 0
474.118  250.481  480.562  118.503 5.35883 0.125 35.7166 0
213.483  21.0699  363.496  25.631 2.2422 0.125 22.71 0
182.508  402.381  123.495  402.95 3.92262 0.0625 26.056 0
129.76  236.157  355.521  200.774 43.6242 0.125 65.3028 0
530.579  551.448  598.499  653.837 3.04447 0.125 174.33 0
262.504  548.581  0.458151  562.725 1.78151 0.125 17.6482 0
112.488  325.478  135.339  313.201 3.45788 0.125 10.2438 0
182.557  291.944  74.5274  305.715 3.24848 0.125 78.4399 0
252.071  306.13  265.857  513.874 15.0333 0.125 23.3112 0
115.475  296.589  64.5131  297.981 4.99814 0.125 36.1539 0
400.579  121.499  400.466  202.501 4.01682 0.125 175.166 0
598.724  58.5826  591.305  168.487 3.11543 0.125 177.747 0
407.521  451.37  448.584  457.976 2.96192 0.125 53.556 0
413.512  473.79  504.526  470.152 1.23883 0.125 67.9173 0
