376
437.506  312.856  395.5  312.497 2.15383 0.125 70.5491 0
462.525  312.003  440.48  310.899 2.49771 0.125 34.4255 0
394.556  312.955  367.43  310.179 1.76265 0.125 28.1038 0
551.119  143.481  549.569  174.453 1.94753 0.125 40.7471 0
447.616  396.046  469.713  401.662 1.97064 0.125 22.0015 0
477.646  428.77  439.571  421.146 1.76351 0.125 44.3839 0
532.408  414.169  587.592  398.832 2.08712 0.125 73.5636 0
479.504  310.444  472.504  310.472 2.02722 0.015625 8.23584 0
505.534  432.252  478.492  428.557 2.20927 0.125 39.844 0
411.478  240.995  427.535  241.694 2.43299 0.125 24.4915 0
262.481  276.186  231.476  278.109 1.92662 0.125 39.844 0
332.926  399.458  332.106  410.545 2.4368 0.125 11.8482 0
526.504  436.805  559.498  436.348 1.02757 0.125 14.5575 0
430.524  240.602  488.497  239.364 3.10606 0.125 131.239 0
334.175  420.542  339.664  462.609 1.93968 0.125 54.4884 0
144.5  234.849  127.5  234.842 1.00754 0.125 1.01112 0
373.524  399.401  355.624  394.997 1.47994 0.125 5.97339 0
478.432  89.8264  352.499  102.491 2.45654 0.125 220.1 0
548.414  193.455  547.466  216.499 1.83383 0.125 20.7059 0
473.416  311.473  463.482  312.284 1.56598 0.125 0.108034 0
577.435  493.157  592.497  492.432 3.18895 0.125 23.9554 0
525.394  424.011  564.505  415.524 2.20373 0.125 48.3775 0
422.639  408.984  440.68  413.831 1.34026 0.125 7.33275 0
364.412  484.871  383.525  489.396 1.84329 0.125 14.5324 0
592.623  492.071  598.974  490.707 3.91085 0.125 4.02883 0
574.364  420.9  539.355  428.861 1.77382 0.125 43.4564 0
484.491  488.687  401.498  484.546 2.59978 0.125 134.908 0
454.464  131.079  384.459  137.016 2.09498 0.125 114.497 0
563.483  460.842  574.492  460.728 2.96884 0.125 14.5575 0
379.797  449.691  365.707  471.633 1.80687 0.125 17.6378 0
590.355  458.181  596.718  457.481 3.53846 0.125 2.27789 0
115.501  259.868  93.5005  259.85 2.00886 0.125 23.5884 0
565.867  227.527  568.576  190.433 3.23327 0.125 56.2193 0
574.525  460.74  589.469  459.201 1.68232 0.125 5.52657 0
449.498  461.542  460.52  462.094 1.39868 0.0625 1.63941 0
208.499  382.831  230.499  382.801 1.0292 0.125 4.62348 0
347.338  459.509  346.079  435.522 1.57514 0.125 20.8791 0
357.719  438.97  373.856  445.638 1.40546 0.125 5.08724 0
473.492  437.854  479.516  437.777 2.06425 0.015625 10.042 0
438.612  421.072  417.483  415.564 1.26142 0.125 10.042 0
268.457  197.272  258.437  199.17 1.59276 0.125 0.108034 0
233.479  381.225  255.518  381.877 3.41248 0.125 42.8969 0
568.499  124.483  558.475  125.053 1.45259 0.0625 1.63941 0
347.328  477.93  363.533  484.419 1.30356 0.125 6.42966 0
114.75  295.879  116.752  289.273 2.37105 0.125 0.108034 0
388.811  483.163  401.987  456.249 1.52548 0.125 21.7822 0
272.427  4.69701  259.534  5.87416 1.80986 0.125 4.20178 0
330.366  330.594  308.402  333.836 1.71951 0.125 19.0729 0
575.511  82.6586  522.499  86.4838 2.42664 0.125 85.5431 0
165.5  385.49  190.505  385.652 2.14227 0.125 40.7471 0
598.542  481.062  592.439  481.227 4.16044 0.125 9.13893 0
493.464  238.593  503.519  238.922 3.12904 0.125 12.7513 0
114.714  324.578  110.362  336.449 1.53357 0.125 2.8173 0
114.54  315.485  114.828  296.49 2.28776 0.125 15.9723 0
594.493  415.47  583.426  418.202 1.45023 0.0625 4.02142 0
261.406  380.216  269.529  381.281 2.50314 0.125 4.62348 0
193.459  340.878  180.503  339.474 1.55755 0.0625 5.17742 0
572.106  158.452  570.759  141.479 2.23106 0.125 10.8174 0
570.822  167.51  570.699  159.512 2.01509 0.125 0.108034 0
137.559  247.608  122.187  255.921 2.09149 0.125 11.7388 0
306.404  0.617865  282.471  3.23122 1.98818 0.125 25.5762 0
240.42  238.348  252.5  237.507 1.85617 0.125 6.42966 0
299.672  61.4848  300.386  69.598 1.72926 0.125 0.108034 0
291.494  378.432  316.459  376.065 1.80234 0.125 24.4915 0
326.497  90.5  326.844  112.51 1.26792 0.125 3.31706 0
512.788  37.5088  507.15  221.459 3.27034 0.125 452.662 0
514.771  461.501  514.823  445.498 1.04918 0.125 0.108034 0
550.473  125.614  531.46  126.187 1.90873 0.125 16.6464 0
235.543  207.716  222.459  210.29 1.94608 0.125 1.42771 0
501.782  462.501  501.865  445.497 1.08309 0.125 1.01112 0
499.219  445.517  498.826  462.508 1.2772 0.125 10.9451 0
411.482  228.357  402.251  229.517 2.60248 0.125 3.1603 0
409.631  76.4098  408.527  62.5776 2.9905 0.125 21.7822 0
423.478  251.158  440.473  250.073 1.86856 0.125 10.4128 0
538.558  429.09  506.477  432.268 2.50197 0.125 47.42 0
158.451  343.319  168.535  343.917 2.35144 0.125 0.811332 0
141.771  25.4671  143.116  36.5466 1.62384 0.125 1.55013 0
526.683  462.536  529.658  447.531 1.9618 0.125 10.4128 0
167.539  379.91  189.51  381.355 2.31059 0.125 29.0069 0
498.5  392.5  514.5  392.5 1 0.125 0.108034 0
89.5478  261.149  79.525  260.794 1.89265 0.125 3.72039 0
479.512  390.367  496.464  391.9 1 0.125 1.01112 0
175.5  367.531  227.5  367.393 2.10102 0.125 88.7324 0
250.501  377.8  233.5  377.774 1.0255 0.125 0.108034 0
265.503  376.734  257.491  376.838 1.1031 0.015625 1.01112 0
445.502  157.686  398.485  158.275 2.06252 0.125 70.5491 0
501.565  214.512  501.353  197.489 2.16181 0.125 28.1038 0
572.858  142.496  572.699  129.498 2.9141 0.125 16.2936 0
381.478  108.166  350.479  110.167 2.09318 0.125 39.3359 0
450.111  68.4307  452.794  53.3742 3.26517 0.125 19.3517 0
431.457  106.303  386.479  107.911 2.07148 0.125 69.646 0
118.588  268.79  135.544  263.646 2.08583 0.125 9.13775 0
567.458  130.187  554.426  131.95 2.06355 0.125 4.89868 0
425.5  491.5  440.5  491.5 1 0.0625 1.63941 0
127.5  237.5  144.5  237.5 1 0.125 1.01112 0
502.559  191.505  502.443  170.495 3.08295 0.125 44.3594 0
549.475  42.9146  562.488  42.7129 2.95316 0.125 14.3442 0
573.452  94.0486  528.427  98.8091 1.94955 0.125 65.1305 0
474.5  237.5  492.5  237.5 1 0.125 1.91421 0
243.495  368.981  260.514  368.804 1.97911 0.125 8.25658 0
453.5  142.788  378.5  142.875 1.08346 0.125 52.4873 0
413.479  77.9343  424.501  77.5217 2.03601 0.125 1.42765 0
463.497  468.978  479.497  468.897 1.07583 0.0625 1.11411 0
433.499  14.4695  417.483  14.9852 2.06333 0.125 16.3637 0
466.494  105.296  434.491  106.197 1.9429 0.125 40.7471 0
521.996  174.437  520.63  185.391 1.73712 0.125 2.8173 0
412.546  15.1417  400.465  16.0081 2.13793 0.125 10.042 0
410.416  57.7089  436.548  54.9507 2.09938 0.125 23.6525 0
257.477  500.154  240.419  501.291 1.92911 0.125 2.79889 0
500.5  236.5  526.5  236.5 1 0.125 9.13893 0
223.514  359.421  196.49  359.825 2.32842 0.125 47.9718 0
447.454  88.3524  449.431  74.3491 3.12217 0.125 19.8225 0
543.515  468.26  554.535  468.943 1.81074 0.125 1.91421 0
200.525  32.2864  187.468  30.7793 1.75748 0.125 0.670152 0
403.491  221.691  421.5  221.496 2.12971 0.125 19.8225 0
139.384  304.092  151.541  300.645 1.52201 0.125 3.72039 0
25.7432  445.916  57.43  427.38 2.67125 0.125 50.7572 0
319.494  377.687  327.501  377.626 2.03763 0.125 0.108034 0
254.494  285.001  243.496  284.868 2.07255 0.125 4.62348 0
144.592  50.5838  145.515  60.5909 1.62412 0.0625 4.02142 0
317.498  358.469  330.467  357.83 1.89913 0.125 7.33275 0
172.502  344.372  202.511  344.944 3.36142 0.125 49.0537 0
306.937  252.299  313.483  266.508 1.32667 0.125 0.668085 0
489.533  11.1713  460.456  12.5975 2.07662 0.125 40.7471 0
39.3281  291.876  71.3765  283.051 1.9705 0.125 31.3244 0
537.709  58.9449  548.531  43.5216 1.56483 0.125 11.8482 0
201.599  288.738  191.509  287.433 1.98349 0.125 0.668085 0
64.0258  423.427  123.914  389.467 2.87971 0.125 99.59 0
324.655  115.546  326.688  152.545 2.49071 0.125 37.628 0
495.889  146.517  496.411  134.496 1.51946 0.125 4.62348 0
202.794  262.626  206.982  252.85 3.15256 0.125 5.78041 0
230.53  6.21189  212.516  4.34339 1.98933 0.125 7.45533 0
440.51  171.291  400.505  169.39 2.56962 0.125 44.3348 0
160.503  92.1733  176.502  92.3398 1.10402 0.125 0.108034 0
225.349  268.09  204.482  270.332 2.84312 0.125 21.1546 0
591.503  250.166  567.496  249.915 1.21903 0.125 23.5884 0
528.337  160.48  526.524  175.381 2.49482 0.125 18.1698 0
577.747  63.4588  576.758  81.5141 2.27033 0.125 18.0571 0
45.4976  497.946  20.4981  498.055 1.10031 0.125 21.3266 0
194.503  359.654  173.492  360.112 1.36981 0.125 13.0822 0
307.502  316.032  291.503  315.948 1.07848 0.125 6.64198 0
493.978  214.507  494.347  187.512 1.35605 0.125 21.7822 0
507.535  61.4301  506.931  52.4709 2.33217 0.125 4.62348 0
13.1249  59.4002  17.7899  88.6134 3.12016 0.125 43.1711 0
519.5  484.5  475.5  484.5 1 0.125 25.3946 0
498.923  82.5057  499.275  56.5105 1.33792 0.125 25.3946 0
111.114  388.811  84.9279  403.479 2.93206 0.125 49.3714 0
506.71  89.5056  507.343  65.5487 3.52685 0.125 59.3148 0
522.849  78.9772  533.121  66.1951 2.49167 0.125 15.1105 0
107.364  356.478  105.152  370.445 1.92631 0.125 6.64198 0
598.034  213.493  597.762  230.504 1.22367 0.125 7.74756 0
32.2712  432.17  25.8781  436.603 1.71725 0.0625 1.61318 0
225.5  375.5  176.5  375.5 1 0.125 29.91 0
343.087  344.155  334.876  353.979 1.6719 0.125 0.563807 0
494.902  160.553  497.015  144.436 2.42149 0.125 17.1751 0
245.523  263.508  248.751  254.591 1.54006 0.0625 0.463196 0
494.49  400.539  477.559  396.268 1.97421 0.125 10.0068 0
131.181  319.475  115.461  324.373 2.33148 0.125 6.86038 0
497.075  128.516  498.265  84.5207 2.75562 0.125 48.5998 0
589.49  256.902  573.495  257.161 1.2105 0.125 5.76976 0
408.496  50.6652  418.491  50.8937 2.09091 0.125 3.72039 0
420.43  125.22  432.449  124.566 2.99557 0.125 11.8953 0
473.5  483.5  452.5  483.5 1 0.125 4.62348 0
559.76  77.6965  574.309  64.2927 3.17345 0.125 22.8238 0
79.4951  498.109  51.4995  498.457 2.19897 0.125 26.1641 0
351.92  65.8257  357.388  75.563 2.99812 0.125 8.27934 0
224.389  280.206  236.472  279.169 1.8216 0.015625 4.18714 0
24.5  495.5  66.5  495.5 1 0.125 23.5884 0
133.5  497.5  172.5  497.5 1 0.125 20.8791 0
494.458  185.495  495.647  174.409 1.66861 0.125 1.91421 0
557.514  486.858  497.487  489.158 1.88367 0.125 88.6109 0
71.0835  300.201  50.297  306.867 2.74832 0.125 28.8386 0
281.509  317.256  269.489  316.797 1.34262 0.125 4.62348 0
371.107  77.6062  367.56  64.4837 1.56546 0.125 0.563807 0
546.5  483.5  522.5  483.5 1 0.125 7.33275 0
140.442  297.334  155.38  292.154 1.96577 0.125 10.1408 0
575.409  512.546  598.533  558.483 2.73416 0.125 67.6199 0
384.492  299.952  402.522  300.284 2.03649 0.125 16.6464 0
149.5  88.9776  164.5  88.9781 2.0001 0.125 10.9451 0
88.5  496.5  110.5  496.5 1 0.125 5.52657 0
363.516  326.5  363.74  312.504 2.17528 0.125 12.192 0
425.5  155.5  443.5  155.5 1 0.125 1.91421 0
511.55  301.412  580.56  297.591 2.28368 0.125 83.8027 0
293.339  255.444  296.962  245.007 3.16203 0.125 9.10874 0
412.504  177.98  400.497  177.879 1.10082 0.125 0.108034 0
402.499  174.589  438.505  174.857 1.17107 0.125 12.7737 0
517.999  165.501  518.004  161.499 1.00521 0.0078125 3.72039 0
0.426861  270.995  17.5029  268.52 1.82123 0.125 12.192 0
569.309  138.6  552.431  142.175 3.40734 0.125 21.1546 0
592.424  483.678  558.436  486.8 2.07254 0.125 46.1777 0
254.507  288.627  222.498  290.456 2.33906 0.125 41.2603 0
295.48  282.254  271.474  284.173 2.47181 0.125 24.4304 0
392.498  139.734  454.492  140.325 1.36246 0.125 62.0782 0
368.532  39.5361  253.487  43.0862 3.02361 0.125 125.934 0
62.3498  416.229  54.5377  420.568 1.55492 0.0625 0.463196 0
439.206  51.4308  437.327  86.5443 2.78207 0.125 60.9137 0
441.798  171.506  442.181  215.503 2.24399 0.125 38.9859 0
338.501  501.989  280.499  502.102 2.07208 0.125 74.6786 0
378.501  140.515  390.52  139.87 1.48087 0.125 2.8173 0
403.781  267.609  404.462  259.582 2.73537 0.125 1.55013 0
485.5  466.5  467.5  466.5 1 0.125 1.91421 0
598.171  175.487  596.868  208.475 2.91874 0.125 37.7602 0
215.464  11.8795  228.442  13.111 1.89659 0.125 3.1603 0
471.516  17.7976  462.488  18.2688 1.3635 0.125 0.108034 0
493.487  257.098  533.479  255.842 2.93045 0.125 57.5266 0
375.094  292.32  379.094  283.319 2.94414 0.125 5.69779 0
458.893  296.613  457.387  288.521 2.01489 0.125 1.01112 0
448.497  302.814  472.504  303.048 2.14606 0.125 21.1621 0
204.506  468.959  238.502  469.344 1.27219 0.125 28.1038 0
465.63  136.506  466.235  123.488 1.41665 0.125 5.52657 0
466.5  493.5  540.5  493.5 1 0.125 52.4873 0
490.499  223.47  469.488  223.914 2.16882 0.125 13.476 0
471.419  15.464  487.477  14.204 1.91565 0.125 7.41745 0
233.504  493.443  213.5  493.526 1 0.125 3.72039 0
268.508  285.12  259.491  284.923 2.1083 0.125 2.8173 0
244.509  516.799  230.491  517.201 1.2866 0.125 2.2932 0
213.5  495.5  238.5  495.5 1 0.125 8.23584 0
134.519  91.0291  148.496  91.5957 1.28271 0.0625 0.463196 0
101.476  4.51688  108.428  14.5497 2.27835 0.125 5.76976 0
6.5163  2.49737  8.92139  17.4321 2.35921 0.125 9.10874 0
26.7433  11.4593  28.9145  24.4306 1.81173 0.125 4.20178 0
181.464  516.926  216.515  514.739 1.80776 0.125 29.5452 0
471.043  260.579  467.741  241.458 3.26099 0.125 23.7415 0
568.5  247.5  588.5  247.5 1 0.125 3.72039 0
5.85935  20.4435  3.02559  2.41738 2.03183 0.125 7.55018 0
237.501  471.807  203.498  471.955 1.12199 0.125 17.5383 0
262.5  374.5  247.5  374.5 1 0.0625 1.63941 0
415.488  304.013  431.503  303.628 1.26414 0.125 4.62348 0
433.511  177.302  419.499  176.51 1.4497 0.125 3.72039 0
284.419  363.76  316.475  360.274 2.22567 0.125 32.0795 0
51.5748  45.4899  52.669  53.612 2.11561 0.0625 1.11411 0
550.324  261.564  556.803  279.39 1.96469 0.125 12.6064 0
446.493  266.939  407.499  267.417 1.99985 0.125 31.4066 0
578.518  55.5008  578.873  47.4723 2.17456 0.125 1.91421 0
495.034  89.4811  496.933  42.5175 1.87716 0.125 35.0371 0
124.481  527.621  104.644  524.564 1.74992 0.125 11.8953 0
176.508  98.9449  164.494  99.1526 1.15541 0.125 3.72039 0
210.5  520.121  193.5  520.115 1.00468 0.125 1.01112 0
328.527  335.66  343.607  333.137 1.9765 0.125 1.79958 0
395.512  182.186  434.5  181.486 1.66374 0.125 21.6687 0
473.816  299.479  471.905  270.408 2.87656 0.125 51.8284 0
467.666  171.489  468.935  191.472 2.31295 0.125 4.28067 0
34.1826  35.5545  30.5673  14.4884 2.28019 0.125 18.4943 0
242.507  242.006  227.496  242.205 2.09254 0.125 7.41745 0
476.205  163.493  475.234  203.494 1.24244 0.125 27.3647 0
508.523  269.189  473.569  266.578 2.1147 0.125 23.0175 0
522.595  60.5033  523.144  44.4878 1.37639 0.125 8.23584 0
547.6  41.1629  535.719  42.9523 3.02022 0.125 6.72138 0
252.5  489.5  222.5  489.5 1 0.125 12.7513 0
468.299  136.482  468.016  170.496 3.11646 0.125 33.5967 0
574.1  106.471  574.984  94.3891 2.84613 0.0625 0.360148 0
85.6462  317.825  93.2058  308.267 2.77392 0.125 3.42942 0
266.474  278.132  294.479  276.191 1.51123 0.125 15.2144 0
204.492  69.0449  190.478  69.3028 1.98126 0.125 2.34059 0
149.511  95.5404  133.502  95.3489 2.09555 0.125 4.81925 0
227.515  517.19  211.504  516.409 1.43754 0.125 7.33275 0
455.495  37.3147  369.479  39.7567 2.54473 0.125 88.5471 0
462.5  150.5  462.5  166.5 1 0.125 0.108034 0
460.518  9.16318  488.497  8.40246 1.32577 0.125 16.2936 0
493.894  119.509  494.399  98.4976 1.35994 0.125 15.4606 0
405.483  191.22  435.49  191.933 2.37953 0.125 17.1572 0
451.5  170.5  451.5  195.5 1 0.125 8.23584 0
534.276  43.7695  523.903  61.1438 3.06297 0.125 16.8255 0
305.506  312.506  318.97  299.933 2.73005 0.125 10.2426 0
183.5  424.114  168.5  424.099 3.0052 0.125 4.77322 0
400.05  447.046  407.583  439.584 2.34189 0.125 0.563807 0
447.329  220.549  449.512  183.501 2.40666 0.125 30.4104 0
128.014  72.422  130.009  85.5745 2.03831 0.125 5.76976 0
539.28  271.54  536.742  257.456 2.77514 0.125 10.8268 0
261.52  495.839  247.508  496.647 1.34389 0.125 2.8173 0
408.557  245.063  393.51  246.598 1.78673 0.0625 1.50022 0
52.8705  484.974  62.4742  477.467 2.36359 0.125 2.45711 0
164.46  576.205  141.478  579.335 2.43269 0.125 5.02665 0
417.413  51.1917  437.457  49.8531 3.06166 0.125 18.2571 0
444.485  214.5  444.823  168.502 1.16136 0.125 27.2007 0
525.937  197.412  524.665  205.526 4.04793 0.125 0.888717 0
148.507  344.056  135.495  343.855 1.16993 0.125 5.52657 0
207.5  273.5  223.5  273.5 1 0.125 0.108034 0
403.5  167.5  419.5  167.5 1 0.125 0.108034 0
33.7549  59.4607  30.3699  37.5201 1.52476 0.125 8.27934 0
120.207  0.420313  126.759  58.5835 2.35063 0.125 58.1607 0
283.597  297.741  293.589  293.721 2.96441 0.0625 3.25407 0
591.5  798.01  598.5  798.005 1.00503 0.000244141 1.49526 0
239.494  488.32  256.508  487.721 1.38636 0.125 6.86018 0
490.512  16.9088  474.497  17.3872 1.32805 0.125 7.33275 0
575.592  26.3237  558.58  28.2179 2.42824 0.125 2.47705 0
32.9091  38.4285  36.96  61.5944 1.89475 0.125 13.476 0
214.5  490.5  191.5  490.5 1 0.125 6.42966 0
274.293  288.021  281.433  287.022 3.10963 0.125 6.42966 0
432.502  184.068  417.502  184.002 1.06212 0.125 4.62348 0
458.37  456.509  457.791  448.479 1.42885 0.0625 0.463196 0
154.213  365.55  150.666  345.296 2.31502 0.125 12.7544 0
24.4637  515.235  34.5483  513.852 2.38919 0.125 1.42771 0
303.508  354.411  286.509  354.562 1.60662 0.0625 2.8173 0
430.45  308.782  415.566  306.131 1.79368 0.125 0.670152 0
448.878  179.459  450.253  158.484 1.66875 0.125 18.1698 0
10.3588  315.314  0.165278  323.059 2.22873 0.125 3.1796 0
264.152  259.425  261.533  271.507 2.16648 0.125 10.042 0
345.359  53.5992  350.782  61.3013 3.12051 0.125 4.84021 0
469.147  123.491  468.842  135.509 1.27913 0.125 1.42765 0
227.501  477.737  205.498  477.795 1.04751 0.125 5.52657 0
593.12  208.474  595.319  176.488 1.72095 0.125 15.6553 0
208.503  475.619  226.516  475.227 1.04335 0.125 1.01112 0
491.5  134.5  491.5  150.5 1 0.125 0.108034 0
496.7  187.497  497.029  212.493 2.06551 0.125 8.12877 0
281.461  288.027  302.647  286.297 3.00999 0.125 30.4626 0
341.706  398.481  341.045  426.489 2.32955 0.125 40.6955 0
114.535  264.619  100.288  268.774 2.07996 0.125 1.99536 0
7.44857  521.662  17.5333  521.043 2.42481 0.125 10.9451 0
519.351  72.4857  518.394  82.4899 1.37612 0.0625 2.8173 0
3.60672  399.676  15.4783  392.464 1.55751 0.125 0.563807 0
454.517  19.2044  436.503  19.6327 1.04726 0.125 1.01112 0
462.409  204.522  462.002  221.512 2.02336 0.0625 2.42527 0
539.564  296.456  540.497  276.5 2.23119 0.125 10.1529 0
109.386  355.654  128.31  353.096 2.91948 0.125 17.1326 0
38.4342  323.337  54.6255  316.811 2.4087 0.125 5.83682 0
77.386  340.271  61.3647  348.228 2.23606 0.125 8.50244 0
381.688  272.581  386.283  261.973 1.8555 0.125 0.563807 0
122.729  53.4848  121.269  31.5153 1 0.125 5.52657 0
429.526  121.233  459.524  120.16 2.46181 0.125 16.8901 0
94.4741  389.449  80.8894  396.287 2.23 0.125 5.07047 0
462.234  62.2863  455.096  71.1756 3.28418 0.125 0.216765 0
241.563  416.515  223.571  417.636 2.43422 0.125 16.8351 0
263.336  308.18  283.237  297.987 2.30105 0.125 6.84794 0
256.513  475.763  285.491  474.312 1 0.125 10.9451 0
417.5  102.5  444.5  102.5 1 0.125 10.042 0
480.521  303.755  493.516  302.703 1.23879 0.125 0.108034 0
498.376  164.5  498.36  182.5 1.99825 0.125 1.66757 0
198.514  472.996  185.496  473.357 1.2769 0.0625 1.11411 0
332.741  120.58  330.929  103.455 2.72539 0.125 24.2437 0
562.172  266.63  566.83  278.369 1.87357 0.125 0.57978 0
185.502  409.404  173.51  409.11 1.64605 0.125 1.55013 0
498.5  136.5  498.5  142.5 1 0.00012207 3.00032 0
453.538  477.111  431.457  474.936 1.30427 0.125 5.7097 0
223.567  410.368  211.491  409.649 1.937 0.125 0.670152 0
336.5  12.5  356.5  12.5 1 0.125 3.72039 0
423.5  150.082  441.5  150.068 2.00231 0.125 5.22771 0
492.923  143.508  493.071  135.492 1.12893 0.0078125 6.79453 0
246.481  406.702  231.519  405.299 1.08904 0.03125 4.66437 0
398.429  493.624  576.478  496.108 5.18791 0.125 330.999 0
523.234  133.435  519.31  209.49 3.40038 0.125 160.361 0
492.409  424.905  329.853  388.379 17.0006 0.125 89.6847 0
482.25  41.4923  479.402  134.466 3.06864 0.125 118.143 0
281.515  24.8101  451.512  16.7593 2.29611 0.125 110.372 0
408.445  455.928  450.264  461.326 3.90273 0.125 91.657 0
477.11  220.517  478.571  166.502 2.4989 0.125 37.9582 0
464.178  222.495  465.468  141.499 1.77677 0.125 63.6381 0
574.82  49.8956  551.32  76.3399 3.40457 0.125 47.4096 0
435.414  402.882  489.584  415.128 2.29843 0.125 66.2725 0
147.927  328.103  402.481  305.29 13.9441 0.125 47.8359 0
447.499  269.485  79.502  284.549 4.54589 0.0625 78.2766 0
546.388  401.162  583.62  388.864 1.91624 0.125 52.703 0
404.545  280.258  188.495  281.701 14.013 0.125 91.5628 0
31.3849  341.174  64.1857  329.608 2.7748 0.125 23.4244 0
580.505  306.62  479.532  311.212 3.5864 0.125 219.44 0
329.448  67.0272  402.45  59.0395 3.07583 0.125 29.3601 0
220.494  501.752  88.515  498.825 1.93298 0.125 53.7808 0
5.61791  457.695  25.1279  445.885 2.79206 0.125 24.818 0
183.387  360.624  342.83  366.401 19.9869 0.125 65.6941 0
461.335  101.394  462.661  199.498 16.9984 0.125 37.7164 0
450.551  13.6178  281.493  21.3522 2.87294 0.125 363.184 0
148.499  500.212  337.5  499.452 2.03619 0.125 28.5994 0
213.503  491.596  464.5  492.503 0.644449 0.125 48.2207 0
592.808  408.509  482.268  442.285 13.5483 0.125 110.743 0
456.111  153.453  454.031  214.518 3.35098 0.0625 72.6188 0
515.138  224.395  521.33  84.4925 4.19105 0.125 123.323 0
238.321  303.073  262.662  292.886 3.45413 0.125 23.8267 0
502.183  125.611  553.71  279.43 9.83731 0.125 24.8397 0
296.5  16.4388  390.503  16.7841 2.04774 0.125 12.3553 0
462.662  133.656  449.882  228.82 34.9097 0.125 48.9476 0
147.073  77.4212  152.446  116.507 1.98136 0.125 2.09331 0
514.976  48.7924  505.706  222.404 49.2114 0.125 94.0853 0
78.3751  407.275  0.478397  450.461 2.1978 0.125 139.407 0
489.558  272.561  498.274  50.2559 41.1252 0.0625 160.908 0
328.501  52.6218  478.506  51.142 3.30927 0.125 60.4 0
540.456  396.135  429.455  393.176 4.54587 0.125 28.7933 0
