368
757.454  132.191  737.454  135.191 1.87889 0.125 19.0729 0
135.486  128.632  155.573  130.83 1.67668 0.125 16.3637 0
132.555  135.6  146.564  136.449 1.81466 0.125 7.74756 0
757.491  141.731  771.505  141.835 2.02225 0.125 10.9451 0
654.581  162.61  672.486  161.306 3.06472 0.125 28.6742 0
499.622  259.997  483.605  263.929 1.51834 0.125 10.042 0
740.471  142.332  759.518  142.997 2.27767 0.125 26.2976 0
646.526  163.83  654.503  163.674 3.01892 0.125 5.52657 0
667.256  139.499  623.194  150.243 2.32357 0.125 65.299 0
672.479  160.529  686.514  160.818 1.99958 0.125 10.9451 0
59.4549  443.504  59.5627  419.5 2.05832 0.125 29.7053 0
633.331  167.851  642.246  165.526 1.51406 0.03125 7.33275 0
466.524  266.674  456.443  268.094 2.55216 0.125 5.08724 0
548.661  166.491  547.584  22.5069 2.91016 0.125 317.13 0
523.468  238.422  485.262  253.914 1.7772 0.125 43.3494 0
52.6313  353.763  47.4124  336.527 1.651 0.125 10.4128 0
558.916  234.364  517.419  254.331 2.21004 0.125 61.5567 0
86.1372  208.54  85.7575  195.522 1.91168 0.125 6.86018 0
322.55  202.415  283.522  179.462 1.52265 0.125 38.6254 0
343.513  128.236  319.472  127.078 3.23718 0.125 51.561 0
374.419  137.909  381.502  137.548 3.04707 0.125 3.31706 0
355.543  128.062  343.461  128.993 2.37807 0.125 12.7513 0
568.507  188.57  591.492  186.419 2.30012 0.125 12.6255 0
479.502  257.507  463.299  262.894 1.58241 0.125 8.23584 0
448.756  150.863  477.524  162.441 1.31246 0.125 19.3228 0
382.47  137.117  394.553  136.179 1.9166 0.125 6.42966 0
483.351  263.662  467.325  266.516 3.37209 0.125 25.5075 0
735.209  431.272  727.795  440.731 1.85056 0.125 3.31706 0
428.389  143.832  446.685  149.947 1 0.125 1.01112 0
479.573  163.333  543.968  191.427 1.70277 0.125 82.8292 0
699.445  140.259  684.315  143.684 1.98707 0.125 11.8482 0
71.4117  228.227  83.446  224.333 2.23859 0.125 8.63548 0
597.381  203.974  580.444  199.723 1 0.125 4.62348 0
32.4245  412.527  41.6283  438.454 1.51757 0.125 18.9395 0
573.609  297.993  523.565  287.201 1.66768 0.125 43.1456 0
513.55  285.236  494.483  281.591 1.73336 0.125 7.40595 0
562.545  215.577  530.421  234.365 1.85728 0.125 45.2807 0
390.263  245.874  337.545  212.429 1.36198 0.125 59.6409 0
455.586  273.28  440.529  267.426 1.60423 0.125 4.89868 0
699.343  375.918  720.679  370.165 1.77957 0.125 17.5383 0
579.391  219.345  559.47  233.457 2.14167 0.125 26.901 0
206.172  370.952  194.54  368.322 2.83277 0.125 10.1408 0
585.294  209.386  580.08  218.821 2.32616 0.125 0.57978 0
282.668  179.131  263.533  170.426 1.49204 0.125 11.3022 0
752.785  124.366  766.601  115.66 2.09776 0.125 13.9727 0
262.708  169.96  242.613  162.206 1.52108 0.125 11.3022 0
550.682  380.488  540.475  382.366 2.22663 0.125 0.57978 0
36.5273  466.528  59.5003  444.5 1.89819 0.125 30.7418 0
594.495  303.518  574.513  298.449 1.4611 0.125 7.51526 0
780.499  269.344  798.506  269.178 2.16556 0.125 17.2667 0
68.7555  400.424  69.6621  391.516 1.78721 0.0625 1.63941 0
189.602  372.904  196.735  374.123 3.10009 0.125 3.31706 0
193.767  368.256  184.547  366.28 3.07293 0.125 5.69779 0
285.473  281.062  262.43  279.957 2.90074 0.125 37.1608 0
723.883  456.935  737.276  442.295 1.77327 0.125 16.3637 0
349.409  300.51  352.373  326.514 1.64742 0.125 24.4915 0
753.488  352.494  748.427  362.463 1.38533 0.0625 4.02142 0
272.358  386.136  231.596  377.068 2.82536 0.125 61.7662 0
198.505  375.44  205.627  376.077 2.98807 0.0625 3.38535 0
59.9105  419.067  67.1351  409.232 1.56215 0.125 2.8173 0
687.407  160.662  705.517  158.656 1.76455 0.125 14.5575 0
758.111  323.519  756.868  297.482 2.42711 0.125 28.7411 0
761.712  327.569  753.895  351.628 2.16303 0.125 25.3784 0
471.574  172.14  497.706  177.496 2.18428 0.125 21.1546 0
126.464  244.804  108.479  242.674 1 0.125 1.01112 0
173.589  370.005  185.563  372.148 1.44021 0.125 1.91421 0
560.388  373.35  550.124  380.996 1.41554 0.125 1.91421 0
62.6185  372.443  54.5141  355.493 1.09946 0.125 3.72039 0
311.819  214.439  379.288  263.415 3.45884 0.125 143.853 0
293.42  390.88  275.577  387.133 2.93596 0.125 12.4255 0
617.228  174.909  629.03  169.479 2.01773 0.125 4.02883 0
33.3555  319.672  15.404  304.614 1.26016 0.125 4.8643 0
656.582  321.34  674.472  330.554 1 0.125 2.43315 0
674.701  231.125  666.824  226.896 2.23513 0.0625 3.38535 0
600.495  461.556  637.461  464.924 2.98538 0.125 73.5456 0
422.455  354.931  448.53  352.886 3.44034 0.125 39.8972 0
493.307  235.199  519.476  218.463 2.11625 0.125 23.7415 0
453.395  170.183  440.783  174.355 2.54824 0.125 3.42942 0
465.446  168.015  454.579  169.217 2.65187 0.125 4.89868 0
440.921  174.335  418.095  185.686 2.68133 0.125 25.5002 0
463.575  356.247  471.749  358.652 3.33007 0.125 6.64198 0
705.375  158.668  734.469  154.295 1.93256 0.125 35.3285 0
44.5821  213.537  49.7715  202.168 1.66086 0.125 4.62348 0
448.547  354.078  462.705  355.651 3.42329 0.125 18.4943 0
791.479  264.932  760.505  263.394 1 0.125 11.8482 0
271.5  128.5  254.5  128.5 1 0.125 1.01112 0
380.599  410.509  382.329  392.388 2.6063 0.125 15.9358 0
494.021  367.363  505.059  373.494 2.8175 0.125 18.1698 0
101.464  239.818  79.5228  237.302 1 0.125 4.62348 0
188.5  126.5  167.5  126.5 1 0.125 4.62348 0
514.791  480.595  513.306  469.526 1.55503 0.125 0.108034 0
591.209  455.039  563.809  449.863 3.26451 0.125 40.6576 0
138.481  151.016  157.49  150.258 1 0.125 1.91421 0
737.928  441.745  747.717  424.624 1.61353 0.125 5.7097 0
309.526  399.344  316.661  400.535 2.96047 0.125 0.563807 0
267.415  194.646  286.792  206.001 1.51677 0.125 10.0068 0
353.615  331.491  359.204  403.523 2.25216 0.125 79.1511 0
286.578  394.188  292.695  395.724 2.67064 0.0625 3.0454 0
434.528  296.779  410.487  295.842 1.8817 0.125 26.2976 0
156.495  171.1  186.498  170.99 2.04386 0.125 17.4471 0
147.545  363.317  153.666  364.824 3.137 0.0625 4.20393 0
472.612  359.227  492.882  367.572 1.57784 0.125 11.0177 0
514.471  234.464  523.907  226.773 1.89541 0.125 5.52657 0
462.427  172.206  470.547  173.045 2.09217 0.125 0.108034 0
289.5  127.5  274.5  127.5 1 0.03125 3.77414 0
604.508  208.474  638.575  219.264 1.71665 0.125 32.4907 0
57.5  425.5  57.5  408.5 1 0.125 1.01112 0
121.919  192.151  126.516  184.51 2.41898 0.125 0.563807 0
477.485  498.89  491.493  498.756 2.9807 0.125 18.0571 0
446.589  402.872  457.463  429.515 3.02292 0.125 36.4845 0
31.7303  324.145  17.766  315.09 1.33725 0.125 2.43315 0
143.491  381.54  247.577  404.147 1.83055 0.125 116.06 0
545.5  58.5  545.5  15.5 1 0.125 24.4915 0
638.887  219.57  666.656  231.125 2.5405 0.125 38.9906 0
427.177  185.632  463.048  172.286 3.22533 0.125 46.7465 0
415.32  357.735  421.451  356.293 2.92038 0.0625 2.24793 0
709.492  133.469  737.498  126.492 2.43101 0.125 32.9706 0
14.6227  301.9  23.6888  299.115 3.01125 0.125 4.02089 0
423.113  403.754  416.728  415.622 2.64197 0.125 5.89477 0
458.496  390.391  448.472  390.769 2.26245 0.125 8.23584 0
86.8491  188.983  73.0838  198.924 2.47664 0.125 10.1529 0
476.796  462.246  496.63  485.388 2.82009 0.125 42.2633 0
285.327  196.773  310.394  212.668 1 0.125 10.9451 0
295.584  243.931  271.521  248.609 2.29019 0.125 30.4486 0
408.16  360.647  413.507  358.518 2.09788 0.03125 0.245595 0
457.371  493.906  474.259  499.259 1.85977 0.125 7.40595 0
415.78  416.417  414.62  440.506 3.7182 0.125 29.6182 0
515.935  384.068  532.879  401.123 1 0.125 0.108034 0
713.895  288.514  713.585  275.498 2.04713 0.125 10.042 0
16.6443  388.403  28.988  406.843 1.13317 0.125 5.08724 0
438.552  444.161  447.644  445.566 2.65941 0.125 8.23584 0
345.362  423.12  320.484  417.573 1.51678 0.125 14.3442 0
602.428  456.519  591.483  455.746 3.06299 0.125 12.192 0
638.492  140.475  630.338  142.972 3.37634 0.125 3.98429 0
743.49  254.896  798.531  256.26 2.15684 0.125 70.7578 0
28.5138  299.474  48.2845  310.031 3.47672 0.125 18.1914 0
534.619  399.42  546.213  416.693 1.4102 0.125 4.02089 0
242.386  201.838  238.791  197.03 3.10027 0.0625 0.441485 0
591.506  181.531  618.448  176.235 2.52423 0.125 31.2282 0
106.8  36.577  105.037  20.551 2.42554 0.125 6.21758 0
240.381  190.789  260.657  199.117 1.51985 0.125 2.21377 0
318.5  126.5  292.5  126.5 1 0.125 9.13893 0
339.401  266.845  360.377  263.683 2.03245 0.125 13.3716 0
375.53  271.986  352.549  270.656 1.98071 0.125 20.4514 0
432.532  429.387  454.46  435.641 1.51355 0.125 7.40595 0
494.394  444.054  507.6  440.92 2.96819 0.125 14.3442 0
735.904  365.811  749.334  348.372 2.24885 0.125 21.1621 0
320.616  299.036  305.798  295.312 1.9448 0.125 4.8643 0
411.564  305.198  453.594  314.052 2.26759 0.125 49.9052 0
516.751  381.248  534.262  398.739 1 0.125 9.1425 0
519.595  435.436  506.336  415.61 3.06567 0.125 19.4919 0
37.5021  166.613  23.4998  166.58 3.99288 0.125 4.61368 0
135.46  181.705  144.694  183.509 1.96291 0.0625 3.0454 0
22.2321  473.09  12.1757  455.122 2.54605 0.125 9.15904 0
615.444  458.215  604.433  457.355 2.67938 0.125 6.64198 0
85.1208  156.026  102.932  141.789 2.34064 0.125 16.1788 0
299.532  413.368  278.546  408.309 1.27577 0.125 5.76976 0
11.4587  454.542  -0.071158  443.074 2.12709 0.125 16.3637 0
399.664  366.725  405.479  362.472 2.85524 0.125 2.43315 0
485.844  457.124  513.546  482.45 2.25566 0.125 38.0409 0
447.587  390.894  436.469  393.361 2.60241 0.125 2.34059 0
524.478  464.502  522.549  443.404 2.4412 0.125 12.4255 0
133.67  66.506  134.129  53.4869 1.31634 0.0625 0.380078 0
235.439  278.906  204.388  274.246 1.77932 0.125 18.569 0
775.506  243.996  798.515  243.704 2.01253 0.125 24.6822 0
79.527  38.2899  83.0654  55.5889 2.31571 0.125 2.01362 0
782.505  163.541  798.518  161.649 1.93183 0.125 6.5569 0
7.95892  224.855  26.9926  208.895 2.71761 0.125 28.6791 0
667.097  231.708  674.6  237.367 2.61798 0.125 4.20178 0
709.728  124.315  731.432  118.256 2.23934 0.125 14.408 0
384.394  384.421  393.358  372.394 2.79879 0.125 16.9572 0
68.4094  444.346  56.8234  456.801 2.7755 0.125 15.9358 0
75.1227  53.5306  74.3094  43.5155 2.99016 0.125 3.28424 0
163.522  40.4911  159.983  31.7083 2.04877 0.125 2.8173 0
380.742  213.307  391.749  206.318 2.61286 0.125 4.24863 0
687.579  219.36  677.437  213.611 1.85623 0.125 4.62348 0
749.828  418.193  753.921  409.235 2.88582 0.125 5.69779 0
485.555  229.628  506.191  220.779 3.01903 0.125 16.907 0
710.256  356.81  722.045  366.079 1.96845 0.125 5.69779 0
726.095  284.635  729.038  271.622 1.85772 0.125 2.27789 0
48.8281  310.231  71.8877  338.362 3.74046 0.125 43.094 0
190.437  388.824  140.561  379.186 1.51786 0.125 35.4921 0
502.371  411.634  495.247  404.762 1.41398 0.0625 0.463196 0
475.576  394.119  457.69  390.547 2.15957 0.125 9.98151 0
92.6931  143.729  85.0565  150.161 1.79461 0.0625 1.11411 0
468.08  424.585  461.984  394.605 2.59031 0.125 40.631 0
754.393  400.491  755.47  387.498 1.99316 0.125 5.97339 0
71.7914  339.453  72.9109  346.434 2.80381 0.125 2.8173 0
519.58  480.531  521.966  474.296 2.2253 0.0625 4.02142 0
14.492  249.602  22.5211  250.231 1.46532 0.0625 2.8173 0
741.547  314.437  742.745  296.45 2.19483 0.125 12.5312 0
204.415  285.617  242.498  288.522 2.45068 0.125 32.5971 0
518.511  299.913  435.483  298.415 2.45082 0.125 147.277 0
133.495  179.457  112.642  181.778 2.54087 0.125 25.7106 0
133.94  25.3284  128.014  44.6576 2.65179 0.125 8.38578 0
440.072  460.306  431.24  444.647 3.14929 0.125 21.0817 0
430.883  475.419  456.909  492.891 2.51401 0.125 32.2383 0
678.642  479.893  696.479  473.443 2.9221 0.125 28.347 0
697.568  341.636  710.368  335.236 1.34201 0.125 2.8173 0
23.4993  250.735  32.5012  250.726 3.00486 0.125 8.63548 0
794.5  253.346  755.5  253.435 1.06384 0.125 20.8791 0
350.683  294.478  374.63  298.773 1.76515 0.125 23.5884 0
443.493  104.483  456.26  98.9458 2.63065 0.125 3.0083 0
356.274  401.514  354.615  375.493 1.20849 0.125 12.192 0
480.442  446.173  493.561  443.845 1.99355 0.125 1.50405 0
640.442  461.945  617.44  458.96 2.05899 0.125 13.476 0
480.352  484.138  467.576  481.174 2.4003 0.125 4.8643 0
244.539  286.186  198.379  280.479 2.74292 0.125 84.6609 0
461.491  482.497  469.991  458.321 2.72691 0.125 23.4567 0
497.495  498.49  510.513  491.525 2.64524 0.125 13.4748 0
492.397  246.324  498.61  242.688 1.72606 0.0625 0.409064 0
577.262  136.118  556.754  148.907 2.55519 0.125 15.4348 0
633.598  156.952  647.593  153.931 2.11012 0.125 11.8482 0
506.044  357.682  525.448  370.579 3.34147 0.125 26.7083 0
263.411  198.68  253.388  193.726 1.78264 0.125 1.55013 0
307.345  417.193  345.665  425.764 1.75898 0.125 31.2282 0
494.417  404.648  476.488  394.522 2.00761 0.125 13.3898 0
0.508361  247.451  13.6401  249.672 1.50106 0.125 2.8173 0
153.531  276.882  112.532  274.854 2.74924 0.125 54.2283 0
461.491  202.43  452.384  203.59 1.85761 0.0625 1.63941 0
263.464  269.105  278.612  267.733 2.62671 0.125 0.672749 0
456.334  453.863  451.669  464.573 2.51428 0.125 7.51526 0
50.4433  165.926  38.4615  167.11 1.89195 0.125 2.2932 0
510.989  491.066  519.352  481.224 2.74395 0.125 13.6527 0
729.885  422.661  724.299  435.997 2.55514 0.03125 0.156905 0
382.75  391.609  385.958  384.263 2.23306 0.125 1.91421 0
158.424  37.0962  167.366  57.5586 2.17908 0.125 19.3517 0
661.469  151.091  677.452  149.869 2.29921 0.125 13.9727 0
698.517  295.499  697.65  277.493 2.75598 0.125 14.408 0
277.5  254.5  293.5  254.5 1 0.125 0.108034 0
659.479  154.411  628.526  161.614 2.33378 0.125 18.9525 0
480.332  196.407  472.964  209.756 3.01871 0.125 1.1514 0
684.683  221.334  692.332  229.744 2.01842 0.125 2.2932 0
95.4505  45.5096  92.7374  31.4542 1.77423 0.125 0.670152 0
696.696  317.604  698.532  296.503 2.20855 0.125 8.43613 0
12.5132  326.032  29.4716  326.509 2.19622 0.125 9.96236 0
127.018  60.3284  131.889  46.6382 1.88429 0.125 2.34059 0
172.503  339.53  182.502  338.521 2.784 0.125 5.76976 0
56.7118  456.685  41.9483  470.964 2.36895 0.125 7.09994 0
381.742  432.479  380.299  415.517 2.16232 0.125 0.672749 0
207.561  163.282  220.396  166.871 1.54253 0.125 2.8173 0
693.254  125.523  664.559  132.737 2.4164 0.125 22.6473 0
86.4857  250.58  74.5092  248.449 1.96905 0.125 0.57978 0
471.542  198.796  441.47  197.013 1.58207 0.125 9.01956 0
705.52  464.544  685.487  473.471 3.23707 0.125 24.7913 0
62.4857  146.503  66.1577  163.574 1.53468 0.125 0.811332 0
137.542  62.5127  132.727  78.2635 2.12571 0.125 0.388219 0
155.5  163.5  172.5  163.5 1 0.125 1.01112 0
654.648  486.075  678.845  479.838 2.62542 0.125 17.8233 0
66.6174  178.779  85.9788  170.639 2.33599 0.125 12.0749 0
26.272  489.312  22.1858  472.577 2.22544 0.125 0.965818 0
135.463  390.67  306.606  428.014 2.64714 0.125 219.826 0
310.506  159.532  289.607  163.121 2.78747 0.125 17.2811 0
441.516  195.087  472.509  196.257 1.77231 0.125 13.4242 0
538.446  194.617  518.185  185.177 1.50381 0.125 3.60558 0
37.5895  251.787  85.4621  257.802 3.11634 0.125 51.038 0
473.684  422.444  467.895  403.38 2.37486 0.125 9.82159 0
499.526  243.539  513.375  234.312 1.9432 0.125 8.27934 0
54.0499  107.595  62.1088  145.583 2.01587 0.125 20.754 0
462.506  115.686  448.488  116.126 1.40706 0.125 0.57978 0
637.584  464.4  649.515  465.308 2.29786 0.125 3.98429 0
307.316  428.272  382.575  446.187 2.77886 0.125 105.085 0
488.329  404.737  495.77  410.127 1.84296 0.0625 1.8894 0
462.461  341.738  475.444  343.843 1.49415 0.125 0.668085 0
20.9016  211.029  7.20576  221.429 1.34426 0.0625 0.380078 0
507.157  292.653  516.246  295.354 3.16057 0.125 3.1796 0
69.785  375.475  68.5456  361.496 2.37007 0.125 7.40595 0
79.5884  354.474  87.0948  379.621 2.38836 0.125 25.2926 0
223.636  189.237  230.533  197.324 2.73046 0.125 0.398689 0
2.90238  354.887  7.31352  357.784 2.29462 0.0625 0.409064 0
52.102  346.39  54.8944  336.332 2.03364 0.0625 0.937202 0
67.3902  361.688  58.5021  356.496 2.59047 0.125 7.74756 0
118.453  161.495  156.465  159.736 2.13655 0.125 44.3191 0
493.528  192.601  481.36  196 2.73355 0.125 3.60558 0
623.5  494.108  638.5  494.097 1.00988 0.015625 3.79058 0
787.486  179.338  758.534  181.882 1.55468 0.125 10.8849 0
39.7478  223.521  38.376  239.489 1 0.125 0.108034 0
55.5542  334.443  42.7793  322.208 2.34973 0.125 1.71933 0
723.387  197.539  727.129  208.281 1.43121 0.125 0.108034 0
605.05  202.873  614.844  188.41 3.3121 0.125 13.0642 0
17.2251  541.879  7.91071  559.714 2.1569 0.125 0.834773 0
684.706  474.138  659.729  482.21 2.2687 0.125 22.7628 0
0.706353  373.286  15.4848  387.516 0.83377 0.125 0.668085 0
146.858  45.5968  148.207  54.5442 1.82857 0.125 0.108034 0
427.5  290.5  402.5  290.5 1 0.125 8.23584 0
540.281  142.532  537.225  121.54 2.55546 0.125 11.2591 0
652.466  492.37  670.542  487.663 1.97585 0.125 14.5324 0
639.444  494.055  651.506  492.545 1.98451 0.125 5.08724 0
751.292  181.869  737.248  173.947 2.5681 0.125 0.522954 0
281.442  284.044  297.578  285.773 1.95327 0.125 9.1425 0
113.488  277.634  146.481  280.699 2.10565 0.125 19.0381 0
135.387  334.057  158.453  338.73 2.38245 0.125 7.98899 0
438.469  198.84  451.451  200.032 1.35136 0.0625 1.11411 0
720.549  149.845  695.488  153.413 1.98004 0.125 11.4325 0
59.3742  118.528  55.7815  102.437 1.84761 0.125 2.613 0
676.553  152.821  663.576  154.961 2.63467 0.125 4.24863 0
792.584  240.556  779.508  241.595 1.83538 0.125 3.31706 0
489.614  349.263  505.731  357.019 2.33711 0.125 1.26606 0
88.4252  380.873  123.42  387.898 2.16149 0.125 24.0157 0
316.469  131.815  297.463  132.667 2.22181 0.125 15.9723 0
291.499  276.442  306.497  276.262 1.57185 0.125 1.01112 0
671.502  197.392  653.511  196.999 1.24052 0.125 3.31706 0
92.7338  319.005  104.478  324.547 2.76365 0.125 1.66757 0
669.719  463.065  706.603  448.766 2.98589 0.125 32.8825 0
178.495  271.541  155.349  268.757 2.5761 0.125 10.7247 0
466.349  480.449  472.405  462.468 1.6158 0.125 1.19521 0
9.62278  359.403  26.0245  380.084 1.83695 0.125 3.24788 0
64.3944  298.537  59.1373  283.628 1.33015 0.125 2.43315 0
182.48  334.869  167.47  334.048 2.48826 0.125 6.21758 0
552.565  338.333  564.348  342.892 2.43696 0.0625 5.76794 0
595.436  280.758  583.433  277.767 1.46033 0.0625 1.8894 0
265.514  138.594  256.414  139.898 2.82781 0.125 3.13013 0
516.835  444.502  516.739  459.502 2.05761 0.125 1.79958 0
537.388  90.4979  537.738  71.486 1.01822 0.125 2.8173 0
539.964  183.548  541.029  173.347 3.08759 0.0625 1.42208 0
782.458  297.869  760.515  295.37 2.0123 0.125 2.31447 0
726.617  208.758  729.814  219.7 3.2787 0.125 7.55018 0
729.66  220.469  731.783  231.445 1.58399 0.125 1.01112 0
150.568  267.563  139.482  266.753 1.77605 0.03125 8.76351 0
534.255  30.5025  535.721  174.488 2.41746 0.03125 366.552 0
565.575  487.876  622.476  494.697 2.58085 0.125 69.385 0
111.549  355.283  216.58  379.149 3.19098 0.125 159.432 0
536.823  74.5179  534.662  113.509 2.60557 0.125 50.9937 0
631.287  176.172  688.358  170.949 4.27018 0.125 80.2321 0
223.765  380.285  378.592  414.076 2.93914 0.125 338.182 0
555.848  439.626  562.364  473.333 3.22678 0.125 44.9656 0
416.471  340.404  455.491  339.859 2.84595 0.125 27.7552 0
672.401  489.013  723.976  458.299 5.91822 0.125 70.0071 0
367.467  130.248  235.481  133.77 2.34603 0.125 75.9988 0
702.423  144.293  769.427  110.329 11.7922 0.125 78.1099 0
57.2731  193.681  85.8252  174.997 6.01128 0.125 48.0392 0
150.276  133.368  419.129  262.274 35.8894 0.125 446.178 0
394.228  261.107  736.924  414.71 23.8823 0.125 37.9614 0
392.399  252.687  456.996  287.437 3.99057 0.125 123.08 0
468.579  317.139  506.722  325.484 2.29037 0.0625 63.6737 0
665.078  327.917  597.583  303.271 2.68136 0.125 52.0015 0
206.504  290.461  739.02  342.416 21.1921 0.125 23.2376 0
192.802  261.008  410.57  305.154 4.02682 0.125 76.1501 0
15.4068  198.359  103.597  163.748 10.2995 0.125 30.6391 0
107.238  157.833  439.275  265.101 41.1797 0.125 117.512 0
415.437  441.527  429.789  474.251 3.58363 0.125 38.2278 0
317.523  401.392  347.659  407.746 2.8354 0.125 40.8167 0
379.03  302.684  734.553  355.142 29.6476 0.125 103.148 0
770.902  349.145  737.204  422.364 4.67108 0.125 30.6877 0
104.786  136.61  261.67  177.854 10.3794 0.125 279.943 0
747.543  267.014  780.486  267.967 2.34638 0.125 43.0125 0
41.8873  226.775  506.596  292.827 12.0213 0.125 15.5451 0
52.4913  240.582  764.182  316.068 13.711 0.125 1.57479 0
341.923  265.463  487.063  293.741 23.4928 0.125 7.0715 0
535.599  0.499792  535.554  195.5 10.9744 0.125 58.9306 0
87.3235  172.276  144.282  167.756 9.30396 0.125 66.2026 0
14.295  182.735  278.434  133.146 15.424 0.125 121.146 0
351.239  285.62  540.821  334.247 6.3373 0.0625 559.923 0
563.579  455.995  599.482  461.614 3.39372 0.125 58.0256 0
710.996  259.566  709.753  306.533 4.31565 0.125 8.2492 0
211.044  128.58  380.241  247.013 19.907 0.125 82.8236 0
454.097  316.284  704.514  372.863 26.2257 0.125 153.122 0
620.595  385.382  698.658  376.971 3.31734 0.125 137.929 0
127.434  162.79  478.8  149.285 25.4028 0.125 135.848 0
204.493  292.574  255.452  297.045 2.14999 0.125 6.91571 0
230.464  256.735  300.054  267.406 6.14825 0.125 21.0522 0
281.179  180.448  437.365  281.259 5.01818 0.125 294.368 0
319.577  397.169  123.44  351.761 3.02585 0.125 307.43 0
499.155  188.414  755.196  145.672 33.3445 0.0625 254.935 0
59.6564  142.644  690.894  247.074 20.0387 0.125 67.513 0
273.688  163.965  513.957  349.991 39.4895 0.125 69.9983 0
162.969  107.838  616.657  389.087 33.4324 0.125 209.188 0
154.387  366.034  457.008  430.1 6.31948 0.125 173.501 0
