371
214.313  143.51  213.672  131.544 1.37274 0.125 1.91421 0
784.8  256.462  785.67  263.352 2.4856 0.125 0.108034 0
445.838  102.469  444.026  141.478 1.85862 0.125 47.0747 0
395.588  371.33  431.395  367.517 2.05336 0.125 50.6811 0
244.962  174.497  244.763  143.498 2.00638 0.125 41.6502 0
435.415  586.946  443.532  585.708 2.42947 0.125 3.72039 0
445.529  587.879  454.553  587.186 2.0707 0.125 2.8173 0
386.5  328.501  376.408  329.768 1.73532 0.125 1.91421 0
666.321  346.174  682.506  350.479 2.44694 0.125 10.8268 0
212.756  176.463  213.495  161.5 1.70195 0.125 10.042 0
138.503  188.053  158.502  188.208 2.12416 0.125 21.7822 0
407.813  320.073  393.248  328.04 2.08434 0.125 10.0068 0
654.12  188.332  660.119  174.774 1.93419 0.125 7.51526 0
461.188  74.4451  463.669  60.3537 2.31647 0.125 11.8953 0
728.518  220.311  753.575  222.719 1.76066 0.125 19.8225 0
55.5563  282.753  109.553  270.738 2.50405 0.125 90.1936 0
664.187  287.439  665.964  307.547 2.78453 0.125 28.9949 0
616.429  318.634  665.843  344.854 1.56854 0.125 57.5378 0
462.296  542.528  459.388  521.516 1.67612 0.125 11.7388 0
625.497  276.524  634.606  277.615 1.629 0.0625 2.8173 0
765.491  201.186  776.481  200.856 1.17945 0.125 0.108034 0
466.009  559.589  464.191  549.556 1.69689 0.125 0.108034 0
456.395  508.518  454.015  494.583 1.82732 0.125 4.89868 0
91.5686  264.965  105.56  262.905 2.82225 0.125 17.5383 0
106.428  262.936  117.502  261.512 1.72857 0.125 2.8173 0
526.782  69.5131  528.081  41.4806 1.97071 0.125 37.1347 0
237.536  214.204  214.527  213.557 1.91483 0.125 27.2007 0
744.979  322.309  748.245  313.406 1.72216 0.125 1.01112 0
57.4184  269.922  91.4463  265.12 1.86461 0.125 39.901 0
524.815  184.469  526.399  149.495 2.22419 0.125 53.3903 0
582.513  12.6473  573.585  13.4463 2.43767 0.125 1.91421 0
572.532  7.91792  590.533  8.90518 1.83271 0.125 14.5575 0
677.547  597.133  659.497  598.462 2.43526 0.125 14.2465 0
779.788  334.484  780.998  356.528 2.65489 0.125 28.1222 0
630.508  236.015  620.494  235.848 1.15042 0.03125 8.8379 0
672.531  342.439  629.563  320.377 1.37031 0.125 38.044 0
476.916  313.488  477.298  294.496 2.16052 0.125 17.5383 0
46.3045  394.131  98.08  366.707 1.81983 0.125 79.4101 0
119.351  258.77  156.438  251.195 2.00122 0.125 51.561 0
385.432  221.028  397.616  222.6 3.61499 0.125 16.8351 0
201.793  177.499  201.778  168.5 2.00351 0.125 1.91421 0
499.502  239.819  483.499  239.773 1.04589 0.03125 8.8379 0
162.527  257.622  189.309  251.645 2.28289 0.125 34.5129 0
458.535  134.507  460.172  126.434 2.75503 0.125 1.42765 0
176.494  270.468  220.301  261.525 1.77986 0.125 57.0027 0
403.683  132.494  403.896  105.495 1.20493 0.125 9.13893 0
404.519  310.142  382.474  308.989 1.84062 0.125 20.2155 0
525.386  86.4092  526.768  69.4404 1.88982 0.125 6.5569 0
12.6103  370.753  1.17238  375.75 1.60154 0.125 3.72039 0
648.383  289.459  652.654  277.205 2.13153 0.125 4.84021 0
438.636  243.554  437.566  226.559 1.74465 0.125 10.9451 0
341.899  57.485  341.74  74.4929 2.92486 0.125 26.901 0
699.556  247.59  683.556  246.6 1.81097 0.125 9.52392 0
529.283  22.523  529.93  0.483254 2.55661 0.125 33.631 0
89.4943  260.466  81.3862  261.817 1.64418 0.0625 1.61318 0
210.633  258.32  187.433  262.087 2.66603 0.125 27.8369 0
221.332  257.977  241.207  251.589 1.69998 0.125 18.1698 0
569.727  187.508  570.088  177.485 1.28732 0.125 1.01112 0
11.4901  24.776  29.5004  24.529 2.13693 0.125 19.0729 0
169.543  301.611  154.825  307.335 3.0032 0.125 20.2951 0
86.6638  173.556  87.5332  186.565 1.7955 0.125 7.33275 0
283.301  251.339  301.193  229.252 1.78008 0.125 23.9554 0
788.716  233.679  777.688  230.783 1.88583 0.125 1.55013 0
100.198  331.818  84.1316  338.927 3.02694 0.125 23.6525 0
527.646  40.5079  528.617  22.6149 3.7541 0.125 35.9938 0
134.474  365.613  122.423  362.836 1.94892 0.125 7.33275 0
192.556  221.301  152.503  219.433 1.85805 0.125 49.7663 0
39.3858  359.234  32.3895  362.243 2.88446 0.125 1.42765 0
317.511  293.312  329.528  294.011 1.11447 0.0625 1.61318 0
134.081  316.644  123.305  322.116 2.70281 0.125 10.0068 0
290.514  216.619  275.486  218.385 1.98633 0.125 8.38953 0
375.501  329.766  350.498  329.855 1.08862 0.125 7.33275 0
432.204  373.514  448.533  368.61 1.91834 0.125 4.24863 0
175.544  363.186  148.463  364.931 2.99379 0.125 53.5959 0
217.463  245.329  234.309  241.631 1.85821 0.125 10.1408 0
188.993  22.5126  188.72  11.5194 1.22321 0.0625 4.02142 0
254.885  134.492  255.064  143.509 2.09877 0.125 2.8173 0
407.5  260.764  384.5  260.765 1.00086 0.125 5.52657 0
266.585  360.751  290.616  363.476 1.74155 0.125 23.5884 0
84.2433  365.945  59.4595  377.412 2.37048 0.125 35.1174 0
646.519  204.497  644.316  189.381 2.55602 0.125 3.73688 0
296.559  326.024  287.451  324.899 1.61704 0.125 0.108034 0
163.545  16.4988  163.781  25.5188 2.18203 0.125 3.72039 0
287.534  305.065  257.483  302.712 1.81977 0.125 30.4486 0
46.5206  356.555  40.2791  358.916 2.80588 0.0625 0.441485 0
175.544  349.073  180.593  349.593 2.29637 0.015625 4.48324 0
354.039  102.486  353.029  135.516 1.93794 0.125 43.4564 0
719.607  243.728  726.499  240.498 2.71661 0.125 0.563807 0
566.704  179.482  567.411  187.508 1.75549 0.125 0.108034 0
347.485  159.332  361.55  158.048 2.08261 0.125 9.52392 0
138.515  210.089  116.509  209.265 1.88636 0.125 20.2155 0
322.491  158.729  338.546  159.393 1.87424 0.125 14.5575 0
157.461  199.699  138.481  199.084 2.38775 0.125 29.0069 0
327.439  250.755  310.47  252.132 1.83159 0.125 5.7097 0
331.504  324.404  348.47  325.167 1.26854 0.125 5.52657 0
415.5  258.5  379.5  258.5 1 0.125 18.1698 0
294.862  6.50291  294.834  0.498474 2.01823 0.03125 2.8173 0
423.5  353.298  404.499  353.262 1.03571 0.125 2.8173 0
460.5  95.5  460.5  77.5 1 0.125 1.91421 0
133.282  339.015  121.059  344.521 2.5545 0.125 8.25658 0
170.449  319.401  165.271  322.053 2.69176 0.0625 1.63941 0
276.696  28.499  276.813  52.5033 2.05364 0.125 25.1291 0
174.906  202.503  174.985  191.496 2.05718 0.125 6.42966 0
772.621  345.487  771.192  332.424 1.66212 0.125 2.43315 0
239.522  63.9407  211.499  63.5437 2.85803 0.125 48.8961 0
208.569  350.122  188.334  346.403 2.84932 0.125 23.5811 0
691.514  387.645  726.489  384.386 2.05923 0.125 45.5695 0
198.274  305.042  179.01  314.534 2.78226 0.125 33.1122 0
289.342  86.6408  278.528  74.4752 1.3288 0.125 3.72039 0
154.427  349.561  162.456  348.936 2.14928 0.125 1.01112 0
171.48  367.009  181.543  367.409 2.23659 0.125 0.563807 0
324.535  291.193  317.4  290.39 2.32275 0.125 1.01112 0
0.44722  384.38  35.6517  368.844 1.77834 0.125 47.9718 0
51.5099  226.339  0.456334  223.213 3.32037 0.125 83.4856 0
345.5  351.509  329.485  351.109 1.27435 0.125 1.91421 0
458.758  317.548  459.141  323.523 2.99384 0.0625 1.8894 0
484.498  244.65  497.508  244.809 1.14648 0.03125 3.18911 0
216.721  294.86  206.329  301.221 1.98469 0.125 6.42966 0
241.104  269.432  233.745  272.16 2.46525 0.125 2.8173 0
339.347  224.728  356.478  223.248 2.64442 0.125 15.9358 0
6.5  171.5  6.5  153.5 1 0.125 1.91421 0
476.5  30.8789  491.5  30.8827 1.00227 0.000488281 0.925716 0
190.498  33.6982  199.507  33.7873 2.08891 0.125 1.91421 0
113.547  242.803  92.5862  246.055 1.05625 0.125 3.72039 0
263.548  101.859  246.494  100.582 1.59448 0.125 7.74756 0
183.445  230.132  199.39  227.761 1.79031 0.125 12.7513 0
666.439  317.633  743.435  352.644 1.65909 0.125 97.0267 0
207.585  34.0002  237.545  35.7051 2.90581 0.125 46.6525 0
72.0495  221.54  70.7854  207.474 2.35001 0.125 10.1408 0
242.418  62.5002  242.367  45.5004 1.03035 0.125 1.01112 0
326.463  350.966  250.46  345.008 2.20744 0.125 61.3205 0
99.3844  368.204  122.421  371.984 3.13769 0.125 25.7459 0
549.472  297.3  547.866  305.571 2.91625 0.125 4.02883 0
199.534  232.487  184.518  233.009 2.03356 0.125 8.38953 0
244.459  35.9931  255.548  36.9207 2.15974 0.125 5.08724 0
357.486  223.654  385.506  223.986 2.33136 0.125 33.1122 0
510.48  291.233  481.501  290.447 1.37948 0.125 22.6853 0
182.304  366.192  202.452  363.18 2.67131 0.125 15.4951 0
483.5  242.5  499.5  242.5 1 0.125 0.108034 0
179.168  320.893  199.615  309.71 2.72833 0.125 33.3658 0
492.145  35.4837  490.537  70.4557 2.04382 0.125 47.0747 0
119.5  202.521  95.5001  202.464 1.00238 0.125 4.20178 0
272.833  85.4975  272.969  103.504 1.12076 0.125 5.52657 0
787.497  369.535  798.587  370.593 2.70157 0.125 9.52392 0
566.055  46.5043  565.911  31.496 2.06734 0.125 13.6544 0
77.3374  193.49  78.6585  171.45 2.71438 0.125 22.0813 0
373.507  320.143  349.497  319.681 1.36555 0.125 15.2144 0
681.901  586.147  696.769  576.934 1.86764 0.125 6.55695 0
140.621  218.374  127.45  216.964 1.91419 0.0625 0.448113 0
286.482  30.5015  286.45  8.49862 2.03187 0.125 25.3946 0
307.025  171.47  307.538  180.498 1.28183 0.0625 0.409064 0
75.4878  348.456  87.6579  345.067 2.41451 0.125 0.989353 0
192.657  358.045  176.29  362.772 3.3087 0.125 18.6604 0
414.465  268.57  384.464  267.577 2.37014 0.125 32.0795 0
527.5  19.5  527.5  3.5 1 0.125 0.108034 0
772.98  311.675  781.062  335.648 1.91687 0.125 7.88154 0
401.5  135.5  401.5  111.5 1 0.125 7.33275 0
462.5  118.5  462.5  135.5 1 0.125 1.01112 0
723.242  561.018  736.676  553.828 2.58309 0.125 2.1969 0
304.589  63.5005  304.928  0.496921 2.15061 0.125 81.699 0
578.444  510.292  589.448  507.31 1.74987 0.125 1.91421 0
579.505  277.372  617.564  278.993 2.44425 0.125 50.8668 0
617.501  237.825  599.499  237.855 1.02809 0.125 1.91421 0
638.375  398.918  691.291  387.531 2.88326 0.125 49.2764 0
122.585  327.764  132.522  324.57 2.24414 0.125 4.20178 0
266.508  52.8718  253.492  53.1637 1.24637 0.125 5.52657 0
127.873  177.49  128.216  190.507 2.1835 0.125 10.042 0
216.46  179.483  239.462  180.427 3.24334 0.125 43.0187 0
378.424  286.036  366.453  285.442 2.49245 0.125 3.28424 0
173.5  217.5  154.5  217.5 1 0.125 2.8173 0
250.525  348.313  260.611  349.675 3.50836 0.125 10.0068 0
406.479  281.77  392.56  280.711 1.84255 0.125 3.1603 0
394.476  591.281  410.506  589.554 2.73822 0.125 18.9395 0
566.668  29.5126  567.934  12.6074 2.66675 0.125 18.703 0
752.458  242.212  770.514  239.599 1.97938 0.125 19.0729 0
366.888  314.531  365.866  294.532 2.81368 0.125 27.2501 0
458.937  343.23  464.366  331.916 2.70478 0.125 6.61688 0
574.47  258.502  575.673  274.487 1.76935 0.125 3.98429 0
544.081  582.545  562.416  572.35 2.52795 0.125 28.6742 0
316.765  0.47853  315.888  30.5113 1.73653 0.125 30.8131 0
36.4071  367.254  47.0225  363.238 2.12324 0.125 5.08724 0
286.52  7.50391  286.492  0.496041 2.02792 0.125 4.62348 0
347.483  210.411  338.429  212.123 1.72574 0.0625 1.63941 0
425.526  358.042  436.5  357.508 1.24176 0.03125 2.32684 0
707.309  316.377  737.612  322.988 3.1084 0.125 44.9033 0
310.389  110.598  305.658  105.244 2.07366 0.0625 0.463196 0
186.505  60.204  176.498  60.2753 2.04273 0.125 1.55013 0
296.5  260.532  271.491  260.912 2.25854 0.125 16.4673 0
257.617  157.512  257.218  127.504 1.68031 0.125 10.8268 0
547.5  291.5  512.5  291.5 1 0.125 17.2667 0
109.462  353.437  101.384  358.307 1.54891 0.0625 1.63941 0
298.948  11.4989  298.918  27.5008 1.03049 0.125 0.108034 0
330.511  257.134  361.513  258.072 1.66665 0.125 23.9554 0
430.459  103.11  410.468  105.189 1.88584 0.125 5.41095 0
11.4696  214.879  37.3831  216.958 3.2303 0.125 44.0687 0
72.6774  172.492  73.3633  188.506 1.42702 0.125 9.13893 0
466.244  52.4938  465.781  71.5068 1.43712 0.125 3.2366 0
350.459  217.892  331.458  215.903 1.93151 0.125 9.96236 0
689.574  271.209  712.614  277.049 2.41665 0.125 27.2501 0
629.727  544.208  644.491  539.473 2.55141 0.125 9.98151 0
66.7926  157.494  67.1044  172.487 2.06195 0.125 12.7513 0
766.386  575.158  763.101  566.654 2.29848 0.125 1.55013 0
744.009  391.809  733.705  384.222 1.86641 0.125 0.57978 0
10.7296  175.466  12.2056  185.543 1.85904 0.0625 1.55421 0
276.984  0.493947  276.667  27.502 3.03501 0.125 17.9888 0
326.413  222.242  310.835  227.493 2.54457 0.125 7.2156 0
70.0871  174.517  69.4698  159.501 1.36885 0.125 5.52657 0
473.92  67.5254  475.247  45.5451 2.05662 0.125 26.2976 0
463.5  91.5  463.5  107.5 1 0.125 0.108034 0
488.097  65.5185  488.561  50.5019 1.21583 0.125 0.108034 0
89.3809  195.4  118.532  199.258 2.39135 0.125 22.023 0
267.926  59.4777  267.613  67.5431 1.76973 0.125 0.108034 0
448.8  256.21  452.63  246.968 3.08792 0.125 3.42942 0
455.221  375.399  451.439  385.84 2.64338 0.125 0.182574 0
607.401  501.659  593.297  492.824 2.01157 0.125 4.94605 0
324.431  110.429  323.632  122.509 1.99564 0.125 4.02883 0
617.403  545.787  629.453  544.154 2.38486 0.125 9.52392 0
609.457  267.384  652.5  269.498 2.1448 0.125 59.7786 0
93.1554  187.557  90.6483  172.475 3.61531 0.125 18.6604 0
569.734  562.443  597.408  542.373 3.09581 0.125 30.0019 0
119.503  213.184  138.503  213.104 2.05086 0.125 18.1698 0
262.117  268.218  255.715  276.923 1.91677 0.125 0.668085 0
384.499  374.277  431.507  374.067 2.99551 0.125 56.9137 0
166.456  27.0184  184.496  28.5495 2.33111 0.125 15.1105 0
268.487  263.874  334.473  266.252 2.00775 0.125 82.7518 0
301.979  0.493427  302.363  28.4882 1.38381 0.125 24.4915 0
315.299  32.4876  314.372  47.4921 2.11947 0.125 3.42942 0
516.5  76.4697  499.5  76.4664 1.00196 0.125 1.01112 0
0.332485  264.345  46.3793  257.668 2.88503 0.125 73.6486 0
330.101  109.45  327.942  126.556 2.49445 0.125 13.3716 0
326.562  366.995  338.504  368.471 2.48639 0.125 0.989353 0
500.484  43.6781  518.435  45.2467 1.77973 0.125 11.0177 0
287.994  122.624  294.258  126.154 1.99373 0.0625 0.463196 0
309.438  0.463567  308.064  40.5193 3.13539 0.125 82.5775 0
437.489  345.282  439.843  334.358 1.82035 0.125 3.72039 0
488.508  71.411  475.432  70.2989 1.33178 0.125 0.108034 0
659.64  328.144  649.616  324.205 3.1579 0.125 2.79889 0
267.491  342.577  272.428  343.135 2.21195 0.03125 1.31215 0
30.5014  392.503  18.8421  397.327 2.61265 0.125 3.42942 0
518.496  280.83  534.506  281.044 1.17366 0.125 7.33275 0
713.725  563.895  696.586  573.651 1.87151 0.125 10.8174 0
459.941  282.87  472.595  278.794 2.79152 0.125 3.2366 0
643.5  271.5  626.5  271.5 1 0.125 1.01112 0
754.974  414.708  747.614  396.06 2.54541 0.125 15.2372 0
211.5  36.5  187.5  36.5 1 0.125 7.33275 0
372.567  598.585  382.153  591.058 2.35952 0.125 4.84021 0
329.5  353.5  342.5  353.5 1 0.03125 5.8276 0
29.4917  209.829  43.508  210.183 1.32847 0.125 9.13893 0
64.5147  227.074  56.4898  226.797 1.20598 0.03125 4.32245 0
202.829  363.108  213.43  357.371 2.42061 0.125 11.8482 0
55.3713  353.981  72.3218  349.781 1.94995 0.125 10.0068 0
310.349  228.387  299.671  242.628 1.60076 0.125 6.64198 0
361.5  361.5  345.5  361.5 1 0.125 0.108034 0
339.497  367.534  368.442  370.14 2.09117 0.125 23.6051 0
765.178  264.26  775.817  249.991 1.80728 0.125 6.55695 0
48.4302  34.3312  58.3833  30.2176 2.39059 0.125 0.670152 0
106.504  365.467  125.461  367.813 1.61636 0.125 4.8643 0
441.485  313.499  442.969  294.459 2.14942 0.125 7.2156 0
683.467  315.582  715.528  328.431 1.69089 0.125 12.256 0
764.503  273.426  745.493  272.681 2.07674 0.125 9.98151 0
326.935  85.4446  325.566  99.4084 1.77601 0.125 0.670152 0
463.496  150.5  464.253  132.49 2.20806 0.125 0.965818 0
570.597  67.6132  575.463  63.4563 2.43054 0.125 0.108034 0
610.19  409.993  581.526  427.542 2.45442 0.125 25.813 0
261.403  156.543  261.929  145.569 3.23622 0.125 13.9727 0
762.56  383.38  750.551  377.398 2.6922 0.125 12.7737 0
208.491  67.3009  222.508  66.6911 1.34675 0.125 2.43315 0
293.5  28.5  293.5  8.5 1 0.125 3.72039 0
534.956  519.485  535.468  535.501 2.15877 0.125 13.0822 0
186.513  204.353  196.525  205.213 2.335 0.125 1.42771 0
424.486  319.192  408.473  319.902 2.21932 0.125 9.10874 0
295.223  128.478  295.552  139.498 1.58859 0.0625 0.463196 0
419.525  262.693  407.598  264.253 1.98311 0.125 2.2932 0
464.657  121.507  466.133  88.4836 2.53351 0.125 17.2357 0
604.52  297.354  576.633  293.528 2.02061 0.125 27.4678 0
751.38  499.45  757.229  485.387 1.84661 0.125 0.182574 0
301.1  35.4745  299.763  56.453 1.86874 0.125 19.3228 0
387.5  362.5  372.5  362.5 1 0.0625 4.02142 0
622.528  297.619  605.513  297.086 2.24955 0.125 17.1751 0
684.508  309.471  706.714  315.743 2.1965 0.125 13.7112 0
261.971  141.563  260.302  127.524 2.34004 0.125 3.60558 0
415.502  214.276  391.495  214.081 2.07305 0.125 22.2023 0
456.183  307.17  459.184  295.171 2.91162 0.125 5.22771 0
775.773  284.573  798.566  291.275 2.5404 0.125 19.6006 0
12.5085  55.506  19.5445  45.5314 1.72925 0.125 0.563807 0
627.764  526.171  640.567  536.416 1.40558 0.125 3.31706 0
196.529  194.217  186.43  193.192 2.09078 0.125 1.55013 0
167.438  314.307  177.672  311.037 2.51384 0.125 0.811332 0
224.541  67.0157  239.519  68.2691 1.99303 0.125 10.4128 0
263.556  366.233  250.506  363.474 2.31456 0.125 7.41745 0
778.66  249.619  768.38  263.411 1.22472 0.125 0.563807 0
181.694  308.863  190.768  304.001 2.17203 0.125 1.42765 0
293.714  149.11  274.06  138.3 2.5851 0.125 28.1222 0
280.499  328.539  296.544  329.016 2.82055 0.125 21.5898 0
186.5  21.5  186.5  0.5 1 0.125 1.55013 0
297.476  329.895  354.444  333.413 2.04597 0.125 78.849 0
479.635  65.5025  480.164  36.4939 1.43755 0.125 26.0149 0
561.374  0.493996  559.56  38.5029 2.23386 0.125 25.2298 0
567.251  441.111  617.678  408.778 2.71852 0.125 55.903 0
68.46  364.326  85.4792  360.41 1.7248 0.125 6.5569 0
355.497  33.8768  339.494  33.9425 2.98766 0.125 18.4943 0
751.241  299.24  764.76  285.76 1.42866 0.125 5.76976 0
789.443  545.354  798.261  541.892 2.32347 0.0625 1.55421 0
691.522  275.424  681.242  272.369 2.59085 0.125 5.76976 0
440.49  389.414  420.516  391.641 2.98154 0.125 11.2229 0
623.946  281.337  643.722  288.92 2.95582 0.125 13.5445 0
401.491  42.038  376.481  41.6253 1.95023 0.125 21.1621 0
171.002  163.479  170.23  181.531 2.55324 0.125 3.24788 0
275.421  147.67  287.569  153.353 2.29358 0.125 6.5569 0
282.5  19.5  282.5  39.5 1 0.125 3.72039 0
274.496  349.558  294.481  350.803 1 0.125 1.55013 0
642.631  297.527  628.478  299.327 2.34539 0.125 11.3022 0
772.52  386.435  763.449  383.668 1.83185 0.0625 1.11411 0
775.019  581.313  777.595  588.466 2.29631 0.03125 0.453541 0
267.49  316.274  248.483  317.105 1.9107 0.125 9.96236 0
224.495  45.1969  235.508  45.0263 1.15479 0.0625 0.463196 0
336.508  263.717  305.501  263.389 1.02112 0.125 12.7513 0
374.493  369.587  396.509  371.391 1.82994 0.125 17.8297 0
776.647  573.176  798.483  568.42 2.41841 0.125 14.6789 0
405.5  265.498  391.526  263.33 2.28298 0.125 1.99536 0
277.13  131.093  293.586  141.361 2.33474 0.125 7.42286 0
142.383  229.277  151.491  228.409 1.99097 0.125 1.91421 0
539.494  316.007  521.484  316.236 3.13977 0.125 16.4673 0
635.5  295.5  616.5  295.5 1 0.125 2.8173 0
775.464  288.663  785.635  290.878 1.74144 0.125 1.01112 0
737.312  288.149  716.601  282.153 2.88165 0.125 9.48954 0
795.401  574.091  781.487  577.447 2.44739 0.125 1.66757 0
300.493  369.59  356.545  373.915 2.52952 0.125 42.668 0
368.514  265.07  356.494  264.679 1.25912 0.125 0.668085 0
381.53  324.103  363.481  322.748 1.1469 0.125 1.55013 0
519.5  314.5  494.5  314.5 1 0.125 8.23584 0
405.874  48.7135  404.242  43.9294 2.4626 0.0625 0.409064 0
694.477  287.069  711.482  286.16 1.89038 0.125 2.613 0
368.055  41.2729  360.317  36.8182 2.8623 0.0078125 7.64233 0
361.513  262.344  288.621  256.092 3.00342 0.125 136.012 0
423.665  471.486  430.341  550.598 2.18613 0.125 124.291 0
478.499  293.669  543.497  294.049 3.94731 0.125 45.4167 0
200.153  309.886  241.492  286.486 3.07063 0.125 84.9985 0
318.04  84.5506  311.763  151.525 1.74318 0.125 40.3128 0
299.217  247.052  329.977  227.671 2.6654 0.125 46.777 0
504.484  238.927  716.378  246.783 7.40275 0.125 29.5045 0
259.516  325.366  387.385  340.473 3.3978 0.125 80.8489 0
247.444  357.958  317.612  366.59 2.48915 0.125 124.775 0
430.148  551.537  433.481  583.606 2.7772 0.125 45.0496 0
478.471  597.82  446.549  594.956 2.6176 0.125 48.2642 0
337.54  0.499274  341.529  220.391 13.9977 0.125 32.138 0
558.459  0.497425  555.027  54.5335 2.31297 0.125 50.0016 0
0.544647  418.586  142.767  345.083 5.50955 0.125 106.323 0
127.496  244.474  231.521  228.636 2.31918 0.125 82.399 0
290.635  287.659  747.438  277.66 27.2557 0.125 112.475 0
47.3991  354.116  291.512  343.788 4.82644 0.125 22.2021 0
472.287  45.4893  468.079  129.529 1.59468 0.125 45.8952 0
267.355  366.547  382.556  374.711 3.64436 0.125 62.3502 0
23.4297  406.358  136.382  350.262 3.56443 0.125 36.4002 0
324.515  355.195  456.138  361.76 19.076 0.125 195.448 0
435.762  591.526  465.523  587.681 3.26469 0.125 26.6548 0
310.499  352.552  397.501  353.405 1.65675 0.015625 0.18623 0
0.0897222  250.567  178.65  231.939 37.2761 0.0625 397.408 0
424.724  335.454  346.24  323.156 11.5006 0.125 16.5239 0
50.1688  189.472  733.488  265.61 18 0.125 32.5858 0
338.947  178.838  702.567  278.253 16.3982 0.125 22.0522 0
644.208  312.337  732.396  335.888 14.6842 0.125 37.277 0
549.015  454.743  629.803  402.973 3.49844 0.125 16.2898 0
671.471  314.597  747.171  337.215 25.7706 0.125 79.0395 0
228.487  284.222  744.435  279.014 11.6743 0.03125 154.429 0
243.345  339.98  370.413  353.325 3.51041 0.125 139.731 0
46.1548  257.263  191.4  234.852 3.2971 0.125 152.891 0
73.3191  356.013  394.28  203.613 15.4869 0.125 127.113 0
153.618  333.322  399.458  357.924 7.15073 0.0625 162.812 0
385.496  217.89  696.516  220.864 3.83723 0.125 117.786 0
12.4929  208.706  706.53  232.628 10.2352 0.0625 160.163 0
