460
484.379  77.1543  446.416  80.5712 2.07174 0.125 54.2537 0
359.708  194.592  361.906  213.569 1.71426 0.125 13.0822 0
0.510926  427.426  18.5602  430.093 1.72005 0.125 14.5575 0
89.5043  762.453  89.929  771.527 1.99781 0.125 2.8173 0
331.436  150.483  308.94  235.616 1.8588 0.125 129.802 0
394.377  183.808  365.23  188.981 2.54047 0.125 41.0204 0
351.497  159.499  354.527  148.507 1.56374 0.125 1.91421 0
35.4628  401.772  16.479  401.217 2.43745 0.125 30.0487 0
92.3192  748.421  91.5219  760.368 2.59486 0.125 11.8482 0
87.2545  784.45  85.0001  795.601 1.58531 0.125 2.8173 0
483.202  17.4936  483.709  73.5072 2.39827 0.125 127.444 0
487.421  73.5017  487.508  25.4964 3.08703 0.125 117.51 0
355.33  102.331  343.339  114.34 2.1326 0.125 5.22771 0
307.405  94.9022  323.476  92.3493 1.70777 0.125 10.042 0
395.36  102.05  376.333  107.961 2.03989 0.125 17.5383 0
45.5722  403.856  35.4749  402.724 2.43337 0.125 3.1603 0
337.452  263.788  350.588  265.967 2.46386 0.125 10.1408 0
41.5553  496.727  14.227  503.378 1.86602 0.125 29.5612 0
277.374  106.02  268.216  108.412 2.14437 0.125 1.55013 0
310.095  595.198  301.135  607.228 1.82548 0.125 8.63548 0
142.409  476.362  166.507  460.511 2.24272 0.125 30.4626 0
421.382  110.695  411.448  112.145 1.69007 0.125 1.01112 0
15.3858  513.097  23.5781  510.776 2.61372 0.125 3.31706 0
61.349  491.884  42.2703  496.563 1.99795 0.125 19.3228 0
308.93  236.168  300.996  249.789 1.8041 0.125 8.63548 0
147.275  395.314  129.661  416.633 1.97674 0.125 21.0389 0
79.5515  358.557  66.4106  370.401 1.33899 0.125 2.2932 0
457.575  143.837  445.294  146.577 1.74198 0.125 2.43315 0
526.356  303.414  533.728  291.04 2.06539 0.125 5.69779 0
65.5042  660.124  54.5047  660.198 2.04017 0.125 5.52657 0
34.4857  266.812  66.51  268.282 2.27309 0.125 47.9718 0
262.518  524.5  262.16  502.506 3.17843 0.125 10.3756 0
88.4536  228.309  73.5984  231.906 2.68032 0.125 15.2144 0
160.491  56.966  176.504  57.2662 2.22456 0.125 15.4606 0
391.191  91.2568  368.358  96.9294 1.93494 0.125 26.2976 0
409.482  211.476  398.583  219.611 1.61446 0.125 2.43315 0
11.5337  401.363  0.464639  398.644 1.44817 0.125 1.01112 0
82.5117  305.573  68.5504  307.814 2.45024 0.125 11.8953 0
154.321  366.169  136.624  375.729 2.04239 0.125 17.1751 0
162.36  527.272  190.298  510.17 1.91295 0.125 39.901 0
52.4529  376.441  61.3494  369.312 2.34108 0.125 5.76976 0
43.4717  659.332  30.5027  661.516 2.13829 0.125 8.63548 0
358.077  122.33  351.228  139.391 2.05246 0.125 10.8268 0
228.44  246.772  244.414  245.455 1.82879 0.125 10.042 0
213.674  403.54  218.682  381.541 2.2195 0.125 13.7112 0
115.649  311.227  79.5581  307.004 3.57134 0.125 70.2361 0
309.25  431.341  315.047  422.212 1.83586 0.125 0.668085 0
94.3182  498.08  113.236  489.891 2.17754 0.125 23.7884 0
237.782  639.575  235.897  621.459 1.5752 0.125 11.8482 0
269.504  253.558  257.491  254.36 1.86243 0.125 3.31706 0
26.5763  307.02  11.3178  309.257 2.00479 0.125 14.5575 0
291.285  28.9306  316.463  19.4025 2.12356 0.125 30.1068 0
0.334406  516.781  14.504  513.517 1.87237 0.125 10.042 0
489.184  24.4111  495.963  0.348753 2.04719 0.125 29.1539 0
210.494  263.367  224.464  262.725 2.31886 0.125 9.13893 0
411.63  353.622  480.081  281.105 2.26976 0.125 155.18 0
85.5044  262.792  69.5019  262.751 2.99232 0.125 24.2437 0
232.446  601.508  231.572  595.638 2.27255 0.03125 1.71607 0
108.789  778.322  106.312  788.202 1.94264 0.125 0.668085 0
96.5606  343.577  90.9117  348.023 2.35739 0.125 1.01112 0
56.6628  502.991  67.4254  501.817 2.63921 0.125 6.86018 0
398.667  366.656  411.247  354.243 2.15416 0.125 17.5383 0
202.821  422.086  208.885  412.126 1.70828 0.125 3.72039 0
193.303  508.218  229.698  482.784 2.0636 0.125 51.9765 0
410.895  134.719  419.192  157.612 1.79833 0.125 22.8949 0
419.77  159.709  427.439  186.517 2.2028 0.125 33.631 0
166.092  461.02  188.735  441.776 2.20904 0.125 33.1778 0
435.234  173.579  431.101  159.618 1.52661 0.125 5.52657 0
358.526  268.318  364.687  269.212 2.96891 0.03125 3.2069 0
189.439  439.453  202.537  422.529 1.68497 0.125 15.7549 0
414.5  101.5  430.5  101.5 1 0.125 0.108034 0
376.333  391.348  397.306  368.323 1.79351 0.125 31.3362 0
423.151  363.452  438.635  369.133 2.12749 0.125 11.8953 0
499.526  201.367  502.228  181.6 1.8035 0.125 9.10874 0
180.495  259.422  173.46  259.874 2.2527 0.125 1.91421 0
163.252  317.127  140.389  332.333 1.95628 0.125 27.4678 0
514.689  124.492  514.117  111.517 0.953979 0.0625 1.61318 0
152.781  449.689  163.597  433.565 1.92394 0.125 11.6736 0
64.4642  622.939  87.498  621.468 2.86642 0.125 45.2625 0
179.583  319.567  166.508  318.409 2.90014 0.125 10.8174 0
173.461  263.505  188.516  264.089 2.26982 0.125 16.3637 0
41.4138  507.014  50.4833  505.406 1.33371 0.03125 1.71607 0
282.083  392.321  288.092  378.325 2.10235 0.125 10.1408 0
503.372  154.524  502.234  148.551 2.33888 0.0625 0.463196 0
9.58792  291.862  37.6345  285.054 2.32065 0.125 27.8311 0
231.341  592.521  228.841  573.455 2.24302 0.125 17.8297 0
83.7596  501.31  93.7005  498.126 2.17255 0.125 5.52657 0
3.49677  616.333  42.5001  616.484 2.13189 0.125 66.0336 0
29.5015  382.72  39.4942  382.652 2.01355 0.03125 1.8264 0
461.349  319.369  473.457  305.463 1.80094 0.125 9.1425 0
529.803  100.505  529.544  117.501 1.13677 0.125 1.01112 0
57.2807  795.126  66.595  789.662 1.63302 0.125 1.01112 0
52.1476  440.489  62.6184  436.84 1.93148 0.125 4.62348 0
362.917  430.002  369.887  421.83 1.43199 0.03125 6.14155 0
94.9248  332.529  120.444  317.406 1.97482 0.125 33.1122 0
414.671  186.17  408.633  164.744 2.91402 0.125 34.2414 0
118.474  253.234  146.401  250.491 2.00809 0.125 32.7342 0
169.191  582.294  181.539  571.545 2.23582 0.125 12.6064 0
155.658  234.143  134.462  239.343 1.97857 0.125 19.8225 0
92.5271  383.016  105.486  383.742 3.05124 0.125 7.6803 0
541.5  92.5  541.5  114.5 1 0.125 5.52657 0
29.3621  332.355  20.6459  340.653 1.55276 0.125 1.01112 0
220.437  133.097  238.463  130.266 1.91885 0.125 16.3637 0
107.489  227.833  96.4676  227.462 2.09978 0.125 1.42771 0
199.496  283.686  221.507  284.152 1.31668 0.125 18.1698 0
106.335  400.897  114.287  398.723 2.10227 0.125 1.91421 0
14.4397  331.429  1.96977  342.051 1.71977 0.0625 1.03392 0
348.364  470.509  345.829  430.416 2.93094 0.125 59.2624 0
6.14092  173.548  9.6366  199.616 2.50249 0.125 26.2407 0
76.4801  350.478  94.7157  333.65 1.86438 0.125 19.4289 0
485.29  277.755  493.736  251.576 2.36474 0.125 7.74982 0
441.688  98.1996  452.283  104.846 1.69419 0.125 0.563807 0
188.491  599.485  202.498  591.496 2.11044 0.125 16.3637 0
46.822  333.912  36.7367  341.802 2.02001 0.125 5.97339 0
113.501  215.57  98.5013  215.681 1.05872 0.0625 2.8173 0
383.674  275.035  390.798  277.705 3.04211 0.125 4.20178 0
157.784  587.127  168.417  582.316 2.32094 0.125 7.74756 0
133.499  283.355  201.502  282.68 1.98004 0.125 93.4906 0
238.47  277.988  260.501  277.554 2.92071 0.125 22.1962 0
516.316  104.502  516.559  123.499 1.06397 0.125 2.8173 0
523.267  95.5001  523.278  122.5 1.01013 0.125 9.13893 0
65.9577  333.888  54.7683  343.803 1.41164 0.03125 0.425664 0
566.37  40.2913  573.503  39.5266 2.66305 0.0625 1.11411 0
221.459  254.723  242.507  253.625 1.78894 0.125 3.2366 0
574.316  38.4884  576.715  0.450483 3.00276 0.125 81.5731 0
46.5001  284.108  131.5  284.139 2.0234 0.125 134.304 0
67.5008  306.775  36.4951  306.868 1.994 0.125 36.6673 0
106.424  241.073  121.48  238.387 1.86256 0.125 1.63274 0
473.59  295.591  457.017  312.021 1.5005 0.125 15.7549 0
209.5  276.5  230.5  276.5 1 0.125 4.62348 0
354.638  484.561  355.95  438.513 3.71377 0.125 56.2243 0
411.498  283.562  429.5  283.526 2.02948 0.125 18.1698 0
229.451  571.439  258.805  547.88 1.7442 0.125 42.5904 0
398.33  203.114  408.553  198.619 1.61008 0.0625 0.736218 0
257.893  313.005  272.567  301.586 1.75641 0.125 6.61688 0
90.5557  600.773  158.386  586.941 2.31318 0.125 59.5988 0
286.098  287.191  291.337  280.375 2.62113 0.125 1.42765 0
399.458  280.761  412.291  282.808 2.64747 0.125 10.1408 0
6.83038  384.491  7.07643  393.512 2.21738 0.125 0.668085 0
129.616  411.747  118.289  417.049 1.44522 0.125 0.668085 0
157.349  574.137  145.347  579.134 2.00087 0.125 3.13013 0
287.318  18.1524  319.814  1.0986 1.83306 0.125 34.0473 0
367.453  97.3978  356.464  102.42 2.07836 0.125 5.97339 0
411.338  208.25  436.715  191.833 1.777 0.125 16.1788 0
190.544  317.846  180.454  319.14 1.72942 0.125 2.8173 0
174.505  278.611  197.5  277.497 1.6762 0.125 19.0729 0
269.528  266.063  238.554  267.598 2.64981 0.125 41.4896 0
216.588  191.335  157.399  159.688 1.68475 0.125 58.3728 0
317.757  496.289  315.32  504.882 2.24255 0.125 1.55013 0
467.767  120.979  475.66  133.049 2.31689 0.125 9.26472 0
20.357  387.403  19.4134  398.493 1.82324 0.125 3.72039 0
344.694  429.421  338.585  414.465 1.43425 0.125 0.563807 0
39.5596  178.358  10.6331  166.184 1.69753 0.125 27.7874 0
380.06  47.0757  390.773  43.2683 2.95154 0.125 9.26472 0
338.344  498.535  335.432  485.515 1.73345 0.125 5.08724 0
476.917  134.322  482.528  147.488 1.97577 0.125 6.64198 0
134.46  614.247  143.549  612.813 2.44317 0.125 0.563807 0
539.5  112.5  539.5  95.5 1 0.125 1.01112 0
331.84  522.215  340.705  505.609 2.93867 0.125 21.0389 0
48.788  480.41  36.4418  484.316 3.11338 0.125 8.50244 0
340.357  220.538  343.198  231.316 1.93391 0.125 2.43315 0
538.5  94.5  538.5  112.5 1 0.125 1.91421 0
244.366  544.361  204.586  582.59 1.82557 0.125 60.3172 0
77.7641  592.689  105.02  567.97 2.72273 0.125 56.036 0
172.494  215.747  213.495  216.707 2.46777 0.125 55.1733 0
277.131  421.732  284.666  401.194 3.09979 0.125 24.6724 0
342.455  98.6898  323.458  99.754 1.885 0.125 14.8636 0
586.454  73.6639  574.49  74.3212 1.49218 0.125 0.668085 0
448.067  158.584  446.29  170.617 2.82175 0.125 13.9727 0
13.4558  504.41  3.01551  509.508 1.83912 0.125 3.72039 0
75.7173  435.108  90.603  429.788 2.01612 0.125 6.55695 0
510.226  256.341  507.836  245.426 1.73979 0.125 3.72039 0
37.7872  8.34821  15.4319  2.7732 3.15522 0.125 22.8265 0
39.4115  121.59  51.4799  133.52 1.46281 0.125 7.33275 0
343.012  453.415  340.428  468.314 2.01076 0.125 4.02089 0
475.525  349.524  467.232  358.245 2.31628 0.125 0.182574 0
181.887  593.45  169.85  598.359 2.84998 0.125 14.5324 0
507.832  83.4995  507.851  55.5002 1.0191 0.125 10.042 0
3.48043  566.243  17.5511  565.172 1.99423 0.125 5.69779 0
459.873  277.514  459.497  287.537 2.26074 0.125 6.42966 0
535.499  195.405  520.491  195.551 2.08748 0.125 5.41095 0
11.4284  43.5443  17.2856  53.0141 2.10409 0.125 5.08724 0
23.4339  229.147  37.5027  226.514 2.33373 0.125 13.0822 0
143.62  565.375  158.613  563.323 2.29425 0.125 16.3637 0
487.478  225.072  497.369  201.445 3.13158 0.125 39.7286 0
68.2221  201.374  81.4726  205.586 1.95027 0.125 2.27789 0
119.073  114.578  116.085  136.579 1.94441 0.125 10.9811 0
149.46  562.004  141.431  561.369 2.07265 0.125 0.108034 0
320.121  358.592  333.201  355.996 3.93092 0.125 8.12877 0
82.4257  199.651  44.2866  180.935 1.61268 0.125 33.0499 0
284.454  401.074  297.008  380.204 2.74475 0.125 41.116 0
93.3208  200.933  105.331  205.908 1.572 0.125 0.563807 0
4.53494  570.885  18.5105  569.616 2.80682 0.125 15.2144 0
68.502  517.506  90.813  510.496 3.1618 0.125 28.9176 0
501.167  225.409  505.192  210.689 2.80339 0.125 13.3716 0
141.499  336.557  182.504  337.261 3.25674 0.125 71.146 0
183.822  101.042  192.698  112.141 2.65695 0.125 6.86038 0
550.717  27.4987  550.779  37.5044 2.03059 0.125 4.62348 0
52.9783  468.214  58.9934  457.223 1.90298 0.125 3.1603 0
143.031  538.727  157.988  529.655 1.76598 0.125 9.52392 0
350.599  44.7413  319.521  57.5507 2.71743 0.125 30.2026 0
541.23  46.5713  546.241  65.5683 2.18892 0.125 11.723 0
202.715  332.884  195.779  341.719 2.35967 0.125 5.97339 0
430.531  90.0422  420.493  89.8317 2.95742 0.125 4.84021 0
35.0757  315.571  25.5903  320.668 2.70843 0.125 3.28424 0
157.494  276.293  122.495  277.327 1.29503 0.125 24.4915 0
262.962  498.531  264.101  481.407 2.86058 0.125 25.1291 0
358.555  185.938  352.277  186.729 2.47649 0.125 1.01112 0
439.092  279.797  448.5  275.5 2.96514 0.125 7.41745 0
455.439  339.111  447.419  338.313 1.99018 0.0625 1.63941 0
511.579  273.408  510.214  257.439 2.24822 0.125 7.55018 0
2.25023  217.529  0.612958  203.487 1.87073 0.125 6.64198 0
130.414  553.237  142.431  549.291 2.83613 0.125 5.22771 0
26.4973  181.506  61.5933  196.278 1.74976 0.125 27.8579 0
524.803  747.266  521.075  758.357 1.8958 0.125 1.42765 0
296.609  381.382  308.956  365.863 2.82761 0.125 29.2267 0
374.768  358.511  375.221  347.489 1.36866 0.125 1.55013 0
114.038  150.418  106.073  195.424 1.79512 0.125 38.8667 0
181.926  570.65  193.91  536.644 3.05392 0.125 32.5641 0
309.148  367.032  319.375  359.334 2.80943 0.125 12.6064 0
31.4395  94.6198  47.4076  102.683 1.803 0.125 10.1408 0
143.354  549.304  151.626  550.803 2.14625 0.125 1.01112 0
237.493  274.155  187.494  275.213 1.40745 0.125 24.9278 0
9.46308  406.747  0.367544  405.385 2.37454 0.125 2.2932 0
174.034  431.334  177.738  420.941 2.55546 0.125 6.64198 0
185.814  334.711  191.138  330.084 2.72278 0.125 0.668085 0
270.483  444.802  277.347  422.453 3.37982 0.125 33.0709 0
357.387  79.7544  326.493  84.4564 1.59049 0.125 11.4325 0
84.3217  123.837  58.6367  110.242 1.76766 0.125 26.0149 0
91.1218  186.752  85.8958  178.902 2.49937 0.125 1.42771 0
192.753  411.631  184.51  427.505 1.74071 0.125 7.41745 0
583.339  769.725  589.674  774.256 2.0587 0.125 0.108034 0
86.0034  128.369  92.1259  131.094 2.84129 0.0625 5.17742 0
120.825  549.929  128.159  544.37 2.60896 0.125 1.42771 0
316.5  102.499  278.539  106.838 2.04327 0.125 43.6424 0
560.486  128.45  545.5  132.498 1.56467 0.125 0.57978 0
151.51  256.97  168.502  256.605 1.23589 0.125 2.8173 0
249.918  193.189  238.334  177.624 1.39925 0.125 10.042 0
264.137  476.622  270.087  445.421 2.76378 0.125 36.6842 0
476.563  244.534  487.049  225.254 2.94373 0.125 36.2778 0
516.373  141.943  534.565  137.786 1.866 0.125 10.0068 0
51.415  104.704  62.5586  109.36 1.30822 0.125 0.108034 0
481.708  297.12  488.107  283.791 1.87467 0.125 3.1796 0
12.2868  239.869  32.3615  233.09 2.26427 0.125 17.6378 0
142.577  553.822  132.443  556.263 2.68237 0.125 5.76976 0
346.175  515.401  350.495  501.194 2.41115 0.125 11.7388 0
450.442  182.415  479.174  163.017 1.67863 0.125 22.7628 0
515.641  213.493  516.889  239.529 1.80613 0.125 25.1291 0
9.96512  48.2137  5.74105  41.3516 1.70318 0.0625 2.8173 0
138.766  562.642  124.381  565.988 2.76321 0.125 14.2496 0
207.929  587.996  221.957  575.871 1.9238 0.125 9.96236 0
380.8  242.912  390.674  235.739 2.64855 0.125 4.24863 0
334.66  506.592  326.173  521.312 1.63108 0.125 8.63548 0
262.179  210.712  257.139  203.078 1.66899 0.0625 0.463196 0
85.5  277.5  68.5  277.5 1 0.125 1.01112 0
127.365  560.771  157.442  555.186 2.0785 0.125 28.6906 0
239.426  290.154  222.529  288.243 2.66153 0.125 25.3946 0
115.205  550.102  89.8295  568.944 2.95675 0.125 46.5066 0
229.482  439.471  244.788  429.964 1.49316 0.125 3.13013 0
20.1885  58.7591  27.0666  67.0287 2.69456 0.125 6.5569 0
42.7196  149.205  75.5525  185.549 2.8462 0.125 51.4037 0
228.228  164.079  223.577  156.033 2.8275 0.125 5.08724 0
244.5  204.401  263.951  225.995 3.05742 0.125 42.2873 0
48.7313  105.986  20.5775  93.3276 2.05032 0.125 21.3734 0
106.458  135.577  86.3946  124.694 1.57963 0.125 7.45533 0
169.382  561.854  160.043  549.102 2.47751 0.125 1.43273 0
177.176  117.837  187.071  127.921 2.81488 0.125 10.8268 0
61.0976  57.8583  68.6629  66.355 2.74181 0.125 6.55695 0
152.507  553.679  143.482  554.021 2.26334 0.0625 1.11411 0
8.51965  579.762  28.4822  578.263 1 0.125 1.55013 0
51.4889  178.534  61.7063  181.868 1.32127 0.0625 1.63941 0
177.397  164.7  204.041  178.394 1.92798 0.125 36.3166 0
536.663  36.4503  531.777  20.4157 3.03381 0.125 7.35295 0
179.694  415.346  181.015  408.408 4.11647 0.0625 3.12704 0
243.679  379.674  226.924  396.912 2.80804 0.125 30.3777 0
311.461  558.414  322.477  553.448 1.73359 0.125 3.72039 0
528.284  128.628  507.562  133.751 2.43231 0.125 16.068 0
168.63  101.404  159.598  89.1656 2.79684 0.125 17.8297 0
170.336  598.081  160.312  602.021 2.22719 0.125 5.08724 0
84.4827  214.784  69.4673  215.146 1.95115 0.125 10.4128 0
167.593  427.371  169.723  412.39 3.10636 0.125 1.07757 0
30.441  580.614  0.507026  582.606 1.6617 0.125 19.3517 0
64.6252  617.266  116.545  608.778 2.67564 0.125 59.6124 0
221.886  359.869  232.135  349.151 2.29455 0.125 4.41525 0
309.26  482.246  316.448  475.445 2.17898 0.125 2.43315 0
524.18  12.0092  532.809  34.381 3.09217 0.125 23.8182 0
562.768  75.4684  564.195  42.4436 3.04689 0.125 55.9435 0
8.44249  34.7777  28.6129  38.9546 2.06242 0.125 17.8297 0
62.4649  182.563  70.2766  186.902 2.23396 0.0625 3.38535 0
170.129  87.8986  161.322  79.6911 1.74442 0.125 0.57978 0
128.993  540.165  106.894  523.294 3.13686 0.125 49.546 0
23.5179  585.819  6.51515  586.771 1.66158 0.125 5.76976 0
28.6512  481.216  33.2661  467.422 1.9036 0.125 0.182574 0
374.985  236.268  383.677  230.78 2.22498 0.125 0.57978 0
204.429  205.48  167.4  208.06 2.3671 0.125 51.5275 0
42.751  565.687  31.1646  581.25 2.59359 0.125 14.5321 0
134.23  548.169  115.481  563.477 2.11798 0.125 5.90077 0
416.302  126.588  410.83  114.352 1.22484 0.0625 4.02142 0
30.5666  42.7464  11.5386  41.0635 2.40576 0.125 17.6378 0
106.956  523.112  97.7481  512.289 3.01264 0.125 9.46892 0
138.603  119.521  135.265  135.658 2.73529 0.125 9.01956 0
35.489  66.1236  60.4676  65.3924 2.94019 0.125 26.4383 0
102.507  292.444  69.4938  292.7 3.15496 0.125 74.0164 0
207.476  268.837  184.542  269.659 2.50036 0.125 15.4951 0
281.988  371.798  269.387  392.431 2.79494 0.125 25.5002 0
119.922  199.43  122.331  179.48 2.58497 0.125 11.6231 0
143.377  673.08  130.975  676.703 3.3973 0.125 4.0042 0
34.5247  70.618  11.687  75.3941 2.43768 0.125 14.6789 0
247.229  374.257  243.404  378.515 2.82438 0.125 0.108034 0
350.929  500.516  351.334  489.421 5.14277 0.125 1.41125 0
142.582  208.921  131.422  211.1 1.60303 0.125 2.8173 0
317.652  550.095  309.322  546.975 2.9251 0.125 3.13013 0
382.149  213.872  398.595  204.67 2.05687 0.125 8.38105 0
526.5  119.5  526.5  96.5 1 0.125 6.42966 0
36.1551  216.461  21.448  221.343 1.90592 0.125 2.45711 0
400.723  106.384  412.271  128.619 1.31398 0.125 3.60558 0
502.539  138.651  526.727  132.376 2.36513 0.125 14.6425 0
9.49921  562.494  0.398183  563.778 1.84071 0.125 1.01112 0
90.6577  7.55972  91.0231  0.475399 2.04886 0.0625 0.463196 0
191.928  517.36  187.244  536.437 2.87896 0.125 20.3219 0
562.543  109.501  563.237  88.4913 1.46169 0.125 17.2667 0
559.676  41.4532  558.083  69.4763 2.88172 0.125 25.2298 0
76.5847  117.331  89.3864  123.727 1.34267 0.125 0.668085 0
113.672  90.1429  120.92  93.6248 2.27507 0.0625 3.0454 0
146.567  157.383  127.087  146.221 1.6087 0.125 2.45028 0
265.453  275.868  251.553  274.088 1.2542 0.125 0.108034 0
288.496  557.815  310.505  558.103 1.19611 0.125 8.29566 0
119.793  43.9275  107.443  37.6117 3.16691 0.125 0.748889 0
199.679  357.664  211.116  345.149 2.27818 0.125 6.86038 0
33.1878  22.9985  46.1415  40.7615 2.44151 0.125 11.8289 0
91.0024  513.939  106.495  531.504 3.04196 0.125 25.7459 0
260.964  415.724  272.834  407.535 2.14119 0.125 1.79958 0
45.5827  110.144  56.6805  112.724 2.6957 0.125 5.7097 0
133.472  27.9604  174.464  25.8189 1.796 0.125 14.4049 0
182.468  408.55  181.887  396.53 2.38334 0.125 1.63274 0
188.093  537.376  181.627  558.539 2.33726 0.125 21.0695 0
224.525  266.78  207.481  268.279 1.90469 0.125 13.9727 0
220.492  278.909  233.506  279.149 1.23967 0.125 2.2932 0
22.8595  87.7417  6.32396  84.3611 3.49654 0.125 15.2249 0
72.0217  20.9195  50.449  13.6513 2.87353 0.125 10.0758 0
91.6807  76.9958  69.3269  68.9829 2.34474 0.125 10.7136 0
207.461  448.644  193.421  444.788 1.85396 0.125 0.182574 0
376.563  100.645  386.063  96.4996 2.14957 0.125 1.42765 0
64.5077  286.633  43.5005  286.445 1 0.125 2.43315 0
79.5424  35.3876  38.3664  19.8542 3.05342 0.125 48.5969 0
78.5773  577.648  64.3011  585.12 2.40168 0.125 0.965818 0
295.731  447.299  298.864  435.333 2.64881 0.125 5.78041 0
164.5  274.532  185.5  274.529 1.00094 0.125 4.62348 0
207.613  367.61  217.481  357.482 1.57997 0.125 1.50405 0
267.096  487.496  266.98  499.505 1.11612 0.125 2.43315 0
331.407  297.406  309.849  318.851 2.1784 0.125 20.6965 0
528.4  132.184  543.765  127.34 2.91282 0.125 10.4464 0
577.23  105.493  577.569  91.5017 3.12019 0.125 2.01362 0
107.356  531.567  119.938  543.112 3.18991 0.125 11.2591 0
327.625  536.613  335.675  527.658 1.63767 0.125 1.55013 0
55.5003  69.4249  46.496  69.3841 3.03168 0.125 3.98429 0
116.854  164.602  120.08  153.379 1.51349 0.125 2.8173 0
275.604  163.478  273.51  153.498 1.59454 0.125 0.108034 0
24.2848  17.0469  13.3964  12.7634 3.38689 0.125 2.1969 0
514.638  257.511  513.811  267.526 1.99322 0.125 1.55013 0
79.6649  168.28  92.2439  181.739 2.04847 0.125 13.4748 0
191.072  115.018  183.24  105.719 2.13307 0.125 4.02883 0
152.42  104.691  175.77  131.263 2.50405 0.125 35.8602 0
19.5109  590.713  8.48859  591.277 1.40764 0.125 0.668085 0
177.5  212.5  205.5  212.5 1 0.125 10.9451 0
291.52  466.503  293.802  452.387 2.32311 0.125 11.8953 0
555.575  75.5577  554.382  56.4449 1.99766 0.125 4.81925 0
102.496  269.37  81.485  269.996 1.26733 0.125 8.23584 0
184.513  269.841  159.513  270.829 1.95895 0.125 19.3517 0
566.799  16.4282  565.663  27.5167 1.68371 0.125 0.668085 0
181.895  139.202  212.848  180.238 2.86949 0.125 66.2641 0
352.827  113.765  361.286  103.327 2.51834 0.125 1.42275 0
35.406  597.236  23.4936  601.482 2.55537 0.125 8.27934 0
74.8277  598.329  43.5728  610.684 2.8118 0.125 21.2354 0
535.401  144.235  519.718  150.084 2.22336 0.125 3.2366 0
5.48835  376.029  29.4767  376.557 3.02128 0.125 21.4208 0
287.3  7.6803  280.685  0.333321 1.63452 0.125 0.108034 0
64.5  273.5  86.5  273.5 1 0.125 5.52657 0
161.605  600.943  143.437  605.234 2.06899 0.125 6.21758 0
17.0885  29.8256  22.4764  34.527 2.57538 0.125 1.55013 0
226.271  200.657  216.539  186.473 1.13156 0.125 0.668085 0
389.418  254.392  417.83  232.625 2.83612 0.125 41.1709 0
133.857  112.374  128.52  139.504 2.58996 0.125 20.6248 0
549.255  62.582  544.532  48.4891 2.21923 0.125 2.79889 0
0.516301  589.696  17.4822  588.286 1.07941 0.0625 3.99669 0
15.5094  598.911  0.494382  599.255 1.32038 0.125 3.13013 0
109.225  148.569  107.63  165.418 2.27379 0.125 3.80613 0
38.5692  140.43  15.3693  117.633 1.625 0.125 14.8683 0
32.5059  575.57  0.479794  578.259 1.74961 0.125 28.9949 0
298.853  364.833  315.095  349.082 3.02344 0.125 14.4049 0
318.841  316.884  329.994  304.962 3.10922 0.125 17.6648 0
558.876  108.502  558.961  92.4971 1.08514 0.125 1.01112 0
513.388  303.474  511.229  312.671 1.88793 0.125 1.91421 0
121.911  166.571  116.762  196.545 1.58447 0.125 16.7823 0
134.615  608.021  113.538  612.672 1.8251 0.125 7.6803 0
333.274  386.214  326.625  384.107 3.20889 0.125 2.43315 0
44.5117  72.5662  36.5835  73.9711 2.45398 0.125 0.668085 0
418.194  231.998  430.048  224.759 3.41376 0.125 3.81096 0
22.6151  129.383  36.2431  142.762 1.49237 0.125 7.74756 0
43.6844  26.0104  57.5946  31.2488 2.10267 0.125 6.5569 0
113.84  52.8221  81.0536  36.3952 2.69878 0.125 36.612 0
124.91  124.637  131.324  105.441 2.22302 0.125 20.7059 0
246.462  303.46  240.281  309.267 1.87118 0.125 0.108034 0
267.452  502.505  269.606  522.596 2.02344 0.125 5.04815 0
113.069  103.487  112.764  113.508 3.02897 0.015625 3.2045 0
291.189  479.448  290.363  468.51 2.06967 0.125 3.31706 0
116.767  59.0405  128.778  66.0213 1.44834 0.0625 0.441485 0
161.504  291.465  149.535  290.174 2.55362 0.125 4.02089 0
131.78  64.034  116.79  55.018 2.23552 0.125 1.43273 0
0.880307  16.9508  17.5191  28.4725 1.20221 0.125 0.57978 0
244.473  316.48  249.906  309.065 3.01101 0.125 4.84021 0
91.6858  74.2807  98.2277  79.8215 1.75967 0.0625 1.63941 0
120.911  118.52  121.64  103.507 1.29005 0.125 1.55013 0
129.63  66.3815  141.059  78.9026 1.89369 0.125 2.613 0
541.122  76.5228  541.563  64.5023 1.60861 0.0625 1.8894 0
103.496  605.428  86.5462  606.35 0.987187 0.0625 1.63941 0
142.367  197.673  150.49  198.592 1.91881 0.0625 1.63941 0
460.661  200.712  469.743  193.821 2.0056 0.0625 0.937202 0
558.531  143.185  543.492  142.828 3.16524 0.125 11.6231 0
76.7981  38.8754  95.7713  47.9316 1.76398 0.125 8.29566 0
16.9539  109.988  8.50255  102.497 2.07495 0.125 2.2932 0
491.318  281.514  492.114  291.531 2.07287 0.03125 4.0429 0
192.965  134.154  244.561  203.454 3.42839 0.125 141.729 0
370.018  421.074  444.112  337.158 1.88091 0.03125 152.125 0
66.4793  300.557  130.474  301.809 3.195 0.125 119.673 0
52.5025  300.315  165.495  301.86 2.3121 0.125 176.301 0
38.3187  225.289  159.407  215.362 3.6428 0.125 232.422 0
110.213  201.633  123.516  130.316 3.20462 0.125 74.7151 0
342.256  115.117  257.654  389.623 8.75751 0.125 132.174 0
71.1625  508.286  141.095  477.577 5.25069 0.125 37.2329 0
114.398  617.999  172.637  606.174 3.36784 0.125 107.862 0
248.675  333.003  74.5932  414.699 6.55926 0.125 30.6522 0
457.54  269.531  476.345  245.38 3.85484 0.125 43.0179 0
157.447  265.611  206.452  262.693 2.37725 0.125 73.1702 0
61.1662  32.0917  113.752  56.9665 2.89571 0.125 36.3427 0
108.193  646.447  102.645  678.351 2.52721 0.125 35.7611 0
446.789  370.166  237.724  702.641 11.4413 0.125 244.771 0
348.871  407.261  336.241  387.667 4.01551 0.125 2.90295 0
16.3644  73.8344  207.642  191.268 12.8265 0.125 38.003 0
85.6887  181.331  4.55242  90.5593 5.88542 0.125 57.6121 0
137.143  141.129  176.505  163.49 2.76747 0.125 21.9131 0
361.56  412.382  462.355  317.346 10.1862 0.125 83.4562 0
217.994  345.015  338.886  228.944 7.87726 0.03125 7.76853 0
0.455114  416.739  45.734  425.256 2.6466 0.125 52.5977 0
542.867  136.447  599.303  114.572 3.26437 0.125 16.5852 0
73.4916  266.622  109.458  269.107 2.40874 0.125 37.4924 0
331.515  540.421  270.588  652.548 4.89089 0.125 45.9564 0
516.674  151.543  512.922  254.515 4.39791 0.125 28.2824 0
128.625  548.654  165.771  518.599 5.76717 0.125 17.8219 0
343.457  201.309  189.705  367.689 8.14422 0.125 2.50285 0
260.209  533.087  145.49  613.906 6.91112 0.125 6.14238 0
430.514  98.9901  115.705  107.822 23.9906 0.125 79.4036 0
247.159  201.741  208.34  146.905 3.47523 0.125 66.5318 0
334.065  558.209  276.813  643.709 2.51478 0.125 121.998 0
275.743  284.453  31.7286  459.036 53.2926 0.125 168.583 0
272.712  128.759  545.568  82.9051 2.49822 0.125 38.2279 0
212.498  259.815  360.526  260.876 8.15749 0.125 33.6704 0
8.6443  490.62  531.071  106.069 19.3283 0.125 74.6019 0
483.547  334.531  177.259  792.339 2.86432 0.125 630.331 0
153.022  390.654  471.862  135.705 14.7588 0.125 132.519 0
