382
93.9213  352.277  103.946  326.286 2.23929 0.125 29.6015 0
129.574  355.83  113.547  354.072 1.98808 0.125 7.41745 0
476.146  253.467  476.812  266.535 2.50675 0.125 19.0729 0
398.408  172.495  397.556  189.503 1.44948 0.125 9.13893 0
400.5  153.5  400.5  138.5 1 0.015625 10.6505 0
511.124  256.472  511.485  264.455 2.22398 0.125 1.91421 0
429.496  379.802  442.506  379.956 1.12994 0.0625 2.8173 0
240.535  351.997  224.473  350.891 2.33888 0.125 19.0729 0
401.035  184.521  400.488  172.501 1.27209 0.125 0.108034 0
215.475  352.868  192.512  353.791 1.1598 0.125 8.23584 0
433.502  424.033  412.506  424.117 2.06788 0.125 22.6853 0
457.703  90.5039  457.768  120.502 3.03035 0.125 58.4262 0
486.966  18.4874  486.695  51.5016 2.98345 0.125 57.0287 0
349.496  375.264  367.489  374.927 1.96222 0.125 9.10874 0
502.066  143.481  502.866  125.472 1.55392 0.125 3.13013 0
250.495  397.434  227.473  399.126 2.25887 0.125 25.7106 0
155.468  354.842  136.512  355.755 1.14317 0.125 3.72039 0
405.636  9.62648  404.304  0.52861 2.41322 0.125 2.2932 0
531.949  116.467  530.518  140.441 2.87547 0.125 47.9718 0
275.537  393.71  254.493  397.46 1.75466 0.125 16.6464 0
399.393  73.4925  398.212  90.48 2.06453 0.125 10.8723 0
344.477  75.5114  343.642  0.498416 2.07772 0.125 108.996 0
508.492  115.084  529.485  114.694 2.1111 0.125 22.6853 0
135.643  354.016  131.413  355.185 2.99304 0.0625 1.61318 0
200.48  312.901  221.489  312.633 3.24267 0.125 44.3594 0
445.449  102.501  445.128  91.4817 1.67381 0.125 2.8173 0
456.906  133.496  456.754  154.495 1.13703 0.125 1.55013 0
446.64  62.492  445.897  49.4773 1.22647 0.125 1.01112 0
511.463  241.504  513.076  258.445 1.89619 0.125 10.1408 0
344.844  212.5  344.824  84.4999 1.02033 0.125 101.254 0
128.478  403.729  102.471  404.471 1.97068 0.125 31.7162 0
440.423  409.516  428.492  408.606 1.52956 0.125 1.91421 0
97.5237  405.128  73.494  403.594 1.82626 0.125 16.8351 0
573.329  126.171  587.624  118.739 1.88035 0.125 7.41745 0
124.197  506.356  104.781  547.158 1.93674 0.125 45.7146 0
11.5184  653.953  17.6137  643.006 2.14442 0.125 5.97339 0
56.0466  650.286  35.6619  693.576 2.2308 0.125 60.2441 0
534.024  67.4787  532.549  100.457 1.90865 0.125 42.5533 0
167.471  353.466  155.48  353.806 3.02714 0.125 18.1698 0
32.3014  700.408  24.7683  716.625 2.29949 0.125 14.2496 0
484.933  262.515  484.638  251.523 1.24063 0.03125 4.32245 0
572.145  33.0041  598.333  14.2665 2.09623 0.125 38.044 0
99.0991  629.356  108.731  602.583 1.80735 0.125 29.1539 0
113.484  587.492  117.982  578.748 1.80408 0.125 1.91421 0
79.8916  537.159  88.8694  521.146 1.78476 0.125 13.0822 0
23.3973  585.43  12.4402  601.459 1.77668 0.125 12.7737 0
359.465  293.95  340.478  295.151 1.99601 0.125 15.7549 0
470.313  33.3139  483.278  20.2735 2.17242 0.125 19.976 0
509.272  276.526  511.431  295.508 2.89105 0.125 20.2429 0
530.505  101.039  504.497  100.747 2.05597 0.125 31.7162 0
206.488  385.809  196.465  385.43 0.688292 0.03125 1.31215 0
465.47  114.498  467.313  83.4889 2.88649 0.125 37.5092 0
434.466  411.938  444.56  412.723 3.37863 0.125 10.0068 0
56.2377  536.29  52.2311  541.284 2.5029 0.125 0.108034 0
190.564  351.864  182.463  353.29 3.1833 0.125 4.89868 0
443.541  207.484  443.843  189.489 2.16732 0.125 19.976 0
31.3903  620.438  40.0324  605.234 2.11391 0.125 10.8174 0
476.111  108.917  467.11  114.915 1.665 0.125 1.01112 0
32.5123  219.73  68.5191  220.303 2.12713 0.125 47.0747 0
110.255  599.41  114.598  587.536 1.96956 0.125 3.1603 0
244.516  418.667  212.429  421.762 2.50609 0.125 34.7391 0
363.478  209.077  376.547  208.402 2.30654 0.125 6.5569 0
391.974  194.505  391.791  173.506 1.16529 0.125 10.042 0
504.233  27.5426  502.473  16.5044 2.44757 0.125 5.97339 0
5.22456  757.392  0.954344  768.286 1.8247 0.125 0.563807 0
89.1921  581.338  81.9099  595.19 1.39601 0.125 5.52657 0
186.449  458.905  208.545  457.026 2.98921 0.125 23.1493 0
37.383  798.881  41.0784  790.318 2.75445 0.125 3.13013 0
22.6131  305.463  43.4431  303.016 2.39326 0.125 16.7823 0
386.869  67.5179  386.528  55.4992 1.34027 0.0625 0.463196 0
367.881  0.481422  367.28  20.4934 1.93905 0.125 8.29566 0
452.275  211.501  452.315  221.505 2.03589 0.125 3.72039 0
447.373  166.497  450.902  0.487295 2.44665 0.125 248.799 0
561.744  17.4569  559.862  50.4636 1.96647 0.125 42.5533 0
239.491  235.953  259.502  235.626 2.1468 0.125 21.7822 0
357.501  400.591  378.498  400.319 1.01288 0.125 3.72039 0
487.475  142.395  500.52  142.753 2.27323 0.125 15.7549 0
401.276  122.499  401.369  108.493 1.98677 0.125 10.9451 0
322.072  238.593  330.93  234.411 2.28613 0.125 4.62348 0
542.505  50.0121  503.489  49.6473 1.96252 0.125 37.1725 0
294.225  260.528  293.985  249.511 1.93407 0.125 4.62348 0
319.099  78.5027  318.567  0.492718 1.98631 0.125 103.688 0
479.958  173.488  479.482  195.5 1.93464 0.125 18.0571 0
53.4507  344.869  73.4846  343.303 1.90015 0.125 16.6464 0
72.603  36.4812  74.6447  47.6563 1.52288 0.125 1.01112 0
350.502  449.665  388.509  449.091 2.28658 0.125 57.4104 0
418.683  209.51  419.184  200.427 1.88666 0.125 2.8173 0
456.323  204.381  458.43  183.493 2.19062 0.125 21.5898 0
593.004  8.88751  598.959  4.06709 2.46095 0.125 1.01112 0
597.533  191.499  598.04  217.509 2.11645 0.125 11.2591 0
313.5  218.5  313.5  190.5 1 0.125 10.9451 0
320.761  214.509  319.205  82.5035 2.09415 0.125 189.39 0
206.53  453.884  177.633  456.178 2.738 0.125 53.3903 0
432.902  62.5126  434.004  27.4844 2.18774 0.125 49.1353 0
71.1384  215.459  73.2017  197.352 2.30139 0.125 7.2156 0
399.437  428.473  501.545  422.246 2.70159 0.125 135.033 0
211.494  422.384  155.552  425.443 2.51978 0.125 84.1786 0
250.699  328.363  237.636  309.406 1.30092 0.125 10.4128 0
361.305  44.5098  362.207  62.5147 2.04756 0.125 9.13775 0
180.49  392.779  187.517  393.025 1.24423 0.0625 0.409064 0
145.497  468.841  172.501  468.698 1.14268 0.125 10.042 0
432.774  93.502  432.961  67.4961 1.17222 0.125 15.4606 0
465.205  179.862  472.497  176.493 1.88424 0.0625 2.8173 0
251.513  308.602  243.502  308.698 1.99986 0.125 0.108034 0
441.437  273.545  442.976  241.523 2.5741 0.125 53.986 0
440.493  345.807  447.513  345.976 2.11988 0.03125 8.8379 0
596.517  99.5006  596.982  85.4828 1.39709 0.125 3.72039 0
193.611  158.497  194.191  177.509 1.39566 0.125 4.94605 0
479.496  304.555  503.452  306.201 1.78964 0.125 18.9395 0
593.078  178.526  594.234  152.488 1.86492 0.125 26.0149 0
128.502  415.518  110.547  417.053 1.7372 0.125 12.7513 0
197.506  465.353  210.525  465.887 2.20348 0.125 13.6544 0
285.909  428.504  286.131  405.496 2.07699 0.125 28.1038 0
19.5795  78.4904  18.0052  65.4391 1.86586 0.125 7.33275 0
94.739  512.62  105.373  491.436 2.24676 0.125 10.4727 0
341.457  343.765  352.329  345.544 1.95567 0.125 3.72039 0
387.497  312.43  353.479  314.057 2.71444 0.125 27.7136 0
469.5  371.525  441.505  371.881 1.29272 0.125 10.9451 0
464.5  150.5  464.5  132.5 1 0.125 1.91421 0
417.83  273.5  417.839  247.5 1.00905 0.125 9.13893 0
433.886  13.5026  433.975  0.496433 1.08828 0.125 0.108034 0
442.383  228.537  443.054  212.481 2.20709 0.125 15.4127 0
64.2923  146.439  65.6823  164.409 3.06819 0.125 32.7342 0
456.779  226.502  456.724  207.502 2.04053 0.125 14.5324 0
524.598  449.464  524.858  457.488 3.06311 0.125 0.670152 0
397.501  276.5  398.542  250.502 2.11853 0.125 31.3362 0
431.871  135.498  431.953  107.498 1.07639 0.125 10.042 0
574.284  119.543  574.833  109.518 2.10634 0.125 5.52657 0
392.824  127.496  392.931  108.497 2.05595 0.125 19.976 0
531.5  143.65  561.502  143.743 1.08941 0.125 11.8482 0
408.833  186.503  409.014  162.496 1.16523 0.125 18.1698 0
439.505  108.5  439.718  115.493 1.90772 0.03125 4.32245 0
455.5  351.169  423.5  351.147 2.01328 0.125 42.5533 0
503.5  63.4609  547.503  63.5823 1 0.125 22.8949 0
430.604  176.503  431.562  147.502 1.89989 0.125 32.7342 0
10.9986  372.05  5.44312  356.887 3.25402 0.125 12.4255 0
486.181  52.1217  468.842  66.7189 2.65789 0.125 20.4261 0
405.499  447.639  391.5  447.507 1.05639 0.0625 2.8173 0
576.281  226.666  592.478  222.417 2.0932 0.125 4.41525 0
96.1417  167.458  95.1675  152.457 1.47733 0.125 3.31706 0
147.461  430.75  194.49  428.316 3.20277 0.125 99.8547 0
410.722  40.4912  410.983  17.4941 1.2496 0.125 13.6544 0
553.554  315.288  565.545  318.322 2.44106 0.125 1.63274 0
187.482  426.811  211.517  428.216 2.17159 0.125 25.7106 0
199.559  123.497  200.971  148.53 1.89986 0.125 25.1291 0
382.316  207.499  382.344  201.495 2.0236 0.03125 1.71607 0
531.58  419.497  531.876  427.523 2.10938 0.125 1.01112 0
33.4288  79.5767  32.6091  89.509 2.23998 0.125 3.72039 0
98.5  379.5  115.5  379.5 1 0.125 1.01112 0
524.567  377.498  524.804  386.518 2.07826 0.125 2.8173 0
73.498  431.007  146.501  431.294 3.2236 0.125 117.736 0
476.442  354.867  502.498  352.475 2.44873 0.125 5.54072 0
598.538  336.255  584.415  334.039 1.87825 0.125 8.23584 0
60.4835  97.4264  61.9146  116.544 2.99163 0.125 38.9409 0
98.4654  150.501  98.9741  164.555 2.70869 0.125 2.1969 0
521.485  462.408  510.62  464.218 2.7949 0.125 3.1796 0
389.478  449.86  416.5  451.506 2.17874 0.125 20.3219 0
29.4823  354.126  41.5499  353.554 1.8559 0.125 1.42771 0
335.565  277.501  335.872  261.507 1.19216 0.125 0.108034 0
445.972  183.511  445.743  172.495 1.99957 0.125 5.52657 0
537.572  329.277  523.503  328.453 2.87787 0.125 7.02683 0
583.516  168.498  582.023  153.448 1.98209 0.125 8.38953 0
81.5369  22.4969  83.9026  50.4659 1.74004 0.125 11.2596 0
448.511  346.551  455.604  344.967 1.95192 0.0625 0.409064 0
530.603  426.478  530.8  436.514 2.09763 0.125 4.62348 0
76.664  259.562  82.1972  245.005 2.09368 0.125 6.55695 0
87.8595  18.4663  86.8294  7.46915 2.55083 0.125 10.9451 0
454.611  275.504  455.94  241.478 2.81821 0.125 53.4494 0
107.243  38.2514  86.9088  31.3037 2.83887 0.125 31.616 0
108.501  31.9136  125.501  31.9314 1.01673 0.125 0.108034 0
433.463  464.007  516.526  457.852 2.4372 0.125 109.294 0
504.488  307.051  517.505  306.698 1.29743 0.125 1.55013 0
502.499  163.66  558.501  163.702 2.03972 0.125 82.2075 0
199.631  450.001  240.581  446.432 3.16719 0.125 92.6092 0
335.488  451.43  349.594  449.063 2.29657 0.125 1.19521 0
312.865  171.499  312.704  130.499 1.1602 0.125 22.6853 0
23.3479  128.549  22.8749  117.527 1.36955 0.0625 1.11411 0
135.439  367.412  142.475  367.88 3.05978 0.125 4.62348 0
388.498  348.612  350.51  347.945 1.29828 0.125 29.0069 0
408.648  148.507  409.676  127.46 1.90002 0.125 21.7822 0
145.749  27.3377  153.645  24.9883 2.87543 0.125 4.20178 0
57.1181  52.3927  58.06  66.5955 3.13105 0.125 22.474 0
197.631  82.5021  197.373  98.514 3.19251 0.125 26.4704 0
377.507  294.764  366.488  295.047 1.23044 0.125 1.91421 0
409.975  78.4988  410.031  54.4989 1.05376 0.125 27.2007 0
58.315  72.4255  60.0633  91.5399 2.80536 0.125 32.7342 0
409.666  118.503  410.077  91.4936 1.31983 0.125 24.4915 0
404.529  461.69  391.512  462.01 2.09745 0.125 8.23584 0
412.504  448.066  426.503  448.21 1.11318 0.0625 0.463196 0
484.943  194.48  486.723  145.508 2.70741 0.125 68.5858 0
108.883  256.472  110.19  274.45 2.06725 0.125 14.5324 0
135.484  317.846  170.512  316.968 2.37533 0.125 45.7907 0
279.336  321.368  288.272  310.316 2.21721 0.125 7.41745 0
535.5  13.4462  572.504  13.6171 1 0.125 16.6464 0
497.358  415.091  485.993  419.041 3.12177 0.125 9.13775 0
567.5  91.5  567.5  69.5 1 0.125 5.52657 0
571.68  314.541  564.374  313.172 2.33426 0.125 0.668085 0
70.4952  218.71  89.5081  219.145 1.31952 0.125 15.4606 0
417.834  234.463  418.447  223.441 2.21915 0.125 6.42966 0
193.233  30.6484  195.211  47.5339 2.68446 0.125 19.5769 0
522.47  88.3878  511.695  91.236 2.64486 0.125 0.182574 0
359.624  235.501  359.807  210.502 2.10192 0.125 16.8242 0
563.47  313.159  549.454  312.525 1.90765 0.125 9.13893 0
426.495  449.756  440.509  450.034 1.99961 0.125 3.98429 0
391.694  161.509  392.555  142.457 2.04311 0.125 19.3228 0
45.4571  0.462825  46.1194  17.5148 1.99849 0.125 9.1425 0
28.4984  261.989  71.5043  261.851 2.00319 0.125 58.0597 0
113.481  301.394  129.505  298.527 2.32093 0.125 9.13775 0
191.525  117.499  192.72  142.489 1.85435 0.125 20.4514 0
142.485  367.947  153.504  367.655 1.23778 0.0625 1.61318 0
312.5  125.5  312.5  101.5 1 0.125 7.33275 0
66.5043  240.914  32.4988  240.665 1.24112 0.125 19.976 0
497.453  309.988  470.513  307.367 1.02218 0.125 10.042 0
80.5347  240.71  68.514  240.182 2.12982 0.125 1.50405 0
179.5  311.5  199.5  311.5 1 0.125 3.72039 0
351.075  272.508  350.862  260.511 1.1776 0.125 4.62348 0
409.699  215.477  409.467  223.499 2.14349 0.0625 5.36474 0
475.514  445.408  486.565  447.068 2.12635 0.125 1.42765 0
512.095  88.5503  513.033  77.4605 1.73993 0.125 1.55013 0
554.502  115.035  533.499  115.1 1.06239 0.125 3.72039 0
500.909  193.54  501.754  163.507 2.91448 0.125 34.349 0
525.256  373.217  535.436  376.688 2.86108 0.125 8.27934 0
533.5  141.5  558.5  141.5 1 0.125 8.23584 0
256.463  353.337  240.377  356.955 2.07265 0.125 9.1425 0
339.466  428.403  356.517  429.052 1.92243 0.125 5.7097 0
478.84  331.114  491.129  341.922 2.13541 0.125 8.29566 0
473.129  394.387  477.11  381.381 2.12681 0.125 4.02089 0
530.5  112.5  550.5  112.5 1 0.125 3.72039 0
538.281  376.146  549.972  380.107 2.84133 0.125 5.89477 0
348.511  455.814  326.503  456.58 1.41681 0.125 11.0177 0
486.504  445.275  498.5  445.511 2.17677 0.125 3.1796 0
531.498  239.532  558.521  241.155 1.87652 0.125 16.068 0
438.501  460.597  405.502  460.831 1.13447 0.125 14.5575 0
69.9277  399.505  70.0752  385.496 2.12623 0.125 0.989353 0
484.488  214.522  484.177  200.507 1.99951 0.125 7.74756 0
292.773  208.541  294.176  233.518 1.94077 0.125 29.91 0
494.051  344.322  504.278  349.907 2.31555 0.125 1.50405 0
153.452  309.801  143.431  310.485 1.85928 0.125 2.8173 0
453.494  358.232  441.495  358.13 2.0512 0.125 1.42771 0
311.5  60.5  311.5  31.5 1 0.125 11.8482 0
519.498  263.5  519.795  252.481 2.10717 0.0625 2.00187 0
550.506  65.6622  535.489  66.1771 1.34213 0.125 6.42966 0
116.503  365.54  100.536  366.917 1.73501 0.125 6.86018 0
242.514  461.582  262.622  458.232 1.9724 0.125 19.976 0
583.986  83.4849  584.428  68.4979 1.96967 0.125 0.398689 0
67.7852  414.548  66.8375  400.477 1.99548 0.125 11.8482 0
598.699  367.451  576.549  363.245 2.25071 0.125 12.2411 0
75.7205  479.904  72.0144  472.752 2.66365 0.125 2.43315 0
47.2575  27.7054  48.8936  37.6003 2.78886 0.125 5.69779 0
291.535  232.498  290.258  208.513 1.26441 0.125 11.8482 0
194.599  101.494  193.407  81.4461 1.8778 0.125 11.7388 0
465.413  447.214  474.521  448.325 2.10637 0.125 1.55013 0
55.7935  124.487  55.5031  140.518 2.21701 0.125 8.38105 0
320.521  425.391  333.616  427.89 1.54464 0.125 0.668085 0
500.455  210.514  500.56  203.486 2.08915 0.125 4.62348 0
524.502  19.5841  505.489  20.0526 1.36915 0.125 8.63548 0
4.5063  220.963  16.5046  221.103 1.1171 0.125 1.91421 0
25.2493  40.5171  24.4988  29.5001 2.19925 0.125 1.42771 0
47.5  266.5  31.5  266.5 1 0.125 0.108034 0
93.8667  79.5511  95.2288  96.4412 1.75238 0.125 8.38953 0
485.511  197.076  499.506  196.803 1.17574 0.125 4.62348 0
103.477  418.01  75.4449  419.321 1.96918 0.125 33.6296 0
355.453  414.641  347.423  415.076 2.83319 0.125 1.55013 0
106.149  65.6239  92.2538  61.2893 2.44359 0.125 4.41525 0
330.101  318.351  336.102  342.598 3.16212 0.125 13.6958 0
66.586  373.624  20.4733  377.151 3.52519 0.125 100.123 0
275.439  408.068  255.552  410.867 1.99494 0.125 16.6464 0
532.495  185.002  555.503  184.753 1.2376 0.125 16.3637 0
124.484  362.12  142.495  361.371 1.29002 0.125 7.33275 0
460.475  381.8  418.493  383.301 2.10498 0.125 42.2633 0
71.4997  457.5  83.6501  466.293 1.17246 0.125 1.01112 0
84.1343  284.534  83.0236  272.452 1.71697 0.125 1.42765 0
187.449  308.795  168.476  310.166 1.92275 0.125 15.7549 0
403.428  362.096  412.507  361.63 3.09864 0.125 11.8482 0
147.487  363.318  119.557  365.302 1.49343 0.125 15.2144 0
276.964  449.115  283.744  439.675 1.60177 0.125 2.8173 0
507.518  329.371  489.458  326.797 1.70018 0.125 4.94605 0
484.45  328.877  522.444  333.922 2.17597 0.125 18.2748 0
479.563  457.438  447.506  459.592 2.39 0.125 38.9155 0
171.11  19.2089  184.813  26.7493 3.46291 0.125 6.65188 0
283.831  438.578  285.992  429.381 1.65984 0.125 1.01112 0
300.306  414.768  316.504  426.495 2.42996 0.125 15.1472 0
52.2172  79.4834  51.4484  92.5558 1.99655 0.125 3.98429 0
63.4763  414.503  65.0772  427.429 2.23066 0.125 9.52392 0
450.956  167.497  450.881  181.497 1.06907 0.03125 0.883689 0
330.5  17.5  330.5  34.5 1 0.125 1.01112 0
375.475  358.296  398.484  359.004 1.90679 0.125 6.41405 0
458.462  240.317  469.607  238.022 1.58465 0.125 0.668085 0
524.5  334.497  544.489  336.607 1.3094 0.0625 3.07613 0
371.526  435.535  378.927  430.08 2.96669 0.125 4.89868 0
216.493  358.302  202.51  358.788 2.24225 0.125 5.07047 0
398.683  390.514  398.579  399.512 2.0689 0.125 1.01112 0
498.493  199.353  486.473  199.962 1.59873 0.125 1.01112 0
109.5  29.5  125.5  29.5 1 0.125 0.108034 0
137.118  233.474  136.37  244.559 1.92813 0.125 3.31706 0
147.54  329.226  130.603  326.784 1.83686 0.125 1.99536 0
311.665  88.4993  311.587  69.4996 1.04125 0.125 2.8173 0
564.242  298.487  566.508  254.5 1.79161 0.125 41.7112 0
222.457  327.773  207.51  325.436 1.14249 0.125 0.108034 0
412.463  362.053  418.586  361.548 3.23616 0.125 0.563807 0
19.5568  376.33  1.5045  377.566 2.47348 0.125 7.64561 0
66.5223  330.861  44.5447  332.222 1.74889 0.125 13.3898 0
197.5  350.5  214.5  350.5 1 0.125 1.01112 0
358.5  445.5  408.5  445.5 1 0.125 30.8131 0
564.509  363.3  550.494  362.637 1.4247 0.125 6.42966 0
504.572  455.447  481.553  457.196 1.85532 0.125 18.0571 0
304.586  313.547  299.847  322.14 2.80734 0.125 1.63274 0
170.45  316.956  186.499  315.494 1.81254 0.125 7.51526 0
505.485  30.2232  524.498  30.6088 1 0.125 1.91421 0
63.5866  337.368  47.5466  338.967 1.19248 0.0625 1.11411 0
112.888  175.446  115.533  194.495 1.3435 0.125 0.182574 0
162.5  355.5  180.5  355.5 1 0.125 1.91421 0
189.5  354.5  209.5  354.5 1 0.125 3.72039 0
374.5  401.5  357.5  401.5 1 0.125 1.01112 0
539.095  275.49  538.539  298.501 1.36186 0.0625 2.04191 0
384.5  56.5  384.5  73.5 1 0.125 1.01112 0
44.5245  328.976  66.5177  327.844 1.94597 0.125 19.8225 0
137.502  359.351  120.505  359.125 1.13301 0.125 1.01112 0
459.726  261.409  458.771  269.532 1.86951 0.125 0.108034 0
520.49  141.976  503.496  142.295 1.30077 0.125 4.02883 0
216.156  410.578  216.883  404.427 2.45536 0.125 1.01112 0
49.522  340.763  65.494  339.428 1 0.125 0.108034 0
45.4632  334.802  64.5157  333.798 1.73418 0.125 0.113964 0
142.499  501.478  127.485  502.195 1.90224 0.125 5.69779 0
268.5  209.67  215.5  209.677 3.00498 0.125 83.0778 0
202.5  362.5  246.5  362.5 1 0.125 25.3946 0
366.498  340.121  342.499  340.235 1.08477 0.125 6.42966 0
381.717  119.503  382.12  92.4943 1.38732 0.125 26.4704 0
453.485  420.192  422.462  421.727 1.45395 0.125 18.4304 0
200.506  462.669  216.521  462.13 1 0.03125 0.997046 0
311.529  206.972  294.532  208.023 2.55137 0.125 5.04815 0
288.53  207.021  278.448  207.605 1.7637 0.125 0.108034 0
517.519  191.564  532.39  187.131 1.73228 0.125 0.670152 0
489.5  61.5  489.5  43.5 1 0.125 1.91421 0
383.496  50.5846  370.524  49.9822 1.23086 0.0625 4.02142 0
381.5  460.5  363.5  460.5 1 0.125 1.91421 0
452.5  111.5  452.5  96.5 1 0.00390625 4.94365 0
72.533  441.49  75.3743  450.539 1.85272 0.0625 1.11411 0
367.514  346.621  493.519  345.052 3.06572 0.125 120.369 0
53.1556  0.526037  63.7419  140.557 2.99146 0.125 219.757 0
214.549  426.933  276.438  419.954 4.0489 0.125 119.905 0
110.554  454.688  200.458  450.58 3.44281 0.125 183.929 0
478.081  74.49  476.416  144.498 2.4273 0.125 77.0212 0
391.522  414.183  472.534  411.529 3.14493 0.03125 215.558 0
84.9244  470.475  237.573  454.18 8.40759 0.125 104.258 0
81.5378  595.518  58.1958  644.829 3.28387 0.125 84.3432 0
531.476  303.96  584.49  306.692 2.17269 0.125 42.0155 0
471.437  317.077  550.586  325.71 2.11482 0.125 66.9253 0
357.65  355.002  463.492  365.581 3.68086 0.0625 46.7655 0
592.559  303.838  564.488  302.84 2.85609 0.125 42.6876 0
327.489  465.382  374.507  465.985 1.99984 0.125 67.0716 0
69.4156  461.737  241.498  462.834 22.5406 0.125 285.837 0
102.637  359.076  470.469  394.41 19.6215 0.125 55.0403 0
196.478  49.5012  199.941  110.588 2.99066 0.0625 32.645 0
95.75  114.554  112.737  348.555 2.26811 0.125 30.0118 0
503.572  87.4624  501.437  26.5022 2.2438 0.125 26.7353 0
239.496  357.351  143.52  360.191 2.52544 0.125 92.3139 0
422.542  322.244  395.45  317.806 1.93995 0.125 35.573 0
469.556  309.837  598.644  320.808 4.12113 0.125 69.4977 0
122.429  319.536  199.529  313.895 3.42987 0.125 150.179 0
401.683  69.5138  406.228  339.42 24.9965 0.125 13.9278 0
552.566  315.568  109.948  284.326 15.9603 0.125 18.3585 0
379.529  111.5  379.488  206.5 1 0.125 71.6966 0
384.512  83.5  384.582  274.5 1.50769 0.125 22.6121 0
450.005  246.391  575.483  226.396 10.863 0.125 10.2879 0
512.457  12.9948  535.629  15.0189 3.7718 0.125 33.7763 0
49.9601  52.4717  53.708  113.487 3.2396 0.03125 5.12568 0
363.185  302.833  425.765  -9.85541 80.7879 0.125 336.527 0
181.568  466.778  223.502  464.535 2.63788 0.125 79.766 0
91.5039  463.579  464.556  462.245 19.7425 0.125 105.611 0
395.097  26.9102  381.634  341.848 20.4471 0.125 74.4259 0
384.765  105.5  384.838  227.5 2.00362 0.125 9.46208 0
137.494  425.323  530.392  411.443 11.2756 0.125 45.0108 0
175.068  14.8918  196.832  225.569 31.5923 0.125 45.3676 0
398.117  8.49511  400.772  343.466 121.21 0.125 113.526 0
401.773  38.505  395.902  356.766 35.0125 0.125 27.4996 0
173.399  468.453  297.881  456.449 10.9492 0.125 40.9721 0
427.814  350.298  362.035  358.971 9.325 0.125 57.3779 0
87.3948  370.047  263.371  362.498 5.67039 0.0625 450.24 0
75.1095  509.234  39.0119  562.167 3.49175 0.125 90.6825 0
449.508  354.138  558.566  356.651 3.43863 0.125 34.5188 0
469.7  13.1516  574.486  15.9977 10.7942 0.125 17.0022 0
