165
581.639  308.827  621.386  317.05 2.05955 0.125 47.1435 0
72.1198  275.335  65.5166  290.507 1.63877 0.125 10.9451 0
23.0097  123.541  22.1599  113.444 2.16069 0.125 5.52657 0
246.643  11.5614  249.72  54.5558 1.91934 0.125 59.712 0
38.6618  52.5377  40.8065  43.3383 1.65503 0.125 0.108034 0
41.0287  31.6272  37.2359  17.5713 1.59381 0.125 6.42966 0
499.591  243.588  497.749  224.476 2.60231 0.125 13.7112 0
0.912773  199.297  9.48775  174.496 2.03101 0.125 27.7874 0
118.958  235.567  119.816  229.692 2.41258 0.0625 0.463196 0
169.517  31.357  186.399  33.3512 1.69694 0.125 8.63548 0
756.497  246.862  776.504  247.01 1.14054 0.125 10.4128 0
23.2617  114.425  29.4935  94.498 2.32871 0.125 20.2951 0
701.587  370.296  686.522  369.203 1.97887 0.125 11.8482 0
114.232  213.504  114.891  259.509 2.92808 0.125 89.9366 0
7.64006  426.605  1.00182  432.981 2.07826 0.125 2.8173 0
-0.0299302  401.742  9.30213  395.217 2.86515 0.125 8.27934 0
652.683  152.465  649.456  135.508 1.54316 0.125 9.13893 0
0.127872  446.084  11.206  436.171 2.54927 0.125 14.3442 0
567.276  262.569  566.652  251.491 1.82812 0.125 6.42966 0
-0.200818  423.373  7.08981  418.84 2.0198 0.125 0.108034 0
115.621  260.499  115.868  298.504 1.22138 0.125 19.976 0
74.5  306.5  74.5  275.5 1 0.125 13.6544 0
178.337  36.4233  177.737  45.5157 1.79823 0.125 2.8173 0
368.521  275.719  378.514  275.991 1.21712 0.0625 1.61318 0
119.5  296.5  119.5  243.5 1 0.125 33.5224 0
245.5  47.5  245.5  30.5 1 0.125 1.01112 0
109.564  228.497  110.31  244.509 1.51068 0.125 10.042 0
658.218  190.563  655.086  176.593 1.41325 0.125 1.55013 0
209.5  38.5  209.5  54.5 1 0.125 0.108034 0
513.535  332.341  521.59  334.087 2.37829 0.125 0.668085 0
454.485  378.485  438.489  378.242 2.19721 0.125 14.5324 0
490.503  328.973  464.498  328.817 1.15602 0.125 16.3637 0
198.881  138.162  192.885  149.165 1.75622 0.125 2.43315 0
151.56  256.5  151.363  228.494 1 0.125 10.9451 0
190.902  35.4914  190.585  57.5012 1.25907 0.125 5.08724 0
244.5  28.5  244.5  12.5 1 0.015625 4.88466 0
734.477  238.119  745.558  237.437 1.8734 0.125 4.62348 0
201.692  37.5058  202.203  20.4611 1.87912 0.125 17.2667 0
229.811  12.4999  229.804  55.4999 2.0077 0.125 55.7616 0
201.058  262.507  201.309  279.503 1.20706 0.125 1.55013 0
620.49  351.357  633.497  350.462 1.35787 0.125 1.01112 0
120.039  506.165  125.095  499.206 1.83927 0.125 0.108034 0
400.473  296.123  422.519  297.065 3.16804 0.125 41.5799 0
448.521  302.611  439.465  304.317 1.72301 0.125 1.01112 0
766.488  236.33  776.51  235.652 1.86037 0.125 1.55013 0
241.762  366.35  244.41  353.279 1.97307 0.125 4.89868 0
359.57  386.989  375.53  384.711 1.69821 0.125 3.13013 0
50.3049  547.323  35.0743  564.114 2.03193 0.125 15.9358 0
165.879  450.017  175.081  438.174 1.66462 0.125 5.97339 0
213.096  114.453  211.818  125.537 2.10143 0.125 5.08724 0
209.124  0.478539  208.268  15.4868 1.22607 0.125 1.91421 0
217.586  261.498  217.231  241.487 1.08865 0.125 3.72039 0
473.914  345.828  463.99  339.706 2.80766 0.125 12.192 0
470.507  303.26  458.488  302.927 1.2766 0.125 1.91421 0
105.58  184.259  94.4969  183.548 1.86791 0.125 5.52657 0
262.733  370.594  265.231  364.392 2.40919 0.0625 1.63941 0
199.51  297.989  156.487  298.886 2.60407 0.125 66.1763 0
395.501  306.453  424.486  307.125 1.90681 0.125 27.7874 0
551.476  342.347  569.348  339.534 2.49703 0.125 10.9811 0
339.505  270.781  363.497  270.345 1.03614 0.125 6.42966 0
351.548  462.988  363.53  461.803 1.79339 0.125 2.43315 0
201.936  352.533  203.397  333.492 2.52941 0.125 11.2596 0
485.01  352.372  478.837  348.901 2.61504 0.125 1.01112 0
351.504  289.012  369.503  288.861 1.15131 0.125 10.9451 0
387.501  318.617  357.501  318.575 2.01848 0.125 27.0223 0
581.475  371.856  571.454  371.14 1.56622 0.0625 0.409064 0
698.579  378.082  686.63  375.815 1.8289 0.125 2.43315 0
570.41  341.191  584.56  343.041 1.80803 0.125 6.86018 0
30.7747  86.4372  31.6342  76.5116 1.99254 0.125 0.668085 0
379.477  329.453  369.483  329.212 2.14422 0.125 3.72039 0
326.505  387.455  335.725  388.482 2.26013 0.125 0.563807 0
263.508  287.114  254.512  286.925 2.1261 0.0625 1.8894 0
265.377  363.89  271.774  352.106 3.01276 0.125 4.2626 0
358.487  349.674  373.496  349.837 1.95646 0.125 4.8643 0
657.464  106.492  664.022  78.6229 2.0615 0.125 21.9217 0
32.6944  74.3192  35.8303  60.3497 2.07085 0.125 4.8643 0
126.507  489.291  113.522  488.848 1.30621 0.125 2.43315 0
476.417  336.057  490.488  333.436 2.03358 0.125 5.69779 0
685.5  376.498  673.421  377.721 1.39783 0.125 0.108034 0
154.446  479.5  154.477  468.5 2.01932 0.125 3.31706 0
319.473  335.904  341.472  334.895 2.31882 0.125 22.0298 0
162.448  331.498  179.506  330.617 1.84275 0.125 9.1425 0
203.716  156.501  203.769  140.498 2.01963 0.125 14.5575 0
655.402  335.148  645.477  333.651 2.81738 0.0625 1.50022 0
682.671  343.037  673.125  339.516 2.76896 0.125 4.84021 0
116.49  319.971  128.506  320.232 2.08636 0.125 2.2932 0
404.482  410.097  420.496  409.398 1.30431 0.125 0.563807 0
339.502  304.869  374.501  304.953 1.07266 0.125 16.3637 0
672.599  340.077  654.648  335.869 2.34298 0.125 13.3716 0
177.442  316.839  185.555  316.131 2.60155 0.125 6.42966 0
506.481  383.636  514.469  384.725 2.20228 0.125 1.01112 0
351.501  318.83  329.501  318.793 1.03574 0.125 4.62348 0
502.518  342.076  540.534  343.694 2.06233 0.125 32.2383 0
107.783  530.512  108.172  521.486 2.17045 0.125 2.8173 0
557.833  169.612  561.976  157.323 2.22557 0.125 4.02089 0
136.532  322.876  151.507  321.583 2.33657 0.125 10.0068 0
25.2078  574.239  12.0396  588.982 2.23745 0.125 8.82632 0
204.337  89.529  203.064  38.4859 1.92726 0.125 58.7637 0
310.11  345.404  312.021  357.575 2.65363 0.125 11.0177 0
398.501  283.763  414.501  283.687 1.05238 0.125 0.108034 0
701.274  346.828  688.474  344.652 2.80987 0.125 9.10874 0
231.504  298.308  222.508  298.12 2.10416 0.125 1.01112 0
301.145  358.563  299.546  349.492 2.14324 0.125 3.72039 0
0.713611  488.653  21.3753  484.826 2.8404 0.125 27.1072 0
9.53403  101.718  0.443278  103.136 2.28441 0.125 1.55013 0
203.827  246.506  204.089  232.474 2.64874 0.125 9.52392 0
541.514  327.132  519.509  326.265 1.15668 0.125 6.86018 0
219.824  134.501  219.847  148.501 1.01967 0.0625 1.61318 0
257.464  298.245  239.458  297.375 1.99767 0.125 12.7737 0
267.831  244.5  267.834  262.5 1.00221 0.125 1.91421 0
410.511  337.672  420.534  337.003 1.82866 0.125 1.01112 0
334.496  350.042  348.494  349.91 1.13252 0.125 4.02883 0
176.943  454.01  184.459  445.464 2.61482 0.125 1.79958 0
522.468  383.269  534.381  381.634 1.70943 0.125 0.563807 0
203.449  104.392  204.877  90.4362 1.80918 0.125 1.42771 0
470.532  369.822  457.463  371.125 1.59331 0.125 2.43315 0
621.547  357.145  604.448  354.894 1.72188 0.125 7.41745 0
245.507  292.172  226.499  292.38 1.20737 0.125 1.91421 0
59.5155  332.687  87.4057  330.367 2.07775 0.125 19.4905 0
251.462  431.38  269.472  432.158 2.21408 0.125 11.6737 0
490.536  334.302  509.626  337.813 2.24964 0.125 9.46892 0
44.3854  300.483  46.3414  287.476 2.27519 0.125 4.8643 0
629.612  342.158  614.287  337.152 2.23065 0.125 13.9727 0
204.063  274.505  204.179  262.497 3.08637 0.125 6.04281 0
148.487  350.723  165.487  351.724 1.2334 0.125 1.55013 0
268.404  429.717  279.603  428.339 1.96989 0.125 4.20178 0
664.211  351.55  640.363  344.997 2.38477 0.125 20.3219 0
687.245  358.379  664.427  351.753 2.57082 0.125 11.9943 0
307.617  361.393  292.483  363.368 3.10419 0.125 4.56498 0
396.373  462.964  380.551  466.717 1.53403 0.125 2.2932 0
204.807  132.501  204.911  110.497 1.08965 0.125 5.52657 0
704.284  363.268  690.268  359.325 2.07542 0.125 7.51526 0
434.499  353.487  453.545  352.121 1.99901 0.125 0.216765 0
160.501  347.494  153.369  346.26 2.78564 0.125 2.43315 0
429.547  337.152  440.491  336.371 1.85248 0.125 1.01112 0
534.476  318.681  520.454  316.857 1.89433 0.125 4.89868 0
208.307  178.527  210.232  192.398 1.98102 0.125 7.74756 0
351.53  263.249  364.582  264.813 1.62888 0.125 0.668085 0
336.523  297.924  352.498  298.549 1.31208 0.125 3.72039 0
566.897  32.9147  560.501  39.5011 2.82812 0.125 0.670152 0
368.5  291.5  350.5  291.5 1 0.125 1.91421 0
633.439  345.737  649.401  349.883 1.47068 0.0625 1.45976 0
689.302  355.117  701.636  359.077 2.24501 0.125 0.811332 0
205.92  184.503  206.004  171.497 1.08377 0.125 2.43315 0
724.516  364.447  741.473  369.588 2.29068 0.125 2.96503 0
567.185  248.365  552.558  174.291 3.47477 0.125 70.5811 0
670.933  277.579  646.006  98.4296 2.23076 0.125 76.35 0
453.54  294.536  396.473  292.158 2.8725 0.0625 93.6618 0
127.494  325.919  236.503  324.756 3.15168 0.125 19.0669 0
202.512  0.499419  215.181  260.516 2.49575 0.125 55.3386 0
459.812  342.028  487.329  360.248 3.07609 0.0625 33.9492 0
468.361  306.686  411.557  300.012 2.56973 0.125 14.049 0
754.527  373.387  789.643  381.912 3.4153 0.125 28.5184 0
161.245  429.275  30.3192  577.75 13.5894 0.125 5.31836 0
210.966  289.444  227.342  425.002 10.0333 0.125 4.458 0
148.406  194.499  147.853  256.494 3.16956 0.125 64.0738 0
136.517  333.705  462.431  306.668 1.74513 0.125 26.8383 0
599.637  336.028  704.488  366.541 2.39285 0.125 22.2727 0
683.995  354.791  200.454  214.838 33.4497 0.0625 102.512 0
13.772  369.788  37.1773  378.727 3.21096 0.125 3.35628 0
368.456  339.01  406.418  335.592 3.24744 0.125 33.5141 0
268.93  252.593  719.539  352.323 14.6456 0.125 61.9409 0
501.455  360.22  652.489  369.668 2.93263 0.125 77.1211 0
147.626  273.565  515.544  309.042 18.2048 0.125 66.6056 0
341.604  301.123  464.506  310.424 3.39017 0.125 45.6995 0
