166
84.0167  118.484  82.5386  164.501 1.90266 0.125 65.1305 0
275.191  779.574  270.396  759.525 1.39563 0.125 11.8482 0
254.45  469.49  257.383  454.477 1.74848 0.125 10.042 0
83.3582  102.44  82.7186  114.512 1.89139 0.125 5.97339 0
264.82  415.353  268.513  398.286 2.24634 0.125 8.38105 0
68.3147  305.488  63.6262  379.508 2.42508 0.125 134.517 0
249.818  614.539  251.192  603.462 1.61536 0.125 1.55013 0
62.9298  380.452  58.9416  427.537 2.19437 0.125 77.6121 0
247.595  510.428  248.46  499.497 1.47027 0.125 0.108034 0
208.618  513.505  209.253  498.532 1.38015 0.125 6.42966 0
179.739  790.849  177.501  798.782 3.03543 0.125 5.08724 0
270.278  396.474  273.968  365.437 1.91661 0.125 38.9409 0
195.685  651.406  197.173  638.462 1.87265 0.125 8.23584 0
215.987  446.412  214.64  469.508 2.52911 0.125 28.9949 0
59.5532  443.498  60.4079  463.547 2.99728 0.125 35.7782 0
290.554  182.446  291.702  162.454 2.62741 0.125 26.589 0
214.948  470.439  212.382  493.487 1.87509 0.125 15.9723 0
204.5  621.5  204.5  603.5 1 0.125 1.91421 0
207.659  624.515  208.037  645.526 1.94566 0.125 21.1084 0
207.5  567.5  207.5  546.5 1 0.125 4.62348 0
156.607  692.453  161.836  704.352 1.13741 0.03125 8.8379 0
79.0865  25.515  80.2098  56.5105 2.7592 0.125 15.0534 0
68.5508  747.135  106.511  752.421 2.20645 0.125 50.0642 0
304.845  33.5278  306.145  17.3908 2.39498 0.125 9.98151 0
81.0925  85.4421  82.6598  101.484 1.89329 0.125 4.8643 0
226.164  794.713  231.147  798.918 3.17658 0.0625 0.380078 0
10.152  64.5144  9.81929  56.4868 1.33044 0.125 0.108034 0
135.387  640.544  142.098  657.658 1.62447 0.125 9.26472 0
7.21133  255.99  20.3615  263.735 1.52246 0.125 3.1603 0
183.739  719.751  188.293  733.568 3.19423 0.125 16.7823 0
299.808  84.4822  300.244  67.4934 2.15329 0.125 16.3637 0
59.5899  427.499  59.7601  442.508 1.13594 0.0625 4.02142 0
215.08  692.967  211.214  688.763 2.26736 0.0625 0.463196 0
163.417  707.536  177.771  740.381 1.64946 0.125 29.8681 0
300.961  61.4256  304.692  34.3885 2.22079 0.125 29.7053 0
211.947  689.157  203.143  681.737 3.05875 0.125 17.2667 0
425.168  489.356  424.067  499.561 3.08996 0.125 9.1425 0
21.2508  264.238  51.5158  274.453 1.96615 0.125 32.7494 0
181.767  357.043  199.533  367.443 1.93637 0.125 17.1751 0
64.5  303.5  64.5  334.5 1 0.125 13.6544 0
418.382  547.47  420.701  538.298 1.45969 0.0625 1.61318 0
208.169  602.515  209.143  623.47 1.85851 0.125 17.5383 0
426.028  512.576  428.013  498.717 2.68894 0.125 12.6064 0
214.248  664.621  220.844  678.334 1.47136 0.125 3.72039 0
1.9305  61.4758  0.97915  44.5292 1.82871 0.125 6.5569 0
147.296  627.188  173.767  694.787 3.20926 0.125 143.251 0
432.282  481.267  436.009  461.789 3.17695 0.125 30.5726 0
194.128  671.875  157.722  635.279 2.954 0.125 114.497 0
189.09  733.66  196.101  751.656 3.00109 0.125 30.9873 0
423.354  525.46  426.589  513.524 1.83117 0.125 5.52657 0
447.745  436.325  458.661  389.305 3.39232 0.125 89.7277 0
38.3177  641.64  0.607013  592.418 1.51704 0.125 49.9418 0
69.9051  506.694  77.6466  530.452 1.67724 0.125 16.0854 0
429.05  478.365  425.973  488.642 1.53158 0.125 1.01112 0
541.457  181.272  566.506  176.534 2.65529 0.125 19.4248 0
436.854  435.355  429.876  466.36 2.34054 0.125 36.347 0
198.033  637.581  195.783  624.625 1.92903 0.125 4.02883 0
423.21  548.215  447.535  438.286 3.21598 0.125 208.337 0
344.677  758.505  345.051  744.461 2.99894 0.125 4.0042 0
560.497  757.719  551.773  768.934 3.06927 0.125 10.9811 0
157.659  635.27  148.617  625.393 2.46175 0.125 12.192 0
205.559  769.446  226.516  792.485 1.00715 0.125 10.4128 0
192.243  649.526  193.674  663.482 1 0.0625 0.463196 0
282.952  285.519  284.372  326.539 2.34087 0.125 58.5572 0
307.551  666.508  312.132  637.442 2.86139 0.125 31.7549 0
445.681  405.55  437.623  434.534 2.62251 0.125 45.3922 0
58.3688  667.606  43.185  648.754 1.25453 0.125 6.5569 0
11.11  562.907  18.1867  552.291 3.05096 0.125 10.8268 0
45.5033  606.546  28.4478  607.777 1.85087 0.125 10.1408 0
426.906  562.069  436.838  554.974 2.67387 0.125 7.40595 0
226.458  640.563  218.617  635.325 2.49797 0.125 1.42771 0
278.657  418.473  280.76  430.628 2.17872 0.125 5.76976 0
23.4018  626.577  2.33363  599.63 1.06001 0.125 11.7388 0
24.2567  542.339  56.0851  494.226 3.01522 0.125 84.4175 0
89.4158  713.569  69.2026  688.742 1.2286 0.125 9.21386 0
110.625  740.399  91.8298  717.232 1.01092 0.125 7.41745 0
18.997  62.4429  17.6267  74.5144 1.76166 0.125 6.42966 0
106.79  555.024  99.1893  544.729 2.12405 0.125 0.182574 0
319.7  428.47  321.969  443.58 2.12633 0.125 13.0822 0
274.513  362.502  276.158  348.46 1.75368 0.125 6.86018 0
320.489  445.796  317.228  456.717 2.10283 0.125 1.42771 0
88.8282  532.784  108.922  580.322 3.08601 0.125 69.9756 0
221.436  383.479  221.97  407.49 1.95499 0.125 10.4464 0
441.208  440.439  449.135  402.424 2.81617 0.125 27.6248 0
284.924  434.393  282.874  445.383 1.90003 0.125 2.43315 0
412.316  569.117  419.565  565.636 2.24016 0.0625 1.11411 0
90.3681  796.596  77.3325  778.621 1 0.125 2.43315 0
410.683  250.601  398.594  272.552 1.89151 0.125 15.9358 0
572.463  795.949  553.509  794.387 2.4147 0.125 1.07757 0
286.262  527.221  283.013  541.616 2.80117 0.125 0.101818 0
339.998  711.461  338.677  694.486 1.91639 0.125 7.40595 0
114.366  561.791  108.438  554.55 2.95484 0.125 3.1796 0
197.512  699.489  191.448  692.546 2.06883 0.03125 5.20448 0
278.194  563.435  275.83  574.57 1.95641 0.125 4.20178 0
330.046  368.625  334.222  350.436 2.33184 0.125 10.2873 0
301.979  11.5454  302.843  2.43765 3.08104 0.125 3.1796 0
339.385  737.517  342.23  756.54 1.72853 0.125 5.78041 0
82.719  439.459  79.5433  422.492 1.47176 0.125 5.97339 0
411.906  546.508  411.681  558.503 2.94304 0.125 8.29566 0
587.242  354.876  549.149  370.653 3.32277 0.125 54.3233 0
548.856  371.386  524.73  381.073 3.17788 0.125 35.5166 0
114.586  406.499  113.688  349.481 2.24364 0.125 45.2297 0
77.9459  82.51  77.6374  65.4794 1.94535 0.125 7.45533 0
10.5458  93.4474  4.16156  87.8887 1.97 0.0625 0.736218 0
23.7202  549.631  13.6154  566.569 2.56172 0.125 7.61537 0
83.9461  428.448  86.9812  454.444 2.2689 0.125 11.2229 0
195.026  781.011  201.761  788.257 1.62011 0.125 0.108034 0
133.524  164.459  152.528  175.452 2.13877 0.125 5.54563 0
59.0763  496.883  46.9437  515.13 2.78158 0.125 15.4348 0
538.341  379.128  574.541  363.596 2.10191 0.125 17.0724 0
297.331  262.522  296.882  238.512 1.98095 0.125 16.7823 0
46.6403  515.594  32.2563  537.008 2.50291 0.125 15.8867 0
141.408  385.569  131.085  371.811 2.39954 0.125 9.32668 0
270.387  422.496  270.781  412.472 2.31278 0.125 3.98429 0
117.591  468.495  115.787  434.485 1.63424 0.125 27.2501 0
314.568  651.51  309.034  689.432 2.12345 0.125 17.9888 0
180.978  95.5092  180.691  110.504 1.21045 0.125 2.8173 0
289.749  344.551  287.509  355.502 2.53819 0.125 2.45711 0
113.333  344.504  112.632  317.471 2.07714 0.125 26.3785 0
523.158  391.419  516.941  417.605 2.78591 0.125 31.3261 0
82.5386  685.163  71.455  683.893 2.67015 0.125 9.52392 0
86.1788  456.5  86.1709  487.5 1.00637 0.125 13.6544 0
96.5384  694.201  77.468  691.749 2.74896 0.125 22.8982 0
17.8598  33.4672  16.938  51.4712 2.40646 0.125 13.4039 0
257.778  747.418  261.9  761.382 2.2013 0.125 1.99536 0
121.556  177.646  123.488  163.636 2.42546 0.125 0.888717 0
89.0555  470.519  88.3588  454.506 1.25985 0.125 4.62348 0
335.835  367.338  334.347  373.463 1.91566 0.0625 0.409064 0
516.784  419.32  501.681  479.545 2.69376 0.125 68.4528 0
98.3648  713.151  110.466  715.664 2.77155 0.125 3.0083 0
271.603  409.556  272.16  398.533 1.99745 0.125 3.31706 0
298.689  757.404  303.277  718.592 2.27485 0.125 30.6167 0
374.169  302.226  378.635  280.528 2.67962 0.125 11.2229 0
18.0749  18.486  17.7771  27.5091 2.96538 0.125 2.27789 0
298.694  711.538  296.521  722.504 1.57322 0.125 1.01112 0
305.569  683.513  308.283  669.268 2.99385 0.125 2.76539 0
357.422  395.583  358.247  386.477 2.08202 0.125 3.72039 0
449.988  454.349  444.635  472.54 2.87796 0.125 8.16381 0
264.004  798.576  262.617  789.482 1.67562 0.125 0.108034 0
367.157  344.425  371.788  323.344 2.26394 0.125 11.4325 0
109.525  710.162  91.4771  708.804 2.66973 0.125 9.63524 0
17.5307  551.521  23.5953  542.565 3.04477 0.125 1.42275 0
258.881  525.456  257.395  512.512 1.87286 0.125 4.20178 0
93.5482  610.095  83.5705  608.908 2.34045 0.125 2.2932 0
178.004  108.495  178.115  96.4965 1.09188 0.125 0.108034 0
454.646  430.531  450.439  450.487 3.19472 0.125 13.2898 0
341.995  236.475  342.579  224.504 1.24279 0.0625 0.463196 0
335.312  671.583  333.842  650.476 2.92327 0.125 7.43261 0
598.26  317.881  575.57  326.68 1.82587 0.125 10.1529 0
115.323  424.501  115.225  407.496 1.06372 0.125 1.01112 0
113.457  715.184  129.458  716.181 1.56105 0.125 1.42771 0
443.45  480.341  440.711  498.38 2.06533 0.125 0.672749 0
295.476  786.498  297.458  760.497 1.37722 0.125 15.7549 0
212.59  494.503  208.992  601.517 2.4943 0.125 183.944 0
249.547  571.486  250.228  523.482 2.94292 0.125 83.4453 0
219.316  415.386  207.227  540.377 2.66949 0.125 105.674 0
174.103  695.659  203.462  768.916 2.97247 0.125 129.84 0
251.911  602.518  248.498  489.53 2.27082 0.125 95.5943 0
281.192  792.986  238.553  652.748 13.3146 0.125 180.65 0
352.429  231.479  340.518  271.505 2.48737 0.125 3.04912 0
64.5727  480.487  69.3195  507.176 3.36995 0.125 40.1417 0
60.1851  465.061  151.632  679.444 4.04567 0.125 143.733 0
62.9807  281.386  68.4489  304.512 2.071 0.125 24.1999 0
420.677  537.536  440.053  442.613 4.17779 0.125 146.995 0
240.446  752.516  254.29  798.563 3.47403 0.125 62.4223 0
261.657  444.731  309.144  0.461965 5.60675 0.125 710.42 0
