232
398.508  406.657  384.444  407.34 1.75506 0.125 10.9451 0
321.502  407.456  222.491  403.73 2.57867 0.125 166.989 0
363.505  384.293  251.492  381.847 2.69368 0.125 200.703 0
456.509  246.509  463.551  239.552 2.15154 0.125 0.563807 0
221.513  403.331  165.456  399.087 2.46299 0.125 92.2534 0
302.557  140.367  290.478  141.155 1.99576 0.125 8.23584 0
126.443  441.976  140.599  443.679 3.09794 0.125 15.9279 0
152.844  249.225  158.221  236.383 2.53096 0.125 6.61688 0
128.662  308.671  135.741  343.451 2.5929 0.125 40.6576 0
296.5  457.631  390.501  457.706 3.04234 0.125 241.233 0
552.598  323.52  554.661  313.533 1.58633 0.125 0.108034 0
459.473  452.27  489.535  448.803 3.28627 0.125 64.7214 0
168.392  295.135  138.574  290.066 1.74526 0.125 31.7162 0
319.526  375.788  330.511  376.187 1.36272 0.125 2.8173 0
535.212  298.456  540.093  266.438 1.84468 0.125 37.2125 0
115.595  324.589  114.695  315.481 2.38323 0.125 3.31706 0
184.452  182.973  284.478  179.804 2.60452 0.125 182.072 0
0.492556  197.974  20.5027  197.691 2.09891 0.125 22.6853 0
327.503  140.845  306.499  140.751 1.08535 0.125 4.62348 0
512.676  378.857  497.434  386.366 2.27545 0.125 9.96236 0
118.866  473.604  115.907  455.597 1.98746 0.125 9.10874 0
408.502  402.71  433.5  402.496 1.08582 0.125 6.42966 0
300.7  367.504  300.967  352.491 2.14171 0.125 11.3022 0
318.298  352.507  318.936  370.485 1.07024 0.125 1.91421 0
384.322  155.542  381.675  144.458 1.43732 0.125 1.01112 0
21.4847  195.148  3.49553  194.981 3.01847 0.125 5.02665 0
27.6092  203.561  90.572  210.88 2.07859 0.125 82.9487 0
321.984  370.53  323.032  353.471 1.99623 0.125 16.3637 0
114.476  438.578  125.63  442.088 1.50094 0.125 0.668085 0
135.417  382.744  118.344  376.961 2.52066 0.125 18.5634 0
501.317  447.112  511.808  442.151 1.90611 0.125 1.42765 0
492.418  292.952  478.433  295.052 1.7791 0.125 7.33275 0
335.499  169.646  367.505  169.967 1.26023 0.125 22.6853 0
284.501  140.928  270.501  140.902 1.02414 0.0625 1.61318 0
373.512  173.689  365.481  174.187 2.3059 0.125 0.108034 0
234.597  339.142  246.536  339.996 3.0637 0.125 17.2667 0
325.507  166.006  314.495  165.86 2.01303 0.125 4.20178 0
181.53  337.022  158.495  335.577 1.80819 0.125 22.6853 0
408.489  174.274  395.471  174.924 1.94764 0.0625 6.04682 0
283.498  457.578  295.513  457.812 1.19455 0.03125 0.245595 0
105.114  370.602  111.219  393.575 1.93292 0.125 17.6988 0
376.452  342.002  391.504  340.541 2.8601 0.125 15.1105 0
490.469  311.628  423.553  313.995 2.8824 0.125 121.842 0
408.122  341.216  399.603  352.577 2.00039 0.125 8.63548 0
247.469  174.284  224.505  173.368 1.99841 0.125 13.4039 0
445.507  375.776  426.47  376.225 1.92874 0.125 16.2936 0
163.36  241.434  156.084  256.777 1.8536 0.125 10.1408 0
308.527  166.222  293.473  164.788 2.27546 0.125 16.3637 0
571.577  262.241  585.804  266.481 1.5484 0.125 2.2932 0
593.166  284.41  590.434  294.482 2.89538 0.125 10.4128 0
590.64  295.327  588.397  306.479 3.13826 0.125 11.7388 0
270.544  206.376  257.526  207.024 2.14678 0.125 10.9451 0
367.185  359.479  365.73  381.515 1.86389 0.125 24.4915 0
30.521  222.911  18.5088  223.09 2.42542 0.125 1.42771 0
594.62  275.298  593.111  281.87 3.06828 0.125 1.55013 0
275.517  342.65  294.509  343.035 1.38469 0.125 11.8482 0
519.512  403.536  519.289  397.471 2.21885 0.125 1.01112 0
201.465  311.131  130.517  307.197 2.93633 0.125 117.659 0
186.028  754.615  183.642  765.531 2.16743 0.125 1.42771 0
253.5  402.5  279.5  402.5 1 0.125 9.13893 0
330.479  380.209  281.492  378.755 2.17715 0.125 69.5177 0
332.499  343.981  362.499  343.951 2.00716 0.125 38.9409 0
28.4353  147.527  28.9266  130.483 1.97036 0.125 13.9727 0
13.5076  202.84  0.502361  202.914 2.02277 0.125 8.23584 0
359.572  380.986  345.566  379.03 1.84246 0.125 2.27789 0
260.5  339.5  288.5  339.5 1 0.125 10.9451 0
520.359  346.574  519.506  333.5 1.80035 0.125 5.97339 0
273.511  378.795  264.486  379.13 1.25901 0.125 0.108034 0
129.931  206.753  141.29  187.377 2.37991 0.125 19.3495 0
250.56  167.1  231.45  169.001 2.881 0.125 33.6296 0
559.492  435.525  546.465  431.616 1.82001 0.125 1.42771 0
15.617  311.242  44.1811  324.203 2.81619 0.125 24.0862 0
309.569  174.43  289.459  173.133 2.22099 0.125 23.7884 0
529.446  509.994  500.356  506.817 3.10788 0.125 43.973 0
411.501  302.477  396.436  301.604 2.1124 0.125 9.26472 0
40.7256  560.852  32.3267  566.229 1.61751 0.125 0.108034 0
598.525  516.252  562.482  512.686 3.00656 0.125 50.8847 0
0.483625  329.51  12.4969  329.311 2.14859 0.125 11.8482 0
135.324  284.436  141.669  266.924 2.38439 0.125 5.54563 0
364.496  172.295  321.511  173.09 1.24029 0.125 34.4255 0
553.811  255.458  553.378  262.554 2.36199 0.125 1.55013 0
17.4226  591.343  6.59488  596.692 1.82546 0.125 0.563807 0
342.498  347.793  362.504  347.959 1.14103 0.125 6.42966 0
369.498  572.489  359.412  573.84 1.78792 0.125 0.108034 0
548.557  363.897  541.432  363.221 2.36843 0.125 0.668085 0
561.962  308.586  570.352  263.472 3.22238 0.125 63.1754 0
16.4961  328.693  27.5118  328.916 1.22288 0.03125 5.8276 0
41.4952  324.819  17.5006  324.46 2.02971 0.125 23.0786 0
282.533  160.843  301.535  161.784 1.65154 0.125 7.51526 0
364.517  554.361  384.579  556.866 2.35625 0.125 11.2596 0
367.473  503.028  451.542  498.242 3.28669 0.125 144.679 0
471.52  206.234  482.533  207.056 1.99444 0.125 0.563807 0
236.874  730.283  224.505  726.483 2.06179 0.125 0.670152 0
225.453  392.638  310.433  396.139 3.13923 0.125 165.245 0
15.5509  274.708  0.475826  278.401 1.94254 0.125 7.41745 0
259.5  289.465  358.499  290.57 2.5197 0.125 133.452 0
289.503  423.872  429.517  422.846 3.85344 0.125 242.059 0
16.4869  324.344  0.432073  325.69 2.49447 0.125 15.9723 0
90.5009  216.92  68.4989  216.965 1.0425 0.125 5.52657 0
350.089  783.496  350.351  758.498 2.21968 0.125 13.7112 0
430.46  421.781  456.491  420.333 2.9398 0.125 55.1965 0
507.424  336.508  505.477  317.605 1.91685 0.125 6.72138 0
558.468  573.224  584.55  574.362 3.56349 0.125 26.4025 0
68.3961  501.338  76.5987  500.604 2.84431 0.125 3.1603 0
164.18  478.353  170.173  465.349 2.16385 0.125 0.398689 0
176.662  197.575  181.752  186.617 2.65648 0.125 0.635488 0
247.5  378.5  247.5  359.5 1 0.125 2.8173 0
309.5  396.468  391.502  396.26 2.99999 0.125 193.725 0
151.52  196.47  161.764  203.092 1.38269 0.03125 0.453541 0
374.351  724.466  405.534  729.28 3.19711 0.125 38.2258 0
457.458  420.044  490.543  416.966 3.07973 0.125 63.5441 0
146.307  412.409  224.617  420.341 3.46288 0.125 154.17 0
411.396  323.484  408.722  340.535 1.60772 0.125 9.52392 0
500.495  549.403  484.434  550.268 2.67301 0.125 15.1105 0
421.532  558.244  432.608  559.638 2.23403 0.125 4.02883 0
28.4879  328.384  58.4952  328.058 3.14112 0.125 33.0358 0
361.499  290.454  431.555  288.324 3.29923 0.125 83.826 0
245.528  732.195  238.495  731.558 2.44287 0.125 0.108034 0
507.651  296.424  501.622  284.439 1.68002 0.125 0.57978 0
189.456  285.148  258.481  289.788 3.40384 0.125 85.363 0
225.509  420.298  288.52  423.041 2.95239 0.125 150.516 0
558.72  262.54  561.088  249.608 2.32742 0.125 6.5569 0
106.829  438.853  78.383  465.375 2.81568 0.125 56.6775 0
324.499  303.74  303.499  303.646 1.06705 0.125 3.72039 0
328.486  502.345  356.511  502.808 2.29662 0.125 44.2346 0
395.505  300.869  377.495  301.124 1.2129 0.125 15.4606 0
585.387  574.577  598.557  575.954 3.0877 0.125 15.1105 0
414.565  183.238  426.569  186.224 1.45328 0.125 1.01112 0
453.494  597.55  435.534  595.235 2.87851 0.125 8.12877 0
504.426  485.209  499.466  503.491 3.05965 0.125 10.454 0
109.886  400.523  109.103  413.536 2.17656 0.125 11.8482 0
111.361  394.353  118.195  403.477 3.20438 0.125 13.6527 0
67.3783  379.266  57.054  384.644 2.27273 0.125 3.98429 0
491.489  416.469  500.452  413.363 1.59984 0.0625 2.8173 0
466.751  132.519  465.868  144.453 2.36318 0.125 8.63548 0
562.69  239.532  567.802  209.382 2.12196 0.125 32.3088 0
595.455  539.61  580.544  540.369 2.69109 0.125 9.10874 0
39.4959  511.488  51.124  507.424 1.97962 0.125 0.57978 0
452.368  499.294  462.421  500.971 2.63084 0.125 0.182574 0
144.445  297.456  188.53  299.982 2.85464 0.125 45.2297 0
118.511  403.479  127.645  408.221 2.73069 0.125 5.69779 0
332.872  747.465  318.564  742.322 2.55862 0.125 4.81925 0
8.17972  246.679  6.25657  232.533 2.43383 0.125 3.60558 0
238.494  498.599  278.523  501.146 2.23195 0.125 47.5148 0
516.926  438.596  508.858  474.355 2.83127 0.125 32.3312 0
342.733  686.412  345.077  692.659 2.92655 0.125 0.668085 0
396.615  704.285  388.496  705.472 2.0015 0.125 0.108034 0
172.363  281.055  185.547  284.309 2.18134 0.125 1.63274 0
436.502  202.116  421.497  202.033 2.03319 0.125 6.5569 0
90.529  256.219  112.501  258.495 1 0.125 5.52657 0
174.403  392.307  206.539  396.176 2.50034 0.125 26.6102 0
243.489  491.743  314.48  494.952 1.99796 0.125 62.7138 0
279.481  501.055  328.527  502.705 2.57037 0.125 66.0658 0
452.648  141.49  453.66  156.489 1.03619 0.125 0.108034 0
102.491  358.482  85.6697  366.841 2.69757 0.125 8.12877 0
197.539  547.662  178.487  546.766 1.95076 0.125 9.13775 0
469.283  145.569  470.785  128.437 1.63926 0.125 4.89868 0
437.489  315.736  462.498  315.39 1 0.125 4.02883 0
128.308  408.36  147.681  412.69 3.05367 0.125 23.6051 0
73.5071  323.646  60.4892  324.278 2.23986 0.125 9.13893 0
166.538  490.184  237.467  498.776 2.82988 0.125 65.797 0
138.459  488.711  149.435  490.836 2.5337 0.125 0.811332 0
464.5  314.5  481.5  314.5 1 0.125 1.01112 0
89.5412  323.95  76.4647  322.971 1.24831 0.125 0.108034 0
469.385  300.987  482.618  298.026 2.92761 0.125 12.5219 0
317.465  492.273  242.483  488.87 2.09002 0.125 62.4787 0
551.461  563.626  562.616  567.13 2.61732 0.125 1.79958 0
572.67  203.528  567.354  235.476 2.30416 0.125 23.8182 0
578.631  197.534  575.544  209.511 3.15464 0.125 9.21386 0
563.492  793.519  573.443  797.637 2.93104 0.125 0.635488 0
382.5  392.505  225.497  388.62 3.14156 0.125 185.076 0
361.5  346.5  342.5  346.5 1 0.125 2.8173 0
471.071  501.356  466.935  513.646 2.24151 0.125 6.55695 0
546.418  593.215  558.488  594.601 1.82928 0.125 1.55013 0
269.534  733.865  256.464  733.161 2.26617 0.125 0.635488 0
455.904  158.53  455.033  141.473 1.28411 0.125 4.62348 0
521.969  176.534  519.167  215.548 1.642 0.125 13.7973 0
456.169  661.456  466.644  665.083 2.16207 0.125 1.42765 0
86.84  363.056  98.6893  355.81 2.22795 0.125 5.7097 0
290.522  400.147  259.518  398.218 2.05825 0.125 24.4975 0
560.029  224.472  559.913  230.489 3.01869 0.125 2.8173 0
578.418  231.482  582.307  213.458 2.58775 0.125 14.3109 0
67.4816  224.662  83.502  226.482 1.89673 0.125 3.28424 0
175.493  312.684  202.49  313.742 1.15592 0.125 10.4128 0
345.52  555.831  337.489  556.319 3.11579 0.0625 2.00187 0
219.505  397.448  247.539  400.086 1.71017 0.125 9.22925 0
406.553  323.876  325.52  327.013 2.92675 0.125 126.482 0
413.5  316.5  434.5  316.5 1 0.125 4.62348 0
267.454  324.91  252.42  323.21 0.925306 0.0625 0.463196 0
428.453  186.611  442.513  187.201 1.91436 0.125 6.64198 0
489.535  398.682  480.487  400.433 1.77362 0.03125 3.03367 0
513.245  423.475  515.134  404.464 1.29166 0.125 3.1603 0
568.681  178.543  565.124  193.41 2.45224 0.125 1.43273 0
288.525  326.018  268.476  324.962 2.68091 0.125 25.5075 0
504.394  393.27  497.479  396.455 2.30675 0.03125 0.997046 0
529.439  207.491  526.746  225.537 1.28418 0.125 1.42771 0
235.426  322.618  211.531  321.036 2.32603 0.125 12.0479 0
240.454  206.158  226.523  205.179 2.20522 0.125 2.45711 0
93.4142  250.973  105.422  249.02 1.65297 0.125 3.72039 0
118.598  385.431  112.854  377.251 2.54238 0.125 0.670152 0
564.27  211.46  562.15  223.613 2.01638 0.125 1.50405 0
463.513  317.625  412.426  322.767 2.21623 0.125 46.4984 0
219.646  543.986  206.562  540.279 1.65898 0.125 1.42765 0
133.725  391.877  119.424  386.71 1.7782 0.125 1.50405 0
203.612  319.677  175.452  315.855 2.60493 0.125 17.1572 0
240.5  353.84  227.5  353.823 2 0.125 3.13013 0
406.5  315.482  207.502  312.392 3.60217 0.125 421.854 0
182.478  450.836  282.505  457.427 4.09216 0.125 206.283 0
180.541  462.969  278.499  470.512 2.21814 0.125 117.225 0
287.494  183.129  406.477  181.138 4.08716 0.125 196.695 0
141.469  444.768  181.621  449.464 3.45588 0.125 79.8262 0
251.494  345.832  333.483  347.406 1.8826 0.125 77.6444 0
290.498  169.075  335.502  168.872 2.08146 0.125 67.1812 0
46.5309  259.211  94.5182  264.329 2.05498 0.125 58.1405 0
281.5  403.583  400.5  403.728 1.10244 0.125 64.5813 0
321.514  340.008  375.527  341.546 2.11304 0.125 53.0536 0
431.47  303.138  468.46  300.023 2.33937 0.125 47.0144 0
347.021  644.436  343.579  723.46 3.65367 0.125 58.387 0
137.51  350.497  148.449  388.8 3.5742 0.125 42.159 0
5.44236  281.058  70.6384  272.562 2.80914 0.125 26.274 0
279.493  470.476  407.493  471.416 2.28556 0.125 68.4886 0
578.836  211.892  570.447  240.484 3.95311 0.125 9.60376 0
388.741  458.182  500.647  448.137 4.64903 0.125 183.794 0
415.513  555.047  350.539  553.15 3.40718 0.125 10.6864 0
25.5147  256.356  271.199  281.446 9.563 0.125 0.522521 0
100.496  221.029  131.494  221.26 3.12653 0.125 11.2912 0
501.168  413.246  515.948  400 3.33695 0.125 13.0438 0
408.267  320.161  25.8426  295.835 26.9839 0.0625 418.387 0
352.425  303.527  93.4354  297.106 4.87437 0.125 69.98 0
395.49  304.166  265.503  302.267 3.02279 0.125 92.0488 0
469.556  404.427  326.474  408.594 3.02268 0.125 272.888 0
55.9773  322.725  15.5161  305.462 3.64202 0.125 56.6687 0
