271
484.851  267.335  481.833  297.433 2.48624 0.125 43.8983 0
88.4986  344.896  121.501  344.82 1.07136 0.125 14.5575 0
197.588  343.54  208.155  320.343 1.8102 0.125 19.4289 0
193.503  339.065  164.505  338.844 2.0911 0.125 37.1347 0
534.909  286.424  539.278  252.471 2.33733 0.125 38.0238 0
361.491  424.19  376.477  423.734 1.30331 0.125 2.2932 0
23.4835  293.503  19.4101  272.325 1.92638 0.125 11.723 0
279.496  497.341  370.517  495.209 2.17186 0.125 109.223 0
230.275  350.468  231.833  339.406 1.54811 0.125 0.108034 0
214.5  399.755  244.5  399.74 1.01473 0.125 11.8482 0
386.5  420.514  364.501  420.656 1.0451 0.125 4.62348 0
470.5  333.503  494.51  333.927 2.10551 0.125 17.6648 0
445.113  264.469  444.06  277.464 1.83182 0.125 7.33275 0
476.494  383.09  491.505  382.884 2.12337 0.125 12.7513 0
180.5  310.838  155.5  310.822 1.01572 0.125 7.33275 0
409.112  233.469  408.3  243.564 1.83332 0.125 2.8173 0
299.497  477.961  337.501  477.78 1.16647 0.125 22.474 0
295.531  203.038  254.516  200.259 2.01167 0.125 56.9471 0
385.482  276.073  395.506  275.655 2.29009 0.125 2.8173 0
266.499  385.844  249.499  385.883 1.034 0.125 0.108034 0
532.438  301.487  534.655  290.531 1.57528 0.125 1.01112 0
342.499  384.342  312.501  384.625 2.11307 0.125 39.5034 0
209.011  358.374  216.008  331.117 2.33066 0.125 27.8311 0
220.552  197.73  197.522  196.177 1.72619 0.125 15.4127 0
373.483  317.798  380.503  317.628 2.09655 0.0625 0.463196 0
301.557  204.445  389.517  209.194 2.96742 0.125 180.664 0
374.424  383.031  344.452  384.58 2.84122 0.125 63.3243 0
467.246  282.473  465.736  296.417 1.77294 0.125 5.97339 0
54.4821  349.115  63.5091  348.695 1.37071 0.0625 0.463196 0
233.499  428.04  248.502  428.065 2.01878 0.125 7.41745 0
126.507  303.95  100.498  303.634 1.29156 0.125 16.3637 0
88.5145  327.333  102.582  328.551 1.73376 0.125 5.52657 0
414.139  279.475  417.815  227.452 2.56964 0.125 70.2683 0
275.479  363.411  288.678  360.242 2.21659 0.125 4.8643 0
336.501  474.979  305.501  475.028 1.04905 0.125 26.1641 0
232.467  315.414  244.524  315.851 2.2524 0.125 11.8482 0
250.481  384.935  218.45  385.996 2.4688 0.125 29.1604 0
297.637  256.518  298.968  246.563 2.44356 0.125 6.42966 0
194.467  353.915  198.511  344.505 2.61995 0.125 3.98429 0
316.021  239.482  315.065  264.483 1.92215 0.125 29.0069 0
333.475  263.35  352.613  260.182 2.14324 0.125 18.9395 0
395.516  204.844  383.541  205.395 2.22782 0.125 6.42966 0
400.756  274.52  402.111  257.549 1.99365 0.125 16.3637 0
366.542  272.206  349.483  273.213 2.23228 0.125 20.8791 0
364.456  160.942  382.501  159.515 2.5457 0.125 20.4514 0
88.472  508.224  111.539  505.88 1.90472 0.125 20.7059 0
318.493  271.658  298.49  270.718 1.90397 0.125 16.6464 0
298.592  219.508  299.738  206.433 2.90122 0.125 12.5312 0
298.658  248.489  299.02  221.494 1.32198 0.125 21.7822 0
500.54  369.005  510.555  369.813 1.33273 0.0625 0.409064 0
337.567  250.736  326.563  249.777 1.73221 0.125 1.91421 0
376.498  161.827  385.503  161.876 1.04922 0.015625 0.0172746 0
395.471  366.221  409.422  364.754 1.6752 0.125 2.2932 0
312.486  384.625  265.498  385.39 1.96717 0.125 69.646 0
327.545  201.54  317.477  201.973 2.25556 0.125 5.52657 0
366.498  264.733  378.507  264.856 2.07138 0.125 2.2932 0
48.4757  414.914  86.5347  413.336 2.8272 0.125 67.6728 0
320.468  398.287  335.483  398.906 1.8748 0.125 3.13013 0
444.51  281.861  454.508  282.019 1.12639 0.0625 4.02142 0
133.487  439.098  146.474  438.68 2.09545 0.125 1.50405 0
484.381  312.672  506.459  314.909 2.40622 0.125 22.7907 0
91.5579  446.106  66.4053  448.51 2.75202 0.125 36.5081 0
183.534  143.042  193.553  143.784 3.5086 0.125 11.3022 0
103.541  327.685  116.508  328.336 2.94601 0.125 9.96236 0
233.498  337.92  254.497  337.833 1.08266 0.125 3.72039 0
120.515  404.973  134.501  404.516 1.93362 0.125 5.76976 0
323.494  232.778  337.509  233.083 1.26065 0.125 6.42966 0
355.498  202.409  337.484  202.857 2.09892 0.125 10.8268 0
417.515  392.397  385.507  392.93 2.21625 0.125 26.7083 0
511.521  366.075  496.508  365.335 1.63861 0.125 1.42765 0
386.513  162.905  399.531  162.495 2.03054 0.125 3.13013 0
157.166  391.235  149.597  400.784 1.86351 0.125 0.57978 0
159.832  402.673  166.239  390.364 1.49483 0.125 2.8173 0
56.0479  285.505  55.8974  272.507 2.04616 0.125 6.86018 0
217.499  490.823  246.502  490.924 2.04878 0.125 36.3166 0
567.465  402.723  550.571  400.052 1.87 0.125 4.02089 0
38.5014  412.704  15.4957  412.857 2.97992 0.125 27.1594 0
127.494  320.65  107.523  319.888 1.84588 0.125 10.8723 0
321.543  156.556  337.555  157.29 2.95107 0.125 20.4514 0
66.4831  496.351  41.5128  495.854 2.11889 0.125 24.2437 0
163.514  141.939  183.477  142.431 3.36833 0.125 32.1869 0
275.511  317.786  262.454  318.277 2.29888 0.125 10.042 0
424.525  166.253  447.591  168.613 2.27199 0.125 23.6525 0
442.483  438.462  453.497  438.658 2.10663 0.125 5.76976 0
156.434  371.291  167.51  370.683 1.8874 0.125 3.31706 0
206.171  376.446  208.957  359.411 2.11678 0.125 14.5324 0
367.497  492.369  324.499  493.45 1.50237 0.125 42.5533 0
32.4707  505.776  78.4924  506.832 2.50429 0.125 61.8172 0
398.853  250.519  398.258  261.541 2.05103 0.125 6.42966 0
398.481  164.543  410.513  164.761 2.1632 0.125 2.34059 0
491.529  398.089  477.513  398.77 3.48188 0.125 7.42286 0
120.5  115.491  132.483  115.949 1.61312 0.125 1.91421 0
485.724  227.533  487.044  218.434 1.69218 0.125 1.01112 0
118.245  454.863  114.519  462.509 3.15753 0.125 3.98429 0
247.461  149.693  260.538  152.308 1.37287 0.125 1.91421 0
571.567  52.315  569.584  62.3184 1.77619 0.125 1.01112 0
43.5927  421.216  25.5074  423.557 2.62528 0.125 11.4325 0
33.4998  426.772  45.5007  426.783 1.01001 0.03125 1.71607 0
324.812  354.324  328.121  341.403 2.6817 0.125 10.8723 0
388.815  129.531  387.921  138.542 2.38512 0.125 5.52657 0
127.533  453.771  119.486  453.981 3.07718 0.125 4.89868 0
114.612  463.563  106.967  477.201 1.63888 0.125 8.23584 0
63.4958  447.456  13.472  452.205 3.22606 0.125 80.807 0
127.531  448.391  137.838  451.305 3.28512 0.125 0.388219 0
167.452  432.196  155.434  434.079 3.11864 0.125 4.02632 0
255.483  322.217  240.538  323.123 1.87536 0.125 8.23584 0
582.525  374.169  598.51  375.363 1.69664 0.125 2.27789 0
159.604  505.073  174.301  502.403 2.05769 0.125 4.02089 0
394.853  293.496  394.694  280.51 2.06117 0.125 7.33275 0
470.279  365.146  461.611  362.177 2.51411 0.125 1.42765 0
169.071  450.571  171.942  427.431 2.61495 0.125 23.7415 0
198.499  144.709  208.502  144.692 3.01015 0.125 14.5575 0
266.543  372.948  242.476  375.249 3.03798 0.125 25.7459 0
407.459  126.048  423.507  124.581 2.53242 0.125 7.6803 0
576.576  263.503  576.091  275.524 2.28065 0.125 4.8643 0
369.51  321.263  346.509  320.293 2.36544 0.125 29.5612 0
248.313  489.568  242.825  474.383 2.14153 0.125 10.8723 0
296.472  154.847  302.547  154.582 3.12758 0.125 1.91421 0
581.554  227.523  577.21  237.8 2.37402 0.125 3.13013 0
123.904  289.596  121.781  276.455 2.13389 0.125 5.69779 0
171.54  403.797  162.436  405.026 1.52605 0.125 0.108034 0
281.499  153.785  297.496  153.835 3.01541 0.125 24.6822 0
315.435  336.355  288.465  337.876 2.61595 0.125 35.5469 0
402.418  369.854  413.49  369.3 3.24604 0.125 10.0068 0
488.488  365.068  470.518  364.678 2.1082 0.125 11.8953 0
597.744  777.503  597.461  798.513 2.25578 0.125 22.7393 0
583.545  242.837  594.486  241.391 2.44997 0.125 1.50405 0
196.594  195.429  185.503  194.461 2.64078 0.125 1.79958 0
213.226  112.526  214.341  124.515 1.89875 0.125 4.20178 0
342.455  122.098  328.459  121.055 2.14304 0.125 7.51526 0
456.443  232.151  462.571  232.688 2.42879 0.125 1.01112 0
248.5  381.5  232.5  381.5 1 0.125 0.108034 0
288.526  168.475  319.481  169.248 2.92416 0.125 62.3353 0
300.929  456.536  300.181  444.52 1.56116 0.125 1.01112 0
152.441  140.834  163.62  142.824 1.68543 0.125 1.91421 0
61.4223  451.873  74.4807  454.593 1.99837 0.125 3.98429 0
88.523  456.735  114.373  454.201 3.20057 0.125 25.0173 0
382.529  136.018  364.534  134.938 2.17606 0.125 13.4748 0
386.599  387.12  375.567  384.242 1.72497 0.125 0.668085 0
96.4997  383.496  110.505  382.568 1.52649 0.125 3.72039 0
97.5052  307.716  126.489  307.026 3.14208 0.125 39.7641 0
236.5  109.513  254.462  109.971 2.35673 0.125 13.3898 0
471.582  214.962  444.499  213.521 3.42081 0.125 33.212 0
479.457  401.854  488.565  402.973 2.47293 0.125 6.42966 0
107.496  447.661  98.4757  447.423 3.18357 0.125 10.042 0
325.5  381.5  282.5  381.5 1 0.125 24.4915 0
54.4905  362.776  63.5142  363.086 1.67049 0.125 0.668085 0
304.488  343.669  290.489  342.651 2.13974 0.125 9.52392 0
339.57  325.133  327.499  324.517 3.14902 0.125 15.2144 0
381.493  423.19  390.511  422.993 1.17469 0.0625 2.8173 0
407.919  295.353  410.126  286.659 1.92377 0.125 1.01112 0
466.841  112.55  465.374  122.481 2.41705 0.125 4.02883 0
26.423  473.984  39.5677  476.074 1.77286 0.125 7.33275 0
329.351  340.975  340.583  337.791 1.78028 0.125 3.31706 0
15.4613  418.252  33.5164  419.18 1.99736 0.125 16.6464 0
40.4916  477.461  61.3939  473.003 3.01283 0.125 26.1757 0
84.5109  377.915  74.4957  377.728 2.09307 0.125 3.72039 0
216.468  146.713  231.577  148.986 1.73255 0.125 5.76976 0
444.437  366.794  457.686  369.632 2.09563 0.125 4.02089 0
89.5045  498.995  72.4969  498.845 1.13285 0.125 5.52657 0
216.512  214.841  198.482  214.525 2.22733 0.125 3.73688 0
334.515  171.269  366.506  173.406 3.5911 0.125 41.5663 0
20.7029  53.2273  29.8471  60.0337 2.38835 0.125 0.182574 0
263.486  130.073  274.507  129.707 1.2656 0.0625 0.736218 0
111.501  378.514  94.4715  380.215 1.8907 0.125 13.0822 0
261.489  217.995  223.486  217.122 2.32103 0.125 39.8214 0
390.496  380.652  418.529  381.378 1.92166 0.125 22.7327 0
80.4785  450.53  87.5172  450.676 3.12455 0.125 3.31706 0
209.275  126.487  210.126  111.479 1.1116 0.125 1.01112 0
444.53  158.328  435.625  156.78 1.94199 0.125 1.91421 0
135.494  580.567  145.591  581.428 3.41397 0.125 11.8953 0
203.983  352.375  201.077  364.398 1.47428 0.0625 1.11411 0
408.976  328.76  414.587  332.364 2.82525 0.125 1.91421 0
57.3265  191.805  48.3817  186.708 3.10162 0.125 2.613 0
64.5461  358.33  46.4907  359.334 2.3299 0.125 15.9723 0
140.527  99.2101  174.604  102.388 2.77549 0.125 24.1251 0
584.488  276.498  586.517  265.322 3.03945 0.125 4.41525 0
367.422  173.34  442.518  180.31 3.27347 0.125 93.0531 0
151.456  544.241  167.504  541.525 2.95794 0.125 7.88154 0
167.5  535.411  154.5  535.365 2.03518 0.125 4.02883 0
252.441  307.693  227.575  309.519 2.28763 0.125 16.313 0
296.542  141.756  287.459  143.251 2.13583 0.125 1.55013 0
435.574  156.979  424.378  158.715 2.36683 0.125 3.13013 0
446.5  279.5  462.5  279.5 1 0.125 0.108034 0
467.791  95.4872  467.87  103.506 3.00974 0.125 9.13893 0
560.523  450.363  546.584  448.005 2.29081 0.125 1.19521 0
203.504  162.676  218.495  162.309 2.17081 0.125 6.61688 0
58.5257  93.3434  48.4681  91.6946 2.29721 0.125 2.2932 0
47.6118  190.383  55.2942  197.716 2.8935 0.125 7.41745 0
126.398  444.866  107.405  447.91 3.39914 0.125 10.0758 0
241.721  369.869  230.54  376.568 2.9211 0.125 0.965818 0
183.541  158.768  202.481  159.831 2.71511 0.125 20.2102 0
245.58  377.996  257.594  379.908 3.4341 0.125 10.8849 0
410.617  152.97  395.474  154.175 2.59392 0.125 9.98151 0
439.514  224.74  426.442  225.513 1.99651 0.125 5.97339 0
46.4923  457.663  60.5083  458.325 3.18555 0.125 18.5634 0
18.1141  35.922  25.9567  43.0941 2.82561 0.125 4.02089 0
0.498024  77.4384  11.4867  77.0857 2.12732 0.125 2.43315 0
8.50131  459.405  30.5109  459.709 2.2346 0.125 27.9726 0
73.5011  380.477  87.5168  381.152 1.33541 0.125 2.43315 0
325.439  116.02  343.543  118.13 3.44293 0.125 19.8818 0
193.491  104.443  209.49  104.588 3.08149 0.125 10.6259 0
410.529  360.231  399.548  359.055 1.66898 0.125 0.668085 0
457.409  181.613  470.404  182.675 2.90855 0.125 19.0729 0
111.471  121.674  91.5155  118.405 2.11833 0.125 4.51227 0
240.53  474.615  222.516  475.094 1.9727 0.125 14.8636 0
240.498  456.154  258.504  456.028 2.07667 0.125 9.96236 0
445.483  85.5154  431.487  85.7616 2.21077 0.125 14.5575 0
67.9815  208.069  61.1244  201.815 2.41191 0.125 0.670152 0
244.518  487.85  222.508  487.227 1.57519 0.125 5.69779 0
142.347  641.174  150.445  637.383 3.14097 0.125 4.84021 0
71.0253  89.9801  78.5356  92.3889 2.85666 0.125 1.42765 0
362.333  637.806  355.034  639.558 3.1946 0.125 0.57978 0
404.43  106.071  425.364  102.666 3.41877 0.125 16.6288 0
447.29  47.2197  453.373  42.6668 2.60318 0.125 0.668085 0
10.5045  423.793  0.491456  423.948 2.07717 0.125 0.563807 0
79.5117  491.759  56.5016  491.396 1 0.125 4.20178 0
70.2459  105.506  70.1762  114.497 2.03093 0.125 1.01112 0
335.561  626.806  324.539  627.323 2.94979 0.125 1.19521 0
369.472  103.271  398.399  99.682 2.23102 0.125 25.2926 0
421.498  219.547  439.552  220.395 2.33922 0.125 19.3228 0
475.365  53.0974  487.659  48.9735 2.22622 0.125 0.811332 0
133.501  210.523  141.533  210.026 3.05607 0.0625 0.933453 0
165.494  130.886  152.495  131.007 2.04657 0.125 3.1603 0
211.575  419.006  200.526  417.329 2.72752 0.125 0.398689 0
111.511  98.3002  101.486  97.7651 1.99716 0.125 0.563807 0
348.49  658.457  361.696  655.328 2.17665 0.125 4.8643 0
432.481  88.9063  444.501  89.4704 1.32706 0.125 1.01112 0
60.5107  81.3787  70.5092  81.2575 2.0847 0.125 2.8173 0
109.357  712.065  105.233  718.324 2.79 0.125 2.43315 0
263.5  312.5  278.5  312.5 1 0.0625 4.02142 0
347.582  133.008  336.553  131.18 1.64606 0.0625 1.11411 0
364.898  326.486  364.644  337.526 3.13723 0.125 10.8723 0
426.238  379.525  426.617  368.47 3.23803 0.125 4.41525 0
555.495  419.423  544.475  420.102 1.30552 0.125 0.108034 0
160.5  328.5  180.5  328.5 1 0.125 3.72039 0
171.326  420.773  174.397  411.466 2.5261 0.0625 0.448113 0
182.52  194.075  168.504  193.416 1.28077 0.125 1.91421 0
207.524  105.768  222.495  104.448 2.98842 0.125 12.5627 0
433.855  312.797  436.129  302.419 3.14449 0.125 5.07047 0
11.5036  455.521  0.482214  457.395 1.99176 0.125 0.57978 0
27.5175  154.683  18.4096  155.554 2.18123 0.125 2.43315 0
294.5  486.809  272.5  486.797 2.00321 0.125 16.9572 0
542.52  501.326  524.529  499.252 2.67397 0.125 14.3109 0
77.4319  122.001  64.4008  120.23 2.838 0.125 11.6736 0
51.4742  146.974  70.4724  148.007 2.10562 0.125 10.0485 0
416.916  429.426  415.255  442.469 1.85771 0.0625 0.933453 0
450.77  202.527  452.397  186.49 3.38841 0.125 11.4948 0
49.4318  117.679  39.3683  113.846 2.58091 0.125 0.182574 0
436.237  269.455  438.607  255.518 1.9717 0.0625 4.15574 0
85.5067  84.3549  103.514  85.188 1.32242 0.125 7.33275 0
70.5  69.5  48.5  69.5 1 0.125 5.52657 0
410.694  212.442  406.028  277.466 2.42427 0.125 59.8433 0
113.496  505.498  132.676  460.575 3.38903 0.125 60.547 0
199.36  397.542  276.545  398.883 11.7998 0.0625 89.941 0
412.493  397.03  463.497  397.707 2.82712 0.125 71.7531 0
324.466  170.708  467.547  164.597 3.93348 0.125 14.8669 0
343.78  123.734  397.562  116.995 4.84155 0.125 17.1401 0
130.324  312.52  345.515  320.084 12.992 0.125 13.7353 0
263.497  314.985  365.5  315.556 1.06154 0.125 84.3399 0
68.7213  345.527  184.542  332.881 4.93599 0.125 13.6689 0
423.532  211.241  356.434  203.037 2.71338 0.125 63.3258 0
434.286  286.466  443.567  227.51 4.65567 0.125 48.6883 0
281.48  398.148  411.495  396.197 4.32975 0.125 301.274 0
86.6447  404.938  40.1638  416.1 7.27694 0.125 17.6643 0
104.491  151.597  522.607  188.277 4.15865 0.125 463.367 0
287.546  430.219  398.475  423.104 4.99267 0.125 46.6433 0
387.555  312.045  283.552  308.113 3.69154 0.125 75.9103 0
108.434  323.09  378.454  310.504 5.25277 0.125 80.857 0
237.642  303.267  434.865  326.006 11.3858 0.125 8.00664 0
46.6324  131.056  598.669  181.652 5.06536 0.125 914.222 0
