214
266.5  193.796  286.5  193.793 1.00248 0.125 2.8173 0
243.363  476.604  221.416  479.951 1.91061 0.125 22.6853 0
70.4724  512.145  32.3918  515.109 2.39374 0.125 54.786 0
156.33  491.52  148.395  492.896 1.49765 0.03125 2.8173 0
187.515  485.586  156.41  490.981 2.39285 0.125 43.8983 0
107.625  496.97  86.5203  495.251 2.0968 0.125 18.703 0
0.470186  205.933  20.4675  204.882 1.89231 0.125 19.0729 0
23.42  523.548  15.4761  524.215 1.49884 0.015625 2.08118 0
108.445  482.085  129.471  479.286 2.04694 0.125 18.9395 0
284.417  432.91  307.524  429.672 1.96195 0.125 26.2976 0
345.556  465.971  284.467  473.22 2.37306 0.125 109.258 0
40.4798  521.37  26.3558  523.577 1.66727 0.125 4.20178 0
147.577  493.293  124.503  495.531 2.11699 0.125 30.8131 0
369.443  568.018  436.569  560.084 3.16908 0.125 121.895 0
390.503  595.022  379.511  594.945 2.04926 0.125 4.62348 0
437.379  559.066  453.521  554.577 1.71058 0.125 11.8482 0
243.285  448.53  241.165  433.547 1.55997 0.125 7.33275 0
335.527  595.46  311.491  594.84 2.25728 0.125 33.5224 0
237.469  435.354  226.338  437.744 1.6075 0.125 1.91421 0
449.424  262.353  467.275  253.067 1.52767 0.125 12.7513 0
385.736  297.925  397.453  291.416 1.65147 0.125 2.43315 0
401.424  293.349  418.613  284.726 2.23905 0.125 10.9811 0
63.5275  660.874  33.4975  659.556 1.86647 0.125 37.1347 0
431.431  445.471  419.418  446.272 1.79586 0.125 4.62348 0
361.511  595.706  342.512  596.727 2.53379 0.125 24.2437 0
265.935  571.61  262.972  556.408 1.55544 0.125 5.97339 0
199.499  441.475  186.482  442.136 1.40452 0.125 2.8173 0
332.531  527.881  306.546  526.581 2.19737 0.125 35.3285 0
218.414  481.723  193.609  484.479 2.2085 0.125 25.7106 0
309.206  338.034  320.24  331.088 1.59824 0.125 2.43315 0
541.735  212.956  584.663  190.816 2.11312 0.125 65.6029 0
222.416  424.756  236.462  423.166 1.76244 0.125 5.08724 0
286.252  467.551  285.515  449.499 1.87605 0.125 17.2667 0
7.45551  549.305  21.6293  546.066 1.67111 0.125 5.97339 0
473.076  412.524  471.852  390.536 1.83015 0.125 22.6853 0
387.431  461.142  379.345  462.69 2.75855 0.125 5.08724 0
500.157  417.522  496.537  361.498 2.02977 0.125 81.5731 0
277.009  457.464  276.279  467.484 1.77659 0.125 1.01112 0
2.18446  522.483  0.752289  465.494 1.97425 0.125 84.8052 0
501.574  207.635  503.026  217.569 1.5681 0.0625 2.8173 0
104.5  198.5  126.5  198.5 1 0.125 5.52657 0
461.25  240.055  444.485  249.474 1.685 0.125 14.5575 0
295.518  548.364  329.581  552.891 2.96708 0.125 59.6317 0
369.445  553.041  425.363  546.352 2.47027 0.125 81.4789 0
463.621  493.467  469.039  513.353 1.49356 0.125 7.41745 0
503.455  420.644  477.474  422 2.04943 0.125 26.589 0
174.5  195.5  195.5  195.5 1 0.125 4.62348 0
198.5  194.5  219.5  194.5 1 0.125 4.62348 0
435.2  263.906  422.427  270.356 1.81207 0.125 9.13893 0
503.542  223.577  536.501  205.502 2.12182 0.125 50.9191 0
413.199  275.99  402.416  282.358 1.56592 0.125 3.72039 0
60.5  200.5  80.5  200.5 1 0.125 3.72039 0
576.558  516.311  563.552  512.329 1.30849 0.125 1.01112 0
594.499  680.526  548.5  679.495 1.93225 0.125 64.2274 0
593.56  522.336  577.497  516.509 1.96309 0.125 11.0177 0
28.2951  570.907  15.4472  575.347 1.63316 0.125 2.2932 0
83.5  199.5  101.5  199.5 1 0.125 1.91421 0
541.094  194.535  542.142  206.531 1.73134 0.125 2.43315 0
148.506  526.634  131.452  527.344 1.83192 0.125 8.25658 0
117.468  526.216  125.481  525.326 2.3191 0.125 2.8173 0
449.462  390.196  437.402  391.724 1.73287 0.125 3.72039 0
505.094  355.525  510.73  446.548 2.47189 0.125 140.752 0
550.465  679.027  503.49  677.943 2.73764 0.125 81.699 0
129.5  197.5  146.5  197.5 1 0.125 1.01112 0
481.508  443.356  498.567  444.359 3.52309 0.125 39.844 0
492.304  212.168  470.296  225.155 1.83502 0.125 27.2007 0
15.5  202.5  31.5  202.5 1 0.125 0.108034 0
529.449  189.417  503.419  205.368 2.03546 0.125 40.7471 0
243.513  331.495  239.219  319.601 1.61972 0.125 1.55013 0
90.5095  516.567  76.367  518.553 2.67572 0.125 10.8268 0
299.493  306.637  297.717  293.607 1.75717 0.125 5.08724 0
3.5  690.5  3.5  671.5 1 0.125 2.8173 0
357.605  241.496  358.924  272.524 2.55037 0.125 41.5792 0
438.36  418.339  430.834  424.884 1.87037 0.125 0.668085 0
433.61  531.276  429.523  547.506 1.93251 0.125 13.0822 0
423.019  248.748  442.404  236.35 1.75319 0.125 17.1751 0
459.15  434.521  458.728  427.547 1.30039 0.03125 2.8173 0
428.526  674.868  407.521  673.997 2.37122 0.125 20.2102 0
469.85  518.471  471.11  533.533 1.74298 0.125 0.182574 0
310.513  561.293  301.485  560.745 1.48363 0.125 1.01112 0
276.754  518.432  270.895  496.395 2.11682 0.125 17.6301 0
325.377  563.496  311.344  561.765 2.61007 0.125 6.72138 0
373.223  397.547  357.398  402.151 1.76312 0.125 9.52392 0
464.46  481.552  445.217  466.87 1.08945 0.125 8.23584 0
198.5  439.5  180.5  439.5 1 0.125 1.91421 0
184.436  463.033  236.42  455.914 2.89016 0.125 84.6624 0
476.5  389.5  476.5  404.5 1 0.0625 1.63941 0
362.521  671.967  302.497  669.582 2.91822 0.125 94.829 0
469.018  218.697  497.107  201.846 1.71545 0.125 32.7342 0
415.442  556.981  383.618  560.549 2.42412 0.125 49.1353 0
126.445  525.096  145.504  522.526 2.17145 0.125 8.65262 0
221.5  519.499  210.467  521.3 1.49055 0.125 0.108034 0
330.501  421.487  339.528  421.946 2.14977 0.125 1.55013 0
382.474  561.034  362.481  562.165 2.84433 0.125 21.0389 0
446.488  540.477  463.55  531.596 2.62459 0.125 17.6648 0
122.867  416.595  120.446  400.508 2.42417 0.125 4.2626 0
226.403  549.52  237.59  548.418 2.00481 0.125 6.42966 0
279.649  559.481  278.365  549.517 1.85583 0.125 1.01112 0
226.709  570.866  233.698  569.796 2.58218 0.125 1.01112 0
297.506  669.307  246.496  667.62 2.99104 0.125 74.8217 0
296.495  443.521  307.527  446.396 1.72415 0.125 1.55013 0
189.548  505.541  145.503  507.565 2.90504 0.125 71.1251 0
278.643  538.462  282.65  553.723 2.64769 0.125 18.9395 0
246.502  399.201  265.501  399.299 2.02062 0.125 6.04281 0
377.5  592.5  332.5  592.5 1 0.125 26.2976 0
234.311  569.164  243.551  567.858 2.69058 0.125 5.97339 0
441.46  546.401  453.526  541.565 2.04427 0.125 2.34059 0
500.554  555.227  489.584  553.071 2.73388 0.125 8.38953 0
13.2411  501.401  11.2529  486.533 1.45215 0.125 0.563807 0
431.509  633.755  421.486  634.121 1.32761 0.125 1.01112 0
232.344  503.827  248.626  500.04 2.92202 0.125 6.58008 0
6.73152  772.493  7.09708  784.512 1.30354 0.125 4.62348 0
193.474  535.271  181.516  536.641 2.10085 0.125 4.20178 0
532.451  402.485  528.418  415.475 2.33754 0.125 6.55695 0
332.49  386.193  306.553  387.07 3.20092 0.125 39.7286 0
506.945  440.5  506.935  431.5 2.0011 0.0625 3.0454 0
588.46  616.517  598.562  616.912 3.11477 0.125 14.5575 0
216.51  525.598  241.563  523.149 1.99052 0.125 14.408 0
435.239  470  447.916  476.619 3.08293 0.125 22.0015 0
8.31685  484.531  11.1644  501.556 1.31966 0.125 2.2932 0
380.54  415.494  377.694  396.471 2.32094 0.125 17.6988 0
81.5117  498.44  92.2935  500.554 2.94399 0.125 6.55695 0
283.924  476.664  302.262  485.97 2.63539 0.125 14.5321 0
525.5  177.5  541.5  177.5 1 0.125 0.108034 0
200.493  512.846  214.498  512.923 2.4889 0.125 6.64198 0
366.498  465.066  346.494  465.159 3.03743 0.125 11.9943 0
483.498  541.547  497.514  542.199 1.41751 0.125 6.42966 0
522.304  404.445  519.222  415.422 1.95893 0.125 0.563807 0
573.51  603.39  563.412  602.455 2.08371 0.125 3.72039 0
7.7385  530.959  19.5854  529.022 2.94182 0.125 0.388219 0
348.59  462.21  363.478  460.325 2.4866 0.125 9.96236 0
520.498  449.638  539.507  449.86 2.12844 0.125 19.976 0
485.253  234.921  495.516  230.537 1.58026 0.125 1.01112 0
562.934  608.431  571.706  611.994 3.15578 0.125 3.28424 0
19.5226  0.793202  0.48173  2.26338 1.99406 0.125 16.6464 0
228.45  533.82  242.497  533.406 2.93969 0.125 3.23875 0
534.738  410.587  537.656  402.557 1.96434 0.0625 1.8894 0
544.5  176.5  565.5  176.5 1 0.125 4.62348 0
119.471  507.787  133.531  509.19 2.5859 0.125 16.3637 0
223.429  495.885  212.46  497.156 1.64111 0.125 1.91421 0
414.5  498.5  430.5  498.5 1 0.125 0.108034 0
453.621  400.176  450.875  390.681 2.8819 0.125 0.182574 0
490.386  462.236  549.512  471.423 2.31111 0.125 72.7957 0
447.278  270.073  470.715  257.914 2.336 0.125 23.6601 0
215.441  502.995  206.563  504.039 1.98631 0.125 0.108034 0
587.417  631.099  598.56  628.79 2.19657 0.125 3.1603 0
185.508  491.952  227.496  491.251 2.91612 0.125 54.9436 0
444.476  526.452  459.72  518.947 1.84962 0.125 14.8636 0
589.484  606.576  574.498  603.512 1.781 0.125 6.86018 0
315.539  407.493  312.885  392.432 3.18415 0.125 17.6301 0
412.188  371.535  410.938  360.451 2.32365 0.125 8.23584 0
492.288  351.998  486.479  354.451 2.90692 0.0625 3.99669 0
506.46  596.649  516.482  597.001 2.03389 0.125 3.72039 0
551.456  649.829  563.509  651.435 2.04801 0.125 1.42771 0
400.537  555.762  418.467  553.266 1.15362 0.125 0.563807 0
349.519  565.207  327.482  563.781 2.77096 0.125 9.68779 0
553.505  451.422  571.498  452.525 2.81082 0.125 23.9554 0
215.465  500.295  231.514  497.583 2.15245 0.125 13.9727 0
226.54  501.816  215.587  503.19 1.98444 0.125 3.72039 0
313.503  391.123  325.503  391.062 2.0254 0.125 0.57978 0
425.429  549.979  406.505  552.54 1.71366 0.125 7.41745 0
428.975  390.645  426.199  399.714 2.49776 0.125 1.42771 0
164.435  496.102  185.526  492.661 3.10098 0.125 14.0575 0
503.476  347.449  493.736  352.005 2.77585 0.125 5.69779 0
468.535  255.568  446.669  266.828 2.02279 0.125 17.6378 0
148.622  496.401  160.539  494.787 2.70432 0.125 3.28424 0
496.447  544.841  483.53  545.871 1.99366 0.125 0.670152 0
143.475  284.943  154.498  284.446 2.22323 0.125 5.97339 0
246.458  487.734  219.597  482.956 2.38568 0.125 21.5127 0
289.404  565.008  313.493  569.536 2.09102 0.125 21.0695 0
459.254  421.555  456.084  407.37 1.73369 0.125 0.670152 0
518.501  340.503  503.637  346.822 2.7831 0.125 14.2465 0
209.508  398.598  224.486  397.331 1.41769 0.125 0.668085 0
561.958  313.925  528.551  324.658 3.57127 0.125 46.7465 0
571.532  453.31  591.474  456.654 1.98471 0.125 15.4127 0
170.478  271.575  171.166  262.551 1.99421 0.125 1.91421 0
386.484  555.305  364.465  557.059 1.39381 0.125 7.41745 0
540.496  418.43  517.514  419.74 2.1675 0.125 13.7112 0
342.038  418.485  341.761  408.493 1.2212 0.0625 1.63941 0
371.513  558.663  391.543  557.03 1.01863 0.125 1.55013 0
576.467  475.104  595.465  476.139 2.16023 0.125 10.8268 0
119.317  286.947  135.529  281.588 2.22842 0.125 2.70155 0
528.174  324.393  518.43  327.262 2.37165 0.125 4.20178 0
550.38  471.39  575.595  474.8 2.08803 0.125 18.569 0
174.12  288.499  174.14  305.5 2.01074 0.125 4.41525 0
357.436  419.506  356.077  404.448 1.81209 0.125 10.042 0
161.499  482.487  150.524  483.712 1.32641 0.0625 2.8173 0
332.547  450.25  324.457  448.729 2.33508 0.125 0.668085 0
312.459  529.935  325.532  531.155 2.45575 0.125 11.3022 0
589.4  217.508  588.535  206.497 1.46692 0.125 1.01112 0
170.5  316.494  183.481  316.004 3.18636 0.125 3.73688 0
320.434  534.033  334.589  535.779 2.09411 0.125 9.26472 0
330.92  184.852  343.68  169.651 3.55534 0.125 21.2211 0
32.4762  203.714  102.473  201.596 3.45225 0.03125 237.853 0
314.495  568.767  366.5  568.442 2.97496 0.125 126.785 0
596.576  319.703  506.511  353.529 3.6346 0.125 122.015 0
53.4974  533.843  106.502  534.251 3.13075 0.125 38.7723 0
326.194  313.031  527.069  181.841 2.83631 0.125 201.917 0
343.952  169.037  372.403  135.418 2.87785 0.125 19.5291 0
332.505  331.51  442.784  272.026 2.10699 0.125 36.7184 0
313.264  328.186  560.898  174.688 64.177 0.0625 256.081 0
274.823  437.509  272.471  526.499 4.15719 0.125 14.7424 0
104.447  201.238  236.466  195.693 4.26444 0.125 279.449 0
333.997  307.739  455.724  227.325 3.04947 0.125 171.611 0
143.498  519.043  210.505  519.329 1.52125 0.125 7.8667 0
593.38  467.209  364.364  428.302 3.79883 0.125 177.467 0
591.694  490.205  501.033  476.614 12.8563 0.125 172.312 0
-0.441402  649.634  6.34084  798.553 5.91059 0.125 228.091 0
502.53  677.727  12.5336  658.637 3.08916 0.125 789.745 0
508.752  496.44  368.576  463.181 4.42019 0.125 70.9903 0
5.19098  550.571  18.6144  798.548 3.08386 0.125 439.515 0
139.383  530.847  553.937  501.533 16.1418 0.125 75.1495 0
500.909  505.395  585.44  536.662 3.86873 0.125 85.5779 0
396.91  265.582  507.515  194.523 2.50983 0.125 190.74 0
