327
513.509  198.912  497.497  198.67 2.03005 0.125 15.4606 0
463.579  203.008  459.144  211.31 1.70367 0.125 0.108034 0
598.397  318.678  595.646  332.529 2.14999 0.125 1.79958 0
585.699  640.501  585.737  627.498 2.03169 0.125 10.042 0
588.97  233.416  587.678  241.528 2.76136 0.125 4.20178 0
585.399  667.486  586.757  657.4 2.97317 0.125 13.6544 0
510.76  622.554  515.324  600.464 2.39572 0.125 27.4678 0
439.486  439.621  386.499  433.508 2.25409 0.125 71.4707 0
385.5  432.5  340.542  424.27 1.89753 0.125 64.2274 0
586.531  626.502  586.615  584.498 2.06997 0.125 54.4764 0
68.117  240.51  67.6165  221.497 1.39439 0.125 4.11395 0
524.353  460.196  537.23  453.944 2.18387 0.125 10.9451 0
318.518  419.433  266.486  405.553 1.8702 0.125 64.7214 0
505.821  636.61  510.328  623.441 2.16515 0.125 5.7097 0
339.636  423.792  319.607  419.944 1.9253 0.125 19.976 0
586.671  360.91  552.634  351.038 1.45956 0.125 26.0149 0
538.46  351.376  529.427  354.271 1.56273 0.03125 6.14155 0
537.355  653.396  536.436  663.494 2.897 0.125 9.52392 0
434.502  258.59  406.502  258.538 3.04255 0.125 60.6151 0
224.807  387.379  223.421  395.311 3.12739 0.125 5.08724 0
569.696  692.553  571.652  685.272 2.48825 0.125 1.55013 0
483.726  427.41  477.459  428.151 2.97926 0.125 0.668085 0
439.348  485.589  453.629  487.576 3.49742 0.125 26.0149 0
591.525  255.499  591.84  266.519 1.22855 0.03125 2.8173 0
528.556  355.516  512.544  411.512 2.06609 0.125 91.101 0
462.519  672.592  481.34  668.724 1.55645 0.125 7.51526 0
532.541  681.624  531.72  688.526 2.45821 0.125 0.108034 0
461.508  488.366  480.559  489.548 3.55153 0.125 39.3359 0
469.141  372.129  475.243  366.234 2.15749 0.125 1.91421 0
351.508  405.459  297.466  394.668 2.1444 0.125 82.8292 0
572.584  600.56  564.227  612.306 1.28514 0.125 0.668085 0
481.977  667.095  491.638  654.607 1.68636 0.125 7.74756 0
326.641  389.412  328.169  374.466 1.68451 0.125 4.89868 0
487.492  339.859  421.515  340.695 2.9491 0.125 128.562 0
516.757  501.781  522.512  496.513 2.3995 0.125 1.91421 0
265.728  404.806  249.508  399.477 1.28958 0.125 4.62348 0
235.862  375.633  239.177  391.567 1.75439 0.125 5.69779 0
52.5004  249.645  17.498  249.736 2.07003 0.125 47.9718 0
591.73  361.13  587.466  370.003 2.27087 0.125 5.52657 0
249.699  331.735  237.484  328.562 1.25718 0.125 0.108034 0
509.677  513.828  519.503  508.505 1.97872 0.125 0.563807 0
240.49  254.707  248.52  255.083 2.23203 0.125 1.01112 0
202.597  289.625  221.475  291.728 1.65567 0.125 8.38953 0
582.71  587.729  575.435  594.429 1.41302 0.0625 0.463196 0
459.517  225.274  479.554  226.778 2.31794 0.125 26.4704 0
357.17  384.445  353.842  404.39 1.80911 0.125 14.5324 0
417.497  341.166  395.499  341.347 1.18048 0.125 3.72039 0
424.496  235.629  441.511  236.118 1.37337 0.125 10.9451 0
244.531  437.427  256.84  442.707 1.31082 0.125 1.01112 0
535.493  211.813  552.501  211.639 1.1632 0.125 0.108034 0
538.474  227.477  550.519  227.796 2.23799 0.125 9.52392 0
296.541  394.34  285.496  391.516 1.48628 0.125 0.108034 0
85.4943  265.149  192.497  264.698 2.03369 0.125 178.017 0
361.49  370.755  370.515  370.634 3.05338 0.125 10.042 0
503.274  255.032  527.442  243.38 2.17154 0.125 21.9217 0
476.468  413.14  487.558  412.146 1.81337 0.125 1.55013 0
35.5556  328.895  78.5602  332.845 2.65232 0.125 69.0208 0
509.593  415.614  502.458  421.449 1.83034 0.125 1.91421 0
501.586  421.706  491.293  426.003 1.54124 0.125 1.01112 0
67.4739  265.973  82.536  265.226 1.94797 0.125 12.7513 0
86.4905  300.301  55.5139  301.789 1 0.125 12.7513 0
516.77  593.628  521  584.738 2.25267 0.125 0.57978 0
528.462  218.116  541.532  216.819 1.7927 0.125 8.23584 0
243.562  288.165  233.357  286.273 2.76745 0.125 10.9451 0
157.5  344.496  60.4759  354.261 2.07725 0.125 137.319 0
194.477  316.971  164.498  315.538 1.85447 0.125 35.3285 0
155.493  329.785  192.52  330.751 2.46864 0.125 50.0068 0
307.498  340.515  262.613  333.751 3.46784 0.125 72.1133 0
86.1267  149.61  81.6617  134.452 1.52438 0.125 8.23584 0
243.499  560.494  233.371  562.97 1.94276 0.125 3.72039 0
242.499  263.934  277.499  263.856 1.07802 0.125 16.3637 0
267.915  478.739  259.646  474.232 2.87169 0.125 6.64198 0
392.52  340.259  360.494  337.573 1.99951 0.125 22.1962 0
255.815  548.623  267.721  545.289 2.85071 0.125 7.45533 0
172.456  588.363  161.308  591.894 1.60464 0.125 2.8173 0
224.264  403.557  225.178  423.56 2.90557 0.125 38.0378 0
306.614  141.475  303.498  127.5 1.62891 0.125 6.42966 0
133.496  261.763  88.4963  261.614 2.1321 0.125 66.0336 0
200.5  264.513  234.508  264.02 2.27525 0.125 39.8529 0
92.3311  620.013  72.3123  626.959 2.14002 0.125 19.5769 0
24.5012  262.883  0.498342  262.956 2.03351 0.125 29.0069 0
234.042  449.651  227.707  430.432 1.31534 0.125 9.13893 0
379.509  225.66  368.5  225.545 2.04182 0.125 5.52657 0
492.971  313.673  504.44  282.478 2.37417 0.125 43.4493 0
58.5041  354.537  0.439994  360.957 2.63295 0.125 52.3135 0
285.5  250.5  268.5  250.5 1 0.125 1.01112 0
88.4129  521.255  80.3648  524.12 1.78355 0.125 0.108034 0
192.44  326.156  205.395  323.9 1.97033 0.125 3.13013 0
564.938  715.114  572.314  704.372 2.98999 0.125 8.38105 0
232.604  563.77  222.22  567.773 2.43952 0.125 6.64198 0
38.2086  718.574  31.5529  720.668 1.96125 0.0625 1.61318 0
191.5  249.5  175.5  249.5 1 0.125 0.108034 0
9.50031  341.768  27.5003  341.748 2.00232 0.125 13.9727 0
217.491  312.781  181.495  311.656 2.46756 0.125 36.5763 0
227.112  425.244  253.298  438.888 1.23706 0.125 8.29566 0
294.025  539.548  281.618  545.736 1.7429 0.125 3.1603 0
0.45442  365.039  20.4567  363.062 2.97372 0.125 30.7418 0
549.481  731.482  560.129  720.151 1.72083 0.125 4.02883 0
172.378  346.659  183.577  345.033 2.69733 0.125 14.5575 0
196.974  387.616  201.59  368.767 2.69595 0.125 16.9002 0
421.405  352.429  407.449  351.004 1.90868 0.125 9.13893 0
345.558  415.18  367.556  419.191 2.95691 0.125 35.9938 0
524.761  428.243  512.857  416.149 1.4812 0.125 7.33275 0
555.236  207.303  561.089  199.449 2.6099 0.125 2.27789 0
17.5  252.5  52.5  252.5 1 0.125 17.2667 0
104.332  354.027  163.365  347.311 3.47475 0.125 97.0374 0
512.25  412.754  529.865  430.143 1.54241 0.125 14.8636 0
503.451  231.031  514.538  229.863 1.77949 0.125 2.43315 0
141.607  326.365  155.64  324.629 2.48631 0.125 1.42275 0
161.515  586.549  171.475  583.42 2.6723 0.125 1.50405 0
204.529  339.821  177.565  342.23 1.83086 0.125 29.91 0
198.499  326.558  231.527  327.278 2.60654 0.125 52.2112 0
492.3  743.27  481.021  753.098 2.62783 0.125 2.47705 0
273.397  606.259  251.543  615.602 2.49189 0.125 27.0223 0
63.35  358.015  102.356  354.075 3.08531 0.125 62.6119 0
300.471  428.629  358.681  441.691 3.1271 0.125 122.018 0
199.621  356.959  212.64  359.873 1.95169 0.125 4.02883 0
351.476  333.728  387.492  337.577 1.44973 0.125 24.6371 0
465.462  356.009  455.443  355.262 2.58923 0.125 9.13893 0
481.504  254.725  466.491  254.964 1.19104 0.125 1.01112 0
299.501  621.22  286.501  621.183 2.02039 0.125 3.1603 0
194.427  360.989  182.396  359.198 2.71442 0.125 5.78041 0
31.1417  720.804  12.457  730.416 2.28739 0.125 22.2023 0
32.4927  351.403  20.56  352.299 2.76693 0.125 9.26472 0
40.6172  532.923  58.6202  527.934 2.14786 0.125 10.0485 0
518.586  515.053  504.615  517.236 2.80962 0.125 8.38105 0
542.513  513.503  545.679  498.538 2.0697 0.125 11.3022 0
225.662  627.892  210.727  634.051 2.83058 0.125 19.5769 0
181.5  314.5  196.5  314.5 1 0.0625 1.63941 0
171.512  337.652  153.466  339.068 1.01687 0.125 1.01112 0
527.021  156.548  528.973  135.544 1.96924 0.125 12.5219 0
568.502  223.412  553.511  223.052 1.21591 0.125 0.108034 0
569.485  219.628  583.525  221.288 1.69774 0.125 5.97339 0
35.3452  537.512  20.5516  539.829 2.19 0.125 1.99536 0
0.504475  306.607  21.5096  305.729 1.4586 0.125 12.192 0
48.463  349.243  40.6253  350.371 1.76446 0.0625 0.463196 0
210.377  634.293  199.607  640.68 2.90029 0.125 3.2366 0
47.3788  510.009  0.285199  521.63 3.46728 0.125 61.6254 0
131.729  600.246  144.73  596.249 1.69219 0.125 4.20178 0
233.691  406.026  255.037  414.646 2.907 0.125 35.7878 0
362.486  237.582  400.506  238.072 1.97404 0.125 36.3218 0
340.53  344.176  318.535  342.12 2.08436 0.125 17.6988 0
552.985  480.157  557.753  473.002 1.94245 0.125 1.01112 0
464.499  540.546  491.479  540.939 2.37812 0.125 38.1086 0
32.5508  688.486  18.4359  687.779 3.29663 0.125 16.8242 0
515.649  485.139  508.442  475.544 2.40228 0.125 4.84021 0
21.4242  362.862  61.6879  358.083 3.29783 0.125 51.9261 0
99.5162  469.385  84.5212  469.659 2.23728 0.125 23.5884 0
494.334  532.532  511.35  529.623 2.83936 0.125 14.3109 0
532.348  335.372  504.317  339.142 3.10652 0.125 22.0562 0
74.5036  323.367  55.4905  322.852 1.29779 0.125 10.4128 0
256.771  415.626  278.823  422.459 2.86559 0.125 35.9938 0
507.567  473.743  519.236  470.54 2.79844 0.125 4.24863 0
151.546  473.861  129.589  472.274 2.92008 0.125 22.1962 0
237.426  622.285  229.654  624.948 2.68852 0.125 0.563807 0
359.298  441.454  374.465  444.667 3.2331 0.125 25.1291 0
492.486  440.485  497.624  435.631 1.45391 0.03125 2.8173 0
28.4801  341.728  45.5248  343.216 2.4273 0.125 9.21386 0
229.483  337.314  203.425  339.672 1.91066 0.125 29.0069 0
550.475  321.239  564.446  319.922 2.46035 0.125 11.0177 0
208.496  282.054  218.504  281.97 2.01672 0.125 2.8173 0
460.5  338.5  443.5  338.5 1 0.125 1.01112 0
67.5128  470.092  52.4962  469.621 1.2814 0.125 6.42966 0
127.421  471.814  98.5248  470.086 3.21694 0.125 47.5148 0
117.503  323.805  139.49  323.569 2.09655 0.125 10.9811 0
170.519  293.066  161.494  292.945 3.01313 0.125 0.989353 0
403.514  350.174  387.502  349.463 1.53099 0.125 4.89868 0
447.484  455.258  466.533  454.003 2.92773 0.125 17.8317 0
86.5131  348.663  105.551  347.135 1.27365 0.125 6.42966 0
362.489  326.721  430.468  330.131 2.99282 0.125 95.4086 0
493.018  548.262  501.027  565.717 2.35239 0.125 11.811 0
119.486  480.752  136.601  481.732 3.53652 0.125 3.44147 0
192.539  474.49  178.483  473.947 3.15205 0.125 10.4464 0
556.043  420.912  549.999  428.878 2.61003 0.125 5.97339 0
397.429  344.279  388.106  347.27 2.89233 0.125 0.182574 0
104.455  478.84  113.561  480.041 2.11358 0.125 0.668085 0
158.501  267.587  107.496  267.88 1.25888 0.125 32.6193 0
155.487  486.951  176.503  487.137 2.97329 0.125 12.5188 0
82.5187  325.936  74.4944  325.67 2.09825 0.125 0.108034 0
436.286  534.562  464.357  540.209 2.92369 0.125 32.446 0
527.932  471.444  526.939  481.543 2.47949 0.125 9.13893 0
46.4953  294.955  21.498  294.695 1.14534 0.125 9.13893 0
61.5522  668.651  55.2671  670.827 2.69897 0.125 1.01112 0
64.5341  691.638  74.6568  689.134 2.19187 0.125 2.2932 0
79.5138  346.733  62.5145  347.743 1.99647 0.125 7.40595 0
137.524  482.425  149.262  486.233 2.54492 0.125 5.7097 0
237.5  260.5  217.5  260.5 1 0.125 3.72039 0
363.373  514.029  432.253  530.531 3.18087 0.125 89.88 0
498.354  540.536  503.586  561.726 2.20526 0.125 13.5803 0
398.828  616.852  385.66  610.183 3.12816 0.125 7.09994 0
458.525  607.406  467.683  609.802 2.64905 0.125 1.50405 0
86.6038  293.738  79.6526  294.321 4.48719 0.0625 4.69305 0
312.447  497.667  361.534  513.395 3.01454 0.125 56.7913 0
517.157  538.495  517.362  523.484 2.01344 0.125 1.79958 0
226.83  401.633  233.768  405.738 2.89742 0.125 5.52657 0
211.5  260.5  195.5  260.5 1 0.125 0.108034 0
217.488  652.412  223.812  658.156 2.75724 0.125 3.1603 0
15.4933  299.205  5.47568  299.434 2.06788 0.125 3.72039 0
173.454  358.631  161.474  358.143 2.40529 0.125 11.3022 0
490.226  490.684  487.792  500.321 1.93909 0.125 2.8173 0
49.4331  335.012  25.4503  331.881 2.1567 0.125 15.3546 0
548.066  310.394  547.395  319.492 2.85956 0.125 1.50405 0
513.459  243.902  498.511  242.388 1.88905 0.125 1.50405 0
89.4764  314.029  73.5081  313.318 1.22142 0.125 2.8173 0
390.446  352.129  433.475  355.792 1.7597 0.125 27.3859 0
94.6017  447.501  80.5436  448.929 2.07478 0.125 8.38953 0
411.421  582.698  425.575  588.312 2.38859 0.125 9.96236 0
456.589  716.402  447.165  707.87 2.43432 0.125 2.613 0
590.369  730.731  579.47  724.552 2.0892 0.125 1.42771 0
205.617  389.749  197.503  388.48 2.8094 0.125 1.42771 0
417.853  689.518  411.057  685.197 3.06814 0.125 3.1603 0
34.514  530.557  44.6382  528.06 2.19448 0.125 4.20178 0
177.279  441.139  165.157  448.572 3.02397 0.125 5.291 0
342.587  372.872  352.534  374.256 1.7054 0.125 1.91421 0
282.754  396.548  269.372  392.982 2.12641 0.125 8.38953 0
159.439  292.86  139.524  294.754 1.80166 0.125 11.8953 0
483.506  306.503  474.074  326.297 2.19331 0.125 6.58008 0
12.47  388.793  30.4856  390.641 2.29567 0.125 11.723 0
175.911  473.572  178.72  457.538 2.78247 0.125 11.1078 0
196.666  488.128  211.429  484.232 1.87985 0.125 1.50405 0
461.467  254.007  443.478  252.83 1.93048 0.125 13.0822 0
565.32  318.515  562.233  280.522 3.28913 0.125 36.4648 0
74.5029  310.023  55.498  310.127 1.1037 0.125 8.23584 0
266.516  265.979  243.508  266.734 1 0.0625 3.13832 0
407.728  278.695  416.967  267.9 2.71038 0.125 8.38105 0
33.5504  386.812  14.506  385.418 2.62713 0.125 21.0322 0
243.41  465.693  240.748  450.633 1.37236 0.125 1.55013 0
15.5083  322.028  32.503  322.326 1.19279 0.0625 5.17742 0
89.5752  325.214  82.5478  325.954 2.40783 0.125 1.91421 0
344.238  480.675  405.321  494.303 2.72588 0.125 66.8957 0
551.116  289.331  548.644  309.518 2.75484 0.125 18.6604 0
595.577  247.48  595.357  257.497 2.10928 0.125 2.27789 0
214.424  276.094  202.467  278.32 1.53228 0.125 0.668085 0
462.498  632.861  468.501  632.843 2.01186 0.0625 0.409064 0
62.5  260.5  32.5  260.5 1 0.125 12.7513 0
116.52  443.63  101.567  445.933 1.17228 0.125 0.108034 0
288.407  487.729  312.162  497.336 2.20854 0.125 16.4673 0
84.4645  329.107  96.4571  328.024 1.81211 0.125 3.31706 0
435.451  356.151  458.469  357.901 1.53925 0.125 4.24863 0
302.557  409.31  288.607  405.142 1.9163 0.125 0.811332 0
471.691  324.596  480.127  307.815 1.79675 0.125 2.21377 0
221.498  282.165  232.503  282.114 2.03274 0.125 5.52657 0
224.452  622.381  216.875  625.431 2.60214 0.0625 0.380078 0
22.9685  739.224  32.4126  735.29 2.07758 0.125 1.55013 0
29.4821  335.76  43.4847  336.722 1.34052 0.125 2.8173 0
37.5119  268.872  16.5014  269.545 1.38342 0.125 0.989353 0
557.5  227.907  576.5  227.929 1.02196 0.125 1.91421 0
280.5  654.498  290.599  655.454 2.60955 0.125 0.670152 0
247.51  311.868  232.494  312.272 1.26897 0.125 7.33275 0
128.496  284.862  146.516  285.067 1.97708 0.125 3.2366 0
221.467  465.278  210.416  466.94 1.97775 0.125 3.31706 0
234.241  461.272  220.434  464.189 3.08676 0.125 0.423469 0
416.806  645.76  421.961  640.926 2.2788 0.125 0.108034 0
481.636  536.067  493.662  533.175 2.2155 0.125 0.811332 0
538.198  505.172  530.879  511.912 1.70383 0.125 2.8173 0
396.5  342.5  412.5  342.5 1 0.125 0.108034 0
489.58  293.548  499.238  277.344 2.06504 0.125 12.5312 0
157.425  360.99  171.703  363.163 2.96586 0.125 5.291 0
445.517  358.926  387.508  357.227 2.81853 0.125 81.0105 0
535.507  703.383  515.516  702.225 3.11066 0.125 31.616 0
598.876  752.623  579.384  759.155 2.209 0.125 11.811 0
503.562  423.569  493.577  432.585 2.2987 0.125 5.7097 0
37.5  300.5  53.5  300.5 1 0.125 0.108034 0
191.506  291.677  171.495  292.362 1.44402 0.125 11.0177 0
276.521  460.43  343.304  480.162 2.48465 0.125 52.2668 0
361.414  413.928  321.234  405.819 2.88753 0.125 44.9537 0
234.501  321.989  222.501  322.003 1.01369 0.125 2.8173 0
449.898  327.096  460.732  319.847 2.22447 0.0625 3.62318 0
301.404  349.075  294.432  347.905 2.13792 0.0625 0.463196 0
381.512  357.342  324.381  353.099 3.10027 0.125 67.0114 0
467.501  344.886  487.498  344.815 2.06375 0.125 15.4127 0
473.566  586.53  464.472  585.907 2.20032 0.125 4.62348 0
510.608  527.234  500.275  523.057 2.42624 0.125 4.89868 0
548.802  500.575  545.362  514.466 1.95029 0.125 2.34059 0
62.3039  497.112  72.5355  500.389 2.81968 0.125 5.7097 0
332.531  562.724  316.556  564.911 2.79526 0.125 9.63524 0
86.4671  267.976  71.4635  268.918 1.30641 0.125 0.668085 0
530.056  434.899  521.988  454.287 3.23463 0.125 23.9697 0
389.5  247.632  337.5  247.501 1.04802 0.125 31.7162 0
372.532  383.217  359.583  381.764 1.65303 0.125 5.52657 0
495.506  584.534  485.45  586.201 1.64588 0.0625 3.0454 0
487.608  434.932  471.609  438.936 1.6985 0.125 10.9451 0
348.517  347.333  366.535  349.154 1.39713 0.125 1.50405 0
463.326  586.094  448.162  581.656 2.27072 0.125 1.15525 0
458.554  439.394  445.487  438.761 1.85248 0.125 9.13893 0
487.491  597.721  474.472  597.191 2.3236 0.125 0.888717 0
499.712  523.677  490.471  525.34 2.95257 0.125 3.98429 0
369.483  349.742  382.49  350.638 1.34135 0.125 1.91421 0
401.997  308.793  407.474  299.485 2.43329 0.125 0.811332 0
555.422  332.045  535.497  335.481 2.07265 0.125 2.96503 0
586.5  539.5  586.5  559.5 1 0.125 3.72039 0
540.999  415.769  534.859  427.154 2.64045 0.0625 6.86397 0
179.6  387.241  76.4543  379.077 3.14077 0.125 176.194 0
374.593  444.871  446.496  455.527 3.48137 0.125 141.709 0
33.4869  305.254  234.501  294.521 1.40501 0.125 186.537 0
309.456  238.871  489.487  226.315 2.43922 0.125 95.7528 0
66.4526  382.043  204.362  394.08 3.85818 0.0625 188.879 0
234.855  329.516  235.309  375.502 3.18711 0.125 44.6335 0
472.236  440.641  283.176  396.901 4.42794 0.125 66.6558 0
269.399  396.909  341.69  414.729 3.46754 0.125 118.937 0
0.488665  266.349  62.5023  265.738 2.34448 0.125 100.596 0
440.479  222.945  393.509  224.739 3.00468 0.125 52.2115 0
304.771  406.355  331.011  412.567 4.19798 0.125 41.015 0
364.775  560.939  559.174  656.124 3.92058 0.125 25.1652 0
94.552  345.01  0.510117  354.599 2.27441 0.125 145.574 0
207.514  469.899  234.521  470.142 3.93699 0.125 17.4561 0
509.636  428.106  445.493  429.014 16.3567 0.125 16.1034 0
112.441  386.243  177.586  391.415 3.26013 0.125 139.107 0
467.733  454.956  488.847  444.18 3.54431 0.125 34.2356 0
186.343  620.517  218.482  615.385 3.39411 0.125 20.2915 0
133.523  253.732  459.533  258.025 4.20811 0.03125 336.209 0
62.4495  249.196  136.495  254.564 2.50095 0.125 14.2161 0
49.4892  469.378  25.4119  471.501 2.63696 0.125 24.818 0
0.499905  254.545  358.5  255.302 2.19034 0.125 371.729 0
228.756  431.513  313.06  462.689 4.25439 0.125 124.29 0
470.101  307.759  25.6737  355.13 15.008 0.125 13.3203 0
274.218  343.4  248.54  335.371 2.68318 0.125 7.49766 0
264.185  353.984  381.161  378.808 17.1046 0.125 40.1192 0
351.494  325.683  449.49  328.819 4.57368 0.125 57.2665 0
585.621  216.812  592.45  307.353 14.8071 0.125 36.934 0
406.501  235.484  472.531  237.494 1.81644 0.125 94.2739 0
314.166  463.236  430.475  485.629 4.81114 0.125 185.651 0
573.511  697.917  382.498  697.592 9.99658 0.125 50.0589 0
242.524  276.591  24.2256  304.231 15.8195 0.125 208.894 0
414.492  252.351  252.543  261.279 2.38225 0.125 60.1642 0
254.958  555.12  132.059  603.378 2.94413 0.125 162.862 0
460.494  292.425  108.501  291.24 10.5253 0.125 46.2197 0
