459
50.4665  339.942  139.562  346.681 2.73982 0.125 133.983 0
140.547  183.617  121.055  191.382 1.87297 0.125 18.4304 0
178.489  488.861  200.5  488.489 2.13469 0.125 29.91 0
644.504  118.394  622.501  118.318 2.06882 0.125 25.3946 0
102.466  214.925  123.452  213.684 1.87843 0.125 19.976 0
208.398  488.349  235.45  485.942 3.34272 0.125 52.8457 0
285.341  0.509514  287.61  38.5531 1.832 0.125 46.1656 0
543.564  169.245  534.537  168.781 1.84366 0.125 1.01112 0
176.925  473.479  176.565  483.466 2.1069 0.03125 4.5942 0
149.614  448.447  162.245  475.619 1.62233 0.125 25.1291 0
120.526  358.209  137.569  359.727 1.72602 0.125 10.9451 0
770.506  35.6931  790.505  35.8442 2.05284 0.125 20.8791 0
110.513  377.331  144.54  379.98 1.85089 0.125 39.0048 0
431.651  556.875  395.58  548.167 2.1455 0.125 39.773 0
374.523  239.214  340.516  238.595 1.94507 0.125 46.1656 0
358.528  147.494  382.509  146.829 2.27645 0.125 31.7162 0
390.682  554.048  373.117  585.841 2.25827 0.125 49.1826 0
560.418  294.466  565.034  283.307 1.59253 0.125 3.72039 0
310.156  440.412  314.54  423.255 2.22829 0.125 11.6737 0
371.549  149.936  388.56  148.041 2.09841 0.125 9.10874 0
431.516  145.492  438.278  159.606 1.29622 0.125 2.8173 0
519.884  99.501  519.783  38.5012 1.09107 0.125 39.844 0
57.45  370.868  93.5983  375.776 2.21465 0.125 47.1435 0
299.871  466.654  306.553  450.522 1.75484 0.125 13.6544 0
576.507  239.781  589.506  239.906 1.11606 0.03125 4.32245 0
284.479  147.257  356.509  146.066 3.2476 0.125 175.433 0
798.514  155.99  748.523  154.641 3.29574 0.125 111.855 0
34.2327  350.656  37.2492  336.447 2.10392 0.125 12.7513 0
142.489  383.825  116.485  382.933 1 0.125 8.23584 0
402.093  403.436  405.845  379.398 1.91342 0.125 24.6822 0
785.067  133.457  783.569  148.507 2.4854 0.125 12.6064 0
443.507  207.367  427.598  206.56 2.55488 0.125 18.1698 0
404.973  230.523  404.541  220.498 2.08423 0.125 4.62348 0
405.052  219.521  405.841  198.551 2.56295 0.125 31.3362 0
0.490727  153.913  14.4872  153.692 1.22095 0.015625 7.9756 0
88.4536  143.461  57.4708  144.846 2.55044 0.125 48.3011 0
128.515  391.351  107.427  389.229 2.39046 0.125 31.7162 0
147.485  138.097  121.484  139.066 1.88684 0.125 28.1038 0
21.0229  165.953  32.2217  156.181 1.41095 0.125 3.72039 0
477.322  194.152  449.036  208.591 2.19879 0.125 27.076 0
696.617  312.52  696.109  341.493 3.63172 0.125 50.7977 0
289.002  476.146  299.734  467.801 2.4568 0.125 3.60558 0
330.152  403.339  339.162  383.805 2.16782 0.125 20.2951 0
62.2587  33.4671  60.3508  47.4797 1.71189 0.125 1.42771 0
449.405  231.964  432.407  234.975 2.25635 0.125 14.3442 0
669.558  364.747  666.358  352.537 3.1555 0.125 7.6803 0
519.868  23.496  519.951  10.4965 1.07652 0.03125 4.32245 0
315.262  422.299  324.013  411.933 2.81839 0.125 14.3442 0
696.244  342.477  694.697  359.518 2.26295 0.125 16.6464 0
743.48  154.418  730.524  157.598 1.68626 0.125 2.43315 0
127.455  266.893  138.539  268.157 2.66684 0.125 8.63548 0
51.4849  131.815  103.482  130.671 2.61547 0.125 63.2659 0
346.179  296.559  346.798  289.439 2.25257 0.125 1.91421 0
704.211  290.438  701.62  302.526 2.65464 0.125 10.1408 0
606.499  240.724  622.502  240.776 1.04919 0.0078125 15.1627 0
519.402  253.301  558.426  258.1 2.31907 0.125 41.4947 0
89.486  120.12  103.467  119.606 1.92521 0.125 10.9451 0
353.505  193.977  326.507  193.721 1.20843 0.125 17.2667 0
118.527  368.185  139.545  369.966 1.84086 0.125 19.0729 0
95.4926  106.677  88.5022  106.74 2.01798 0.03125 3.18911 0
517.367  44.4943  516.299  69.4914 1.34079 0.125 15.4606 0
346.507  129.596  332.505  130.568 1.55143 0.125 1.55013 0
726.348  36.0434  737.539  34.8725 2.98371 0.125 11.0177 0
503.103  89.5296  502.208  77.5218 2.14312 0.125 3.13013 0
36.0335  85.5521  34.5615  72.3814 3.31465 0.125 17.6988 0
76.6232  265.696  87.208  259.036 1.78796 0.125 2.2932 0
568.541  130.724  579.367  128.766 1.61215 0.0625 4.02142 0
102.561  128.241  87.4512  127.512 2.94834 0.125 17.6988 0
152.325  164.583  151.407  151.507 1.78489 0.125 7.33275 0
259.561  431.994  255.32  439.864 3.18368 0.125 7.51526 0
289.196  104.565  288.693  94.5405 1.89733 0.125 3.72039 0
628.121  361.495  629.174  283.496 3.0942 0.125 161.266 0
141.569  300.495  141.404  331.499 2.13266 0.125 22.5506 0
339.211  383.416  349.909  346.619 1.95416 0.125 46.0056 0
36.1268  70.5932  34.3633  63.5341 2.18274 0.125 0.108034 0
566.477  255.702  554.405  254.34 2.65992 0.125 6.55695 0
1.40759  230.495  1.96415  220.47 1.94149 0.125 0.668085 0
252.627  466.185  249.178  475.745 2.55995 0.125 5.76976 0
408.845  201.409  410.094  192.443 1.70479 0.0625 1.63941 0
592.374  244.428  587.295  253.383 1.73964 0.0625 3.99669 0
516.503  165.225  489.501  165.152 2.05387 0.125 21.8852 0
409.638  191.401  410.895  180.431 1.75919 0.125 3.72039 0
586.515  224.078  548.515  225.065 1.89551 0.125 40.3817 0
25.347  219.384  55.4663  215.254 2.06106 0.125 40.7471 0
60.2084  273.949  76.014  265.582 1.97538 0.125 10.8723 0
730.53  157.707  723.809  165.936 1.83299 0.0625 3.0454 0
241.891  146.11  239.523  151.51 2.63489 0.0625 1.63941 0
571.126  100.219  578.467  90.4749 1.8051 0.125 0.563807 0
113.991  426.598  110.872  410.428 1.73932 0.125 9.52392 0
774.94  193.485  767.588  190.297 2.35443 0.0625 1.11411 0
255.508  440.504  247.415  456.457 1.42279 0.125 7.33275 0
337.5  170.499  363.502  170.564 2.03483 0.125 14.6425 0
323.833  412.067  329.425  403.451 1.4278 0.0625 0.463196 0
748.5  144.682  780.5  144.692 2.00886 0.125 40.7974 0
497.232  271.521  495.711  252.483 1.95273 0.125 11.6736 0
76.5002  401.499  117.514  406.386 1.98595 0.125 56.9471 0
266.056  420.278  260.452  431.476 1.34524 0.125 1.01112 0
764.467  148.144  752.498  147.537 1.30245 0.125 1.01112 0
127.513  407.315  145.493  408.595 1.78196 0.125 12.7513 0
753.785  186.036  798.477  213.538 3.34178 0.125 78.3999 0
111.428  261.705  126.654  267.061 1.45072 0.125 2.2932 0
108.611  228.745  121.624  230.654 1.97883 0.125 8.23584 0
560.577  284.044  550.528  282.336 1.65623 0.125 1.01112 0
798.78  190.903  790.687  187.102 2.82533 0.125 6.86018 0
11.6807  78.8186  0.778623  50.7805 1.9161 0.125 21.0817 0
299.528  52.4992  300.107  71.5424 1.9078 0.125 1.43273 0
787.489  249.563  798.672  251.513 2.31389 0.125 3.13013 0
525.51  243.373  570.477  246.799 2.24123 0.125 68.2086 0
709.52  261.507  707.39  267.461 3.09285 0.125 0.668085 0
452.253  236.233  429.962  256.921 1.98807 0.125 25.2807 0
452.157  240.446  461.247  234.136 2.78344 0.0625 2.22543 0
71.6489  279.736  60.625  286.698 2.53651 0.125 11.0177 0
631.184  376.556  628.697  362.465 1.85374 0.125 3.1796 0
784.477  151.713  798.494  151.303 2.26246 0.125 18.1698 0
317.496  133.352  346.501  132.533 1.62068 0.125 22.0298 0
715.497  219.6  714.588  210.491 1.79144 0.125 1.01112 0
0.458214  133.552  22.4596  132.582 1.99806 0.125 23.5884 0
54.5053  361.457  85.5277  365.275 2.21376 0.125 42.0064 0
382.83  243.823  362.539  264.538 1.5893 0.125 26.901 0
53.4865  398.61  68.5056  400.454 1.84568 0.125 8.63548 0
394.148  362.417  392.348  348.391 2.08468 0.125 8.38953 0
751.503  185.731  722.495  186.109 2.80413 0.125 41.5799 0
55.4092  301.403  67.2776  290.263 1.59244 0.125 5.76976 0
323.811  544.53  323.037  552.552 2.27891 0.125 2.8173 0
149.383  50.6369  148.131  40.4227 2.97773 0.125 13.6544 0
326.572  35.4958  327.28  47.5716 1.82091 0.125 7.33275 0
711.943  250.422  711.637  256.507 2.99621 0.125 1.91421 0
76.3614  329.259  91.5842  332.039 2.96006 0.125 24.6822 0
315.408  168.311  327.491  167.378 3.2989 0.125 20.2155 0
322.824  553.469  323.97  565.55 2.55788 0.125 7.41745 0
608.485  258.147  595.492  257.842 1.18743 0.125 3.72039 0
305.366  170.847  314.594  168.957 1.78217 0.125 1.91421 0
68.1926  289.194  80.6629  276.662 1 0.125 8.23584 0
553.373  254.367  517.409  249.121 1.34132 0.125 17.6378 0
788.476  240.162  798.567  239.46 2.0646 0.125 5.52657 0
179.186  585.757  178.018  593.427 3.11637 0.125 2.2932 0
182.337  559.369  179.963  580.44 2.99502 0.125 31.4404 0
250.5  52.4958  262.488  53.6306 1.46676 0.125 1.01112 0
137.49  333.599  128.491  333.696 2.04308 0.125 0.108034 0
244.831  580.676  238.226  555.572 2.13718 0.125 22.7393 0
123.544  332.782  100.508  331.364 1.87328 0.125 18.9395 0
117.627  198.133  137.239  194.2 2.16249 0.125 23.5884 0
368.972  253.975  374.991  247.994 2.84667 0.0625 2.54514 0
318.889  506.456  323.322  545.292 3.46155 0.125 57.1842 0
43.5122  157.111  55.5318  157.489 1.59329 0.0625 1.8894 0
470.959  267.867  488.677  252.706 2.39674 0.125 23.6525 0
489.452  155.767  499.54  155.102 2.32492 0.125 8.23584 0
712.705  206.639  705.384  217.422 2.48197 0.125 6.55695 0
23.9285  142.459  24.7223  131.444 2.28233 0.125 0.670152 0
394.268  255.237  374.08  273.023 1.626 0.125 22.0015 0
217.795  176.663  211.075  188.818 2.32656 0.125 2.79889 0
259.495  599.183  253.566  590.455 2.48146 0.125 3.13013 0
629.5  168.5  609.5  168.5 1 0.125 3.72039 0
240.373  151.402  224.239  172.298 2.3046 0.125 27.0223 0
357.511  133.022  365.507  133.2 1.17789 0.03125 0.245595 0
384.3  418.416  389.907  405.092 2.71506 0.125 13.3898 0
350.323  257.149  372.688  245.874 1.82303 0.125 27.3647 0
551.384  135.398  535.873  152.945 2.02009 0.125 24.6822 0
129.475  60.3387  131.187  49.4508 1.76465 0.125 0.668085 0
390.453  155.744  354.406  157.982 2.87719 0.125 61.5567 0
698.934  167.021  712.656  150.787 2.40933 0.125 15.3546 0
794.393  205.701  775.418  195.656 1.24775 0.125 6.86018 0
163.7  78.5733  175.578  81.138 1.61062 0.125 3.72039 0
374.762  371.596  379.546  358.517 1.71757 0.125 7.33275 0
49.2474  260.456  12.2359  269.408 2.9299 0.125 73.5456 0
76.4957  237.468  69.356  238.418 3.10571 0.125 0.57978 0
162.111  423.984  172.333  416.278 1.41299 0.125 1.01112 0
333.227  221.6  327.341  205.558 1.62767 0.125 8.63548 0
605.443  221.249  589.366  224.91 1.77616 0.125 6.64198 0
426.09  314.105  468.771  269.798 2.29944 0.125 82.3397 0
631.521  152.523  638.86  145.802 1.83644 0.125 1.01112 0
51.4933  350.549  89.6036  355.739 2.79133 0.125 64.847 0
83.6195  154.497  67.491  152.576 1.79624 0.125 11.8482 0
56.3875  430.386  137.477  440.683 2.53505 0.125 85.7717 0
184.417  227.479  187.53  215.253 2.66046 0.125 6.61688 0
719.524  195.502  720.105  188.386 3.07136 0.125 6.42966 0
126.478  298.893  133.518  298.796 2.99972 0.125 5.52657 0
102.057  598.508  101.946  577.503 3.08989 0.125 23.6504 0
567.495  263.737  629.51  264.991 2.60603 0.125 124.4 0
563.478  164.68  576.531  166.243 1.7065 0.125 3.31706 0
590.484  133.011  612.526  132.295 1.96645 0.125 20.7059 0
209.755  532.893  187.176  547.542 3.40073 0.125 29.6182 0
595.5  123.797  647.5  123.8 1.00238 0.125 31.7162 0
762.465  245.703  784.331  249.48 2.88407 0.125 17.8233 0
86.8108  251.795  51.9025  260.176 3.19167 0.125 60.067 0
89.5428  206.801  53.5595  211.919 1.14393 0.125 19.3228 0
163.549  241.367  148.384  235.817 1.97013 0.125 7.41745 0
309.881  249.517  307.747  297.511 3.24077 0.125 72.6675 0
680.111  173.346  685.715  159.189 2.80909 0.125 7.42286 0
190.614  279.511  192.862  256.535 1.07146 0.125 8.23584 0
292.5  43.4883  305.491  43.1596 1.17674 0.03125 1.71607 0
372.499  120.243  350.499  120.226 1.0156 0.125 4.62348 0
54.4914  264.467  74.2079  259.37 3.50381 0.125 28.7004 0
389.736  425.676  396.546  416.534 2.21774 0.125 0.670152 0
53.4416  242.264  4.23987  254.45 3.23415 0.125 91.4125 0
380.826  223.634  387.829  206.636 2.71849 0.125 10.8228 0
504.917  150.427  513.9  146.39 2.45979 0.125 0.670152 0
5.85426  258.885  85.5043  238.517 3.42416 0.125 146.332 0
327.905  199.342  335.734  219.409 2.7034 0.125 11.7402 0
50.4986  328.54  70.5439  329.237 3.20679 0.125 38.9275 0
189.232  318.46  190.753  308.387 1.67904 0.125 0.108034 0
310.505  123.675  334.514  123.047 1.2347 0.125 8.23584 0
242.277  114.47  243.747  103.67 2.52112 0.125 0.182574 0
152.597  303.546  161.784  284.161 2.28274 0.125 19.3517 0
284.715  407.782  292.034  402.2 1.9674 0.125 1.91421 0
607.47  165.476  631.477  166.224 2.15485 0.125 31.7162 0
686.469  157.484  693.148  144.321 1.81 0.125 4.84021 0
699.454  176.033  708.563  175.145 2.28152 0.125 3.72039 0
176.632  470.5  176.728  444.497 2.08097 0.125 30.9437 0
750.57  33.8643  763.632  35.2963 2.87315 0.125 9.96236 0
106.549  568.672  109.392  551.319 3.4289 0.125 22.0813 0
347.328  287.264  354.75  281.842 2.57705 0.125 2.2932 0
690.172  164.192  705.184  148.204 2.20323 0.125 15.1472 0
52.1271  416.577  54.5972  428.48 1.75508 0.125 0.563807 0
497.212  288.495  497.506  272.5 1.11023 0.125 0.108034 0
670.273  215.197  675.823  229.373 2.59152 0.125 2.96503 0
43.8187  318.048  54.7015  301.634 3.07132 0.125 22.7628 0
308.502  45.7621  291.496  45.8751 1.09963 0.125 0.108034 0
464.275  237.784  472.415  235.228 2.5627 0.125 0.57978 0
225.846  544.408  214.808  536.461 2.6945 0.125 12.6064 0
17.5  107.5  0.5  107.5 1 0.125 0.108034 0
340.042  249.498  340.007  257.502 3.01775 0.125 4.02883 0
297.501  372.5  299.124  382.561 1.97449 0.125 0.563807 0
589.491  237.965  629.495  238.758 1 0.125 20.8791 0
337.917  239.399  340.148  248.585 2.44315 0.125 4.20178 0
0.14935  273.459  8.54403  270.631 1.91596 0.125 1.01112 0
39.3436  267.672  54.3741  264.833 3.31905 0.125 21.0695 0
187.64  79.3953  207.621  76.2712 2.34607 0.125 19.4289 0
769.686  238.403  759.699  240.463 2.30151 0.125 1.42765 0
102.858  576.705  106.685  570.033 2.48795 0.125 2.8173 0
272.242  487.016  282.518  481.533 2.29439 0.125 7.74756 0
27.3509  368.787  10.2876  359.908 2.416 0.125 10.6259 0
81.5  117.5  101.5  117.5 1 0.125 3.72039 0
307.369  327.699  321.733  337.145 2.52937 0.125 10.9811 0
648.481  136.6  630.551  133.227 1.90708 0.125 5.78041 0
257.307  497.282  268.995  486.93 2.5881 0.125 20.2155 0
117.504  225.456  104.52  224.283 1.0859 0.0625 1.61318 0
269.603  433.231  289.376  440.822 1.94227 0.125 2.47705 0
302.848  347.691  315.634  353.189 2.6184 0.125 4.41525 0
406.339  378.519  403.398  353.395 1.99623 0.125 12.2411 0
36.4493  183.343  47.873  179.656 2.30076 0.125 5.76976 0
154.154  374.42  159.31  352.224 2.3814 0.125 29.5612 0
310.607  29.4835  312.314  40.5288 2.35375 0.125 2.27789 0
193.981  311.381  191.01  324.388 2.61776 0.125 10.8723 0
534.474  177.048  580.438  174.413 3.10955 0.125 50.8498 0
88.8395  228.65  100.565  235.386 2.60125 0.125 5.07047 0
70.3833  444.221  132.379  454.248 2.14992 0.125 44.1078 0
138.499  316.626  119.5  316.649 2.01701 0.125 18.1698 0
278.105  240.592  275.258  228.324 2.40039 0.125 9.26472 0
291.55  157.555  284.471  157.891 2.32957 0.125 1.91421 0
301.93  431.059  323.352  403.385 2.93165 0.125 36.3855 0
434.794  300.764  424.348  312.363 1.78181 0.125 10.042 0
261.29  172.42  254.419  190.469 2.00188 0.125 18.4304 0
18.337  97.1942  14.115  85.6407 2.83627 0.125 4.41525 0
134.496  451.525  84.4972  444.52 1.74662 0.125 43.1141 0
236.509  506.574  244.517  505.645 1.75612 0.0625 1.61318 0
295.231  286.542  296.791  296.454 2.65258 0.125 0.182574 0
570.487  258.354  586.539  256.949 1.86823 0.125 4.11395 0
50.5826  397.492  52.3494  415.515 1.38547 0.125 6.86018 0
77.495  174.757  86.5013  174.697 2.05332 0.0625 5.17742 0
211.388  79.8319  193.39  82.8386 3.12376 0.125 1.03033 0
189.155  178.414  190.863  191.452 2.03049 0.125 6.86018 0
361.509  137.935  292.496  139.319 2.78156 0.125 90.6434 0
109.59  550.516  116.46  512.313 2.73281 0.125 34.6745 0
204.205  302.827  209.462  291.482 2.30159 0.125 9.52392 0
665.484  402.724  646.438  401.374 2.13642 0.125 13.3716 0
698.231  163.16  690.877  168.976 2.35291 0.125 0.563807 0
0.355297  364.447  4.06506  354.34 2.06751 0.125 5.52657 0
191.304  130.21  206.264  134.351 2.3577 0.125 8.29566 0
651.584  213.441  660.217  225.7 3.12063 0.125 9.82159 0
171.647  293.604  166.219  301.302 1.29924 0.0625 0.409064 0
168.548  306.543  177.052  297.097 1.41227 0.125 1.91421 0
238.174  269.02  222.469  265.646 3.21534 0.125 12.4255 0
477.908  284.953  420.295  347.311 1.56526 0.125 55.5692 0
24.444  184.052  35.5211  182.669 1.73676 0.125 3.72039 0
107.192  183.005  100.819  191.733 2.48668 0.125 0.811332 0
135.543  205.929  121.581  207.319 2.58916 0.125 1.66757 0
454.5  150.5  441.509  151.607 2.56447 0.125 3.42942 0
516.383  177.034  533.557  172.729 1.94254 0.125 7.45533 0
667.466  201.952  689.567  203.616 1.89794 0.125 20.2155 0
433.679  259.738  445.673  250.73 2.6013 0.125 13.4748 0
39.7703  443.83  17.4532  431.585 3.4215 0.125 21.296 0
155.007  306.441  153.562  318.507 2.93745 0.125 2.45028 0
39.4652  134.485  47.6713  115.574 1.8347 0.125 16.6464 0
253.616  190.01  240.392  193.027 2.08724 0.125 6.64198 0
264.644  42.8138  256.517  46.5367 2.72743 0.125 2.2932 0
5.5  322.5  5.5  342.5 1 0.125 3.72039 0
311.489  375.051  322.483  374.783 3.07211 0.0625 2.42527 0
596.566  286.807  584.485  285.652 3.3152 0.125 9.32668 0
589.49  175.633  612.586  177.307 2.41404 0.125 25.7106 0
798.507  126.042  783.495  125.814 1.18159 0.125 7.33275 0
17.7517  430.222  7.44775  419.55 2.18302 0.125 2.613 0
435.549  265.369  450.671  271.044 3.04224 0.125 14.408 0
140.467  338.922  125.558  337.757 2.14969 0.125 8.38953 0
153.159  110.811  155.461  120.741 3.0061 0.125 4.11395 0
222.606  45.3887  210.337  33.6711 1.54398 0.0625 2.55875 0
544.5  165.5  561.5  165.5 1 0.125 1.01112 0
119.5  218.506  108.482  217.778 2.58889 0.125 10.042 0
164.239  375.44  161.46  387.491 1.87316 0.125 4.20178 0
194.304  323.433  199.836  307.273 2.8128 0.125 16.7823 0
466.651  293.643  478.307  281.317 2.25873 0.125 5.89477 0
305.353  206.414  309.598  248.49 3.39508 0.125 50.3052 0
363.013  276.149  370.962  265.112 2.46801 0.125 7.40595 0
48.4556  445.64  39.7006  442.867 2.25598 0.0625 2.67151 0
385.672  316.766  400.353  307.273 3.50416 0.125 12.7682 0
208.572  290.866  215.834  269.614 3.18601 0.125 22.023 0
220.495  92.4513  209.406  93.5726 2.09046 0.125 4.20178 0
259.55  251.179  246.556  249.143 1.47588 0.125 0.668085 0
288.444  417.161  298.499  415.494 1.9639 0.125 1.91421 0
13.4928  227.458  55.4592  220.262 2.73111 0.125 43.9598 0
518.996  119.482  519.364  109.458 1.92543 0.125 3.72039 0
218.367  315.698  205.695  307.209 2.50046 0.125 9.21386 0
219.682  263.784  211.213  261.63 2.92403 0.125 3.13013 0
269.881  279.486  284.612  273.79 2.79808 0.125 12.5627 0
295.518  410.751  282.501  410.445 2.18754 0.125 7.40595 0
355.5  191.5  329.5  191.5 1 0.125 9.13893 0
412.948  215.336  409.691  206.43 1.78737 0.125 1.01112 0
585.309  285.58  566.468  283.851 3.71837 0.125 28.7004 0
625.462  288.944  596.509  288.173 3.0522 0.125 40.5722 0
613.494  227.98  626.504  227.831 1.12563 0.0625 1.63941 0
698.591  137.672  685.897  144.354 2.18884 0.125 0.398689 0
459.436  313.443  481.564  288.442 2.77229 0.125 23.8515 0
24.0564  299.984  34.2534  291.213 1.95631 0.125 3.13013 0
182.2  227.301  176.901  208.67 2.20565 0.125 3.23875 0
320.502  158.045  305.498  158.105 3.02781 0.125 2.31447 0
378.2  395.512  378.04  404.51 2.08819 0.125 1.91421 0
554.486  197.239  531.554  198.495 1.49077 0.125 1.79958 0
83.3418  225.56  0.337639  239.536 2.36477 0.125 124.145 0
69.492  217.299  87.4636  216.585 2.11754 0.125 9.96236 0
453.032  94.4755  454.369  123.46 1.82809 0.125 16.313 0
601.5  126.5  625.5  126.5 1 0.125 7.33275 0
290.819  295.501  290.849  285.498 3.01746 0.125 0.398689 0
374.7  271.614  367.806  283.675 2.85326 0.125 7.02683 0
387.345  205.59  391.415  167.491 2.66441 0.125 27.7129 0
394.571  223.512  398.912  198.398 2.2142 0.125 25.3784 0
395.645  290.632  406.617  278.511 2.47357 0.125 10.8268 0
418.119  250.138  431.268  236.28 1.74797 0.125 11.7388 0
159.703  433.999  169.685  438.043 1.27889 0.0625 0.463196 0
225.562  238.549  238.404  222.424 2.66511 0.125 27.4678 0
279.532  252.386  264.597  248.156 2.90355 0.125 13.4039 0
473.606  250.94  462.526  253.607 1.47638 0.125 0.108034 0
544.585  281.219  530.514  280.29 2.79567 0.125 19.3228 0
692.139  223.059  683.316  230.275 2.6733 0.125 3.28424 0
34.084  114.632  29.8152  133.571 2.48683 0.125 5.3226 0
147.323  268.518  148.545  280.495 2.19274 0.125 2.34059 0
404.295  276.418  407.617  268.146 2.04601 0.0625 3.0454 0
165.849  440.483  151.482  435.554 3.24532 0.125 19.4289 0
46.4678  219.295  14.4716  224.319 1.18375 0.125 16.2936 0
174.265  311.346  169.853  318.076 3.05712 0.125 3.1603 0
196.501  120.506  182.433  121.714 1.76592 0.125 7.33275 0
291.064  245.393  289.709  263.516 2.91704 0.125 10.4727 0
366.244  389.473  368.892  364.436 2.30445 0.125 8.73776 0
375.445  333.466  385.422  317.452 2.97743 0.125 14.225 0
459.453  100.579  460.957  82.4549 1.99315 0.03125 3.05389 0
659.166  189.585  660.681  177.65 2.36174 0.125 5.69779 0
95.9898  26.4434  98.8781  51.4563 2.33093 0.125 12.5188 0
159.634  0.467981  159.373  7.53227 2.22033 0.125 1.55013 0
405.19  189.48  406.611  167.507 1 0.125 5.52657 0
325.576  362.282  314.827  358.558 2.50732 0.125 2.34059 0
426.141  344.174  455.692  311.675 1.47664 0.125 29.5452 0
0.179025  314.967  9.43522  309.392 2.57959 0.125 4.84021 0
32.4353  103.482  27.3823  121.467 2.6177 0.125 2.52005 0
43.1593  436.712  69.6002  444.144 2.95089 0.125 16.7768 0
158.41  323.447  163.598  314.557 2.9507 0.125 2.613 0
503.385  256.468  520.5  258.499 2.15395 0.125 10.8174 0
241.528  313.966  229.452  314.682 2.02886 0.125 3.13013 0
255.513  266.672  238.458  267.937 2.36444 0.125 4.81925 0
316.154  490.554  318.469  505.505 2.65862 0.125 7.02683 0
589.501  227.545  611.511  227.218 2.25191 0.125 19.4053 0
621.5  121.5  644.5  121.5 1 0.125 6.42966 0
288.319  437.703  280.941  431.128 3.06766 0.125 1.79958 0
7.60244  379.305  19.4824  385.534 2.70002 0.125 6.04281 0
215.665  267.062  239.648  276.108 3.26651 0.125 22.5548 0
612.386  189.78  597.444  192.148 2.60126 0.125 4.60708 0
20.2576  385.308  35.6703  389.932 2.87343 0.125 10.4464 0
217.863  197.856  202.782  212.774 2.22575 0.125 1.47218 0
372.025  410.507  371.807  395.496 1.18863 0.125 7.33275 0
521.545  276.772  512.627  278.26 2.13727 0.125 0.668085 0
38.4971  196.483  88.4511  188.205 2.17623 0.125 36.8083 0
160.126  7.7365  164.719  14.9943 2.84541 0.125 3.1603 0
280.58  272.043  262.53  274.706 2.56237 0.125 9.82159 0
408.511  267.505  414.173  255.348 3.01749 0.125 8.50244 0
777.981  174.05  790.578  178.267 3.47565 0.125 11.9302 0
16.7952  424.9  7.05792  407.751 2.37295 0.125 3.81096 0
37.0728  388.631  31.2359  369.581 2.4209 0.125 12.0749 0
145.336  360.438  144.384  347.509 2.845 0.125 1.15525 0
145.79  244.421  144.557  255.506 1.98773 0.125 4.20178 0
275.711  295.827  287.369  288.297 3.20383 0.125 13.4039 0
371.217  204.765  377.466  187.857 2.32458 0.125 7.2156 0
532.445  279.743  519.47  279.17 2.35089 0.125 11.0177 0
598.479  194.932  614.494  194.328 2.2625 0.125 0.672749 0
84.3216  444.222  48.2972  435.321 2.38737 0.125 21.1034 0
370.201  359.47  371.984  341.548 1.09416 0.125 0.668085 0
164.453  15.5018  164.728  22.4911 2.15535 0.125 1.01112 0
372.5  236.5  356.5  236.5 1 0.125 0.108034 0
382.716  271.767  397.171  260.093 2.78317 0.125 15.3546 0
444.707  313.684  454.58  302.571 1.82902 0.125 0.811332 0
266.317  220.906  282.168  189.333 2.71784 0.125 29.2781 0
354.961  302.655  350.325  316.441 1.91248 0.125 2.34059 0
70.3757  358.132  54.4035  354.991 2.15539 0.125 5.07047 0
123.483  436.621  92.531  432.279 1.14711 0.125 10.0068 0
157.721  229.774  148.648  227.014 2.37014 0.125 1.42765 0
238.509  192.03  228.494  191.847 1.16409 0.125 1.01112 0
251.832  496.734  259.202  486.289 2.11518 0.125 2.34059 0
364.387  407.489  366.069  390.457 1.2044 0.125 4.62348 0
188.486  484.023  178.493  483.761 2.10435 0.125 3.72039 0
402.443  96.5001  402.474  110.5 1.01325 0.0625 0.463196 0
18.5238  199.628  37.6076  196.078 2.33199 0.125 15.0905 0
398.364  194.483  401.307  171.475 1.90336 0.125 8.01974 0
633.468  138.719  640.608  139.76 2.1233 0.0625 4.02142 0
196.783  104.288  202.78  112.291 3.00038 0.125 1.79958 0
230.426  309.477  243.427  310.465 2.76414 0.125 3.80613 0
385.217  275.341  380.599  283.555 3.21365 0.125 1.79958 0
299.488  149.217  268.499  150.483 1.24408 0.125 18.1698 0
194.277  284.15  201.461  286.615 2.2163 0.0625 1.8894 0
219.179  330.69  236.751  360.351 2.29562 0.125 15.288 0
397.947  436.817  391.686  445.632 2.68207 0.125 1.63274 0
412.058  395.638  405.432  422.483 1.9787 0.125 9.15904 0
39.5406  239.033  30.5167  239.72 2.29794 0.125 1.42765 0
405.619  111.494  404.692  91.4911 1.46188 0.125 12.7513 0
144.866  38.4866  145.381  52.541 1.96206 0.125 5.69779 0
164.74  407.181  157.381  401.659 2.60033 0.125 4.20178 0
27.3374  240.378  0.467207  244.274 2.56784 0.125 16.907 0
381.5  139.504  362.479  139.276 2.96372 0.125 21.0817 0
413.035  318.565  415.951  339.437 2.00251 0.125 6.41405 0
566.494  180.379  594.48  179.077 1.62609 0.125 1.88397 0
263.522  234.506  266.303  223.451 1.70793 0.125 1.55013 0
194.69  396.29  203.062  403.88 2.25582 0.0625 0.448113 0
377.498  150.585  347.514  149.889 1.30151 0.125 7.83855 0
179.413  74.7318  185.561  74.0329 2.55203 0.125 1.01112 0
337.517  226.726  699.449  234.776 7.53195 0.125 175.17 0
632.5  171.481  551.507  170.73 2.74198 0.125 153.156 0
13.2159  274.28  126.81  247.831 4.48308 0.125 97.4018 0
711.92  236.702  704.428  289.49 4.37543 0.0625 53.0471 0
283.934  232.604  293.814  286.442 3.20405 0.125 25.7721 0
159.809  48.0225  152.232  74.8598 3.80366 0.125 28.5101 0
144.29  1.52121  153.678  94.3809 2.99567 0.125 35.9175 0
245.088  140.297  158.151  316.327 2.69693 0.125 26.1061 0
551.322  115.526  257.278  142.032 14.4536 0.125 222.188 0
265.439  100.115  270.418  73.4847 5.09042 0.125 13.2204 0
191.884  211.92  227.437  179.431 3.48683 0.125 37.0722 0
86.4776  397.438  171.381  399.466 11.1163 0.0625 95.6566 0
485.638  231.873  241.475  246.076 4.41083 0.125 6.50683 0
147.704  392.483  150.933  430.292 5.83277 0.125 16.4604 0
78.5715  391.425  177.133  397.981 19.9559 0.0625 204.417 0
537.21  175.557  631.89  161.418 10.7372 0.125 17.8507 0
435.726  192.763  629.351  223.438 15.8617 0.125 50.7379 0
634.575  401.546  616.451  400.127 3.84918 0.125 16.6185 0
148.543  179.554  143.215  281.537 4.35974 0.125 24.2917 0
104.428  398.086  155.304  399.506 18.0767 0.125 76.776 0
67.4652  177.238  132.643  168.579 3.20905 0.125 87.2277 0
350.732  346.478  342.792  262.472 3.87315 0.125 107.267 0
509.453  137.075  325.495  157.455 2.32109 0.125 9.66711 0
522.525  261.937  621.504  260.903 6.44895 0.125 117.167 0
712.245  169.511  777.553  173.669 12.9737 0.125 9.17543 0
144.571  401.439  98.4434  398.344 2.10979 0.125 9.02886 0
392.783  155.499  392.533  275.513 13.9771 0.125 5.2466 0
104.495  221.724  586.497  231.649 2.39969 0.125 43.2437 0
66.572  157.208  138.402  174.899 6.27539 0.125 22.9906 0
