364
498.504  389.32  473.513  388.829 2.21558 0.125 29.91 0
591.861  193.487  592.042  184.471 1.95944 0.125 1.91421 0
261.481  286.266  368.466  288.894 3.44862 0.125 270.677 0
342.516  267.176  312.485  267.874 2.27861 0.125 51.5842 0
705.738  525.816  695.514  533.519 2.20999 0.125 0.811332 0
358.525  293.784  346.47  293.361 2.2797 0.125 14.5575 0
269.566  214.119  365.537  218.74 3.51447 0.125 206.669 0
237.341  322.177  205.441  326.012 2.06731 0.125 44.3594 0
254.275  256.544  255.349  237.435 3.0514 0.125 27.0223 0
569.503  476.388  586.494  476.768 1.02214 0.0625 4.02142 0
270.522  289.175  261.508  289.026 2.09852 0.125 1.91421 0
315.499  403.417  276.493  403.836 1.97843 0.125 54.2934 0
92.5203  323.85  61.5085  325.647 2.27125 0.125 38.4021 0
689.378  530.755  680.453  532.211 1.65185 0.0625 4.02142 0
206.508  259.336  195.533  258.813 1.28411 0.125 0.108034 0
239.392  395.602  238.284  383.612 3.26327 0.125 19.976 0
239.731  409.513  239.534  397.483 3.04884 0.125 19.976 0
291.506  266.815  279.498  266.717 1.09812 0.03125 2.8173 0
548.184  199.025  557.882  192.571 1.94608 0.125 4.62348 0
242.05  275.49  241.616  295.503 1.36818 0.125 13.6544 0
697.537  467.506  700.194  451.449 1.80283 0.125 12.7513 0
646.506  386.152  559.495  387.005 2.95084 0.125 189.227 0
549.185  214.255  564.907  194.039 2.19343 0.125 30.4486 0
546.822  190.498  546.881  172.495 1.99015 0.125 13.6527 0
645.543  596.347  601.504  598.572 2.7545 0.125 62.6298 0
700.558  584.772  670.432  591.179 1.89434 0.125 35.4208 0
765.438  364.702  771.556  364.228 2.30286 0.125 1.01112 0
286.535  293.172  271.387  291.569 2.35172 0.125 6.61688 0
148.441  275.498  162.51  276.329 2.4641 0.125 4.94605 0
263.452  458.945  249.47  460.155 1.82013 0.125 5.97339 0
571.52  231.616  560.481  231.371 2.15478 0.125 10.9451 0
326.543  444.505  329.211  423.463 2.34732 0.125 17.6301 0
589.356  523.124  607.472  521.232 2.25662 0.125 19.3228 0
514.504  388.627  499.5  388.563 2.0341 0.125 12.7513 0
608.434  521.535  639.494  519.405 2.47412 0.125 56.0996 0
664.454  592.199  646.418  594.965 1.75276 0.125 14.5575 0
724.513  359.782  736.534  359.232 2.13507 0.125 2.34059 0
375.776  319.528  375.508  312.538 2.19004 0.125 0.108034 0
194.42  236.931  206.463  235.237 2.53785 0.125 8.27934 0
278.538  456.106  264.477  454.731 2.37981 0.125 14.5575 0
226.086  370.894  231.05  359.307 2.36275 0.125 3.28424 0
267.344  422.394  258.787  435.017 1.7114 0.125 7.74756 0
268.656  310.517  267.554  320.506 1.76867 0.125 1.01112 0
713.507  580.523  701.467  584.397 1.56449 0.125 1.91421 0
255.658  236.505  256.062  224.452 3.09896 0.125 17.1751 0
509.522  598.265  497.44  597.142 2.4542 0.125 9.52392 0
574.482  523.262  585.494  522.421 2.68672 0.125 8.63548 0
729.015  572.399  713.411  581.346 2.22069 0.125 10.0485 0
553.51  236.123  530.473  235.513 2.02577 0.125 15.9358 0
377.803  228.485  377.177  257.515 2.4089 0.125 50.9191 0
374.92  292.449  376.516  305.498 1.84254 0.125 0.670152 0
578.456  414.13  594.504  413.612 2.96616 0.125 28.1038 0
242.307  254.138  246.532  240.206 2.08655 0.125 7.41745 0
245.647  456.046  228.519  454.312 2.27963 0.125 15.2144 0
492.502  426.87  508.502  426.78 2.03361 0.125 13.6544 0
181.457  319.991  154.482  322.284 1.92804 0.125 32.6193 0
491.791  594.73  480.512  590.468 1.26726 0.0625 4.02142 0
677.531  352.145  689.438  353.198 1.72794 0.125 2.8173 0
515.645  253.488  514.627  326.488 2.3066 0.125 135.205 0
538.483  248.401  517.413  251.986 1.82463 0.125 19.0729 0
678.469  474.266  649.58  478.105 2.05162 0.125 31.8681 0
452.961  304.501  452.946  289.5 2.01045 0.125 13.6544 0
67.5702  343.845  84.4802  340.403 1.99487 0.125 14.5575 0
243.555  260.416  242.144  276.38 2.05262 0.125 12.192 0
715.275  515.268  705.642  524.646 1.58465 0.125 1.91421 0
549.5  519.5  534.5  519.5 1 0.0078125 15.1627 0
267.5  206.814  312.5  206.796 1.01721 0.125 25.3946 0
635.596  463.566  634.79  452.552 1.70254 0.125 1.91421 0
455.8  289.505  456.045  325.503 1.23133 0.125 34.0006 0
674.826  533.959  719.76  561.069 1.57811 0.125 45.0378 0
732.453  221.116  648.497  231.475 1.99778 0.125 137.378 0
627.09  463.565  624.888  449.597 1.66411 0.125 7.33275 0
344.5  291.5  295.5  291.5 1 0.125 29.91 0
534.5  426.502  550.486  426.968 1.26174 0.125 1.91421 0
329.619  402.482  332.079  418.564 1.74464 0.125 7.51526 0
528.446  458.894  512.605  456.73 2.11696 0.125 7.41745 0
82.5713  340.166  98.4957  338.46 2.34371 0.125 10.8174 0
577.351  242.553  540.479  248.368 2.07832 0.125 54.2934 0
507.501  523.438  519.499  523.574 2.07896 0.125 7.51526 0
568.938  431.315  565.47  441.82 2.83042 0.125 3.42942 0
774.472  355.735  717.564  348.963 2.83596 0.125 83.14 0
327.456  390.793  329.684  398.729 2.7364 0.125 1.42765 0
772.664  556.95  759.63  553.065 2.01792 0.125 3.13013 0
387.217  265.515  384.88  220.48 2.10095 0.125 61.5477 0
471.61  385.987  462.153  368.69 1.50877 0.125 10.4128 0
317.5  434.5  317.5  414.5 1 0.125 3.72039 0
586.489  491.966  606.501  491.568 1.35744 0.125 10.9451 0
397.467  473.544  398.509  450.455 2.23009 0.125 34.4255 0
297.498  255.665  331.505  256.04 2.90054 0.125 55.6605 0
511.729  276.51  511.46  256.487 2.18849 0.125 31.7162 0
428.487  557.517  413.377  545.657 1.06564 0.125 1.55013 0
216.501  493.529  202.44  494.159 2.04278 0.125 6.64198 0
332.509  256.288  371.524  257.918 2.70502 0.125 62.0855 0
373.271  255.5  373.245  230.499 3.01908 0.125 42.768 0
84.2225  268.501  84.193  291.501 1.02953 0.125 5.52657 0
615.496  442.711  637.486  443.165 1.24729 0.125 14.5575 0
649.537  479.423  503.453  485.352 2.64391 0.125 247.535 0
327.57  207.829  366.564  211.884 1.8621 0.125 27.9907 0
459.35  577.732  445.384  568.678 1.42938 0.125 3.1603 0
159.433  328.04  185.464  324.253 2.71755 0.125 42.4645 0
324.5  265.5  307.5  265.5 1 0.125 1.01112 0
115.192  335.173  130.527  331.618 2.31547 0.125 11.7388 0
426.078  484.589  424.578  477.484 3.14187 0.125 2.2932 0
535.782  459.306  545.857  473.943 1.3372 0.125 6.42966 0
86.7406  291.501  86.8365  266.497 1.08432 0.125 8.23584 0
664.583  346.27  651.477  341.565 1.68932 0.125 3.31706 0
281.521  355.885  302.531  356.604 2.44346 0.125 22.8982 0
707.616  347.606  669.477  342.677 2.71891 0.125 49.1478 0
641.487  407.205  537.553  411.723 2.5188 0.125 169.778 0
477.602  450.637  478.624  442.391 2.36222 0.125 3.72039 0
466.462  579.553  451.326  568.744 1.28058 0.125 3.1603 0
699.1  521.041  704.345  516.469 2.82182 0.125 0.668085 0
429.506  271.438  427.501  303.437 2.05592 0.125 38.044 0
220.863  529.509  221.13  518.491 3.2176 0.125 4.51227 0
543.37  377.818  556.466  375.321 2.94688 0.125 10.0485 0
555.579  370.991  543.723  372.892 2.96216 0.125 18.1698 0
425.288  447.567  430.616  464.464 1.25442 0.125 5.52657 0
159.5  256.5  159.5  236.5 1 0.125 3.72039 0
608.464  491.024  648.463  488.011 2.44503 0.125 64.2028 0
20.4005  337.62  0.429512  339.876 2.11636 0.125 16.9572 0
639.524  442.221  678.481  440.921 2.46591 0.125 43.1298 0
64.4826  417.991  74.5051  417.649 2.13535 0.125 0.668085 0
349.555  381.319  363.476  385.577 2.79005 0.125 7.02683 0
456.472  328.066  484.484  326.248 2.5137 0.125 34.6875 0
518.44  539.425  526.245  533.181 2.81115 0.125 4.84021 0
332.835  429.381  335.486  436.859 2.15951 0.0625 1.8894 0
404.393  526.609  387.215  509.791 1 0.125 8.38953 0
441.539  410.396  455.472  415.576 1.17764 0.125 1.01112 0
112.456  212.081  90.384  214.393 1.94184 0.125 5.83682 0
331.455  356.548  342.478  356.028 1.90343 0.125 0.668085 0
798.552  345.032  784.611  343.495 2.20713 0.125 10.4128 0
39.5097  444.6  26.6306  445.848 2.85873 0.125 10.8174 0
219.781  509.52  219.362  494.504 2.25014 0.125 6.21758 0
293.5  290.5  276.5  290.5 1 0.125 1.01112 0
261.467  221.596  260.276  233.577 2.9853 0.125 18.1698 0
117.444  385.431  126.299  378.253 2.81307 0.125 10.1408 0
75.0432  416.912  97.4785  399.472 2.98532 0.125 48.6738 0
1.26591  483.263  23.3828  461.382 2.85106 0.125 59.8461 0
336.494  430.506  344.093  437.917 2.89906 0.125 1.99536 0
767.567  341.789  734.483  338.68 2.0848 0.125 27.1594 0
28.2421  378.738  75.2724  362.827 2.35618 0.125 55.904 0
360.823  489.184  348.466  476.533 0.5 0.0625 0.409064 0
677.566  411.57  697.537  412.976 1.78426 0.125 15.7549 0
88.2556  398.482  78.881  405.696 3.04919 0.125 11.7388 0
218.036  417.439  220.271  400.47 2.89711 0.125 21.1621 0
367.534  415.489  363.197  402.602 3.15315 0.125 7.2156 0
504.435  416.638  473.685  402.109 1.9574 0.125 29.5452 0
784.217  355.633  771.582  359.751 2.21142 0.125 8.63548 0
566.45  445.721  583.572  444.629 2.50517 0.125 22.8949 0
24.3125  461.274  31.4059  455.387 2.6855 0.125 2.27789 0
376.229  344.192  365.561  353.569 1.95674 0.125 3.1796 0
95.2358  351.31  85.3793  352.5 4.2108 0.125 5.04815 0
0.424311  331.597  36.5061  328.573 1.83156 0.125 34.0473 0
333.93  376.351  347.525  381.432 2.57364 0.125 2.45028 0
96.473  397.32  88.6485  398.492 2.57038 0.0625 0.937202 0
87.5524  330.299  61.5333  332.007 2.58532 0.125 24.6724 0
447.495  332.002  469.503  331.765 2.07512 0.125 22.8949 0
24.6757  22.6829  13.9795  32.9582 2.07834 0.125 9.26472 0
80.3142  361.966  104.515  353.543 2.70814 0.125 24.7913 0
686.337  485.535  716.489  480.434 2.00171 0.125 35.7782 0
510.5  313.5  510.5  295.5 1 0.125 1.91421 0
421.781  535.614  425.82  525.629 2.20796 0.125 5.08724 0
15.6316  383.825  27.6802  378.945 2.58121 0.125 10.0068 0
105.182  353.539  132.503  344.509 2.26121 0.125 38.4462 0
70.4326  299.183  58.5454  301.713 1.89343 0.125 1.42765 0
386.461  345.425  378.912  349.377 2.65774 0.125 0.57978 0
351.512  222.894  341.491  223.199 3.24141 0.125 8.38105 0
649.488  487.533  678.483  487.166 2.24033 0.125 23.2955 0
367.501  223.533  352.499  223.542 3.00366 0.125 19.5769 0
523.454  411.62  497.455  401.617 2.94228 0.125 38.8667 0
622.5  410.5  638.5  410.5 1 0.125 0.108034 0
28.3354  368.859  12.3606  372.957 2.68274 0.125 18.703 0
522.497  433.862  548.501  433.734 1.1177 0.125 9.13893 0
11.3323  373.088  0.150688  377.642 2.57298 0.125 8.38953 0
300.521  219.768  288.517  220.711 2.54215 0.125 5.7097 0
544.832  140.524  543.47  159.498 1 0.125 1.91421 0
613.817  357.505  613.686  338.499 2.10308 0.125 17.5383 0
740.337  457.017  717.407  449.797 1.60736 0.125 20.8791 0
72.5081  333.271  95.5147  334.086 1.28259 0.125 11.8482 0
281.5  373.542  320.505  373.868 2.14166 0.125 56.9471 0
75.1972  356.176  52.4714  361.375 2.61862 0.125 27.0223 0
24.5  349.5  5.5  349.5 1 0.125 2.8173 0
280.503  218.529  264.451  219.946 2.87157 0.125 18.5634 0
677.111  438.692  671.979  428.264 2.69171 0.125 4.11395 0
193.354  272.5  193.38  293.499 2.00611 0.125 2.47705 0
321.66  343.944  368.638  338.745 3.31978 0.125 59.9357 0
350.282  444.776  388.269  474.793 1.77221 0.125 35.6524 0
39.4946  328.416  61.4674  326.996 1.60879 0.125 13.6527 0
496.687  401.069  475.372  391.794 2.9119 0.125 23.1493 0
359.674  408.211  338.527  395.455 1.90282 0.125 17.6988 0
723.526  367.334  680.481  360.622 1.84878 0.125 33.9911 0
321.507  353.245  331.506  353.153 2.02756 0.03125 4.5942 0
313.486  328.321  367.538  323.97 3.56462 0.125 82.3838 0
386.259  414.361  387.952  423.6 2.7707 0.125 3.98429 0
581.498  540.346  595.503  540.382 2.03039 0.125 11.8482 0
46.2299  364.246  28.4105  368.084 3.06806 0.125 11.4948 0
338.03  398.275  358.859  410.909 2.04646 0.125 20.2951 0
752.545  423.324  725.507  416.473 1.51305 0.125 15.0746 0
247.143  239.232  251.521  235.386 2.82253 0.125 1.01112 0
27.5  346.5  5.5  346.5 1 0.125 5.52657 0
488.451  347.494  469.497  346.556 2.29433 0.125 7.6803 0
3.40973  303.227  15.4908  302.37 1.35354 0.125 0.108034 0
778.454  429.689  762.434  425.771 1.68409 0.125 7.74756 0
275.057  397.349  272.15  386.595 2.45261 0.125 10.042 0
25.5  314.5  0.5  314.5 1 0.125 8.23584 0
5.5  347.5  22.5  347.5 1 0.125 1.01112 0
437.171  425.407  446.251  422.672 3.25332 0.125 1.79958 0
534.441  413.072  523.419  412.656 2.99787 0.125 0.635488 0
706.515  376.412  663.535  369.289 1.64056 0.125 15.8584 0
502.412  543.094  514.59  544.892 2.85518 0.125 10.8174 0
123.49  183.696  113.465  183.193 2.34825 0.125 2.34059 0
381.824  426.177  373.336  417.663 2.12904 0.125 8.23584 0
766.426  452.748  727.579  441.234 1.56161 0.125 30.5726 0
0.485185  326.103  8.51132  325.803 1.29759 0.0625 4.02142 0
280.462  340.974  311.42  343.482 2.8564 0.125 42.2633 0
377.659  404  390.336  408.018 2.60436 0.125 7.45533 0
631.939  377.87  594.836  352.017 2.43506 0.125 26.8802 0
744.477  418.585  773.514  426.449 1.38753 0.125 16.9572 0
310.5  353.5  294.5  353.5 1 0.125 0.108034 0
620.418  341.976  638.571  345.088 1.29546 0.125 7.33275 0
732.557  428.285  760.44  435.727 1.28928 0.125 12.6064 0
267.486  323.647  312.542  328.074 2.95126 0.125 70.2361 0
402.44  359.882  420.618  362.755 1.76843 0.125 8.27934 0
746.632  472.119  717.343  461.951 1.39041 0.125 11.723 0
798.514  304.069  651.502  299.445 1.57857 0.125 80.7922 0
139.497  305.694  148.509  305.814 3.05278 0.125 1.63274 0
550.487  434.485  563.498  434.658 2.11983 0.125 0.398689 0
607.522  424.293  574.492  425.196 2.61656 0.125 52.7108 0
774.48  251.164  695.467  255.95 1.66323 0.125 31.083 0
798.804  350.425  785.589  354.77 2.86277 0.125 10.8268 0
485.358  539.122  491.711  540.576 4.12228 0.03125 0.247685 0
714.453  401.693  698.42  397.834 1.20625 0.125 3.72039 0
48.4995  309.483  13.5023  310.573 1.90566 0.125 16.4453 0
11.5  344.5  31.5  344.5 1 0.125 3.72039 0
676.518  421.972  632.546  423.676 2.64926 0.125 62.6314 0
766.549  328.849  677.529  322.113 1.36419 0.125 48.4341 0
798.507  276.925  673.505  278.846 1.3697 0.125 98.2705 0
798.533  358.187  785.467  356.819 1.67688 0.125 5.52657 0
713.317  411.247  732.398  415.916 1.50862 0.125 6.5569 0
727.661  428.906  709.378  423.949 1.24414 0.125 6.42966 0
742.427  495.692  723.517  488.456 1.34837 0.125 3.98429 0
476.5  426.5  476.5  442.5 1 0.125 0.108034 0
706.385  24.4775  709.096  10.6165 1.98462 0.125 9.13893 0
233.277  231.284  226.274  229.295 2.33933 0.0625 1.8894 0
339.171  235.524  338.444  225.504 1.43135 0.125 0.108034 0
488.49  343.053  470.499  343.444 1.97781 0.125 3.60558 0
531.499  377.447  475.497  378.267 2.5755 0.125 49.0534 0
517.674  351.479  519.577  367.491 2.97901 0.125 10.6259 0
573.505  234.657  560.486  235.083 1.32673 0.125 2.8173 0
708.5  289.5  681.5  289.5 1 0.125 10.042 0
742.47  483.578  721.534  475.412 1.49994 0.125 9.1425 0
725.458  228.144  781.508  221.57 1.74731 0.125 50.7572 0
747.506  290.376  727.5  290.505 1.08334 0.125 2.8173 0
785.497  265.071  798.503  264.986 1.08507 0.125 5.52657 0
370.468  468.54  388.313  482.735 1 0.125 7.33275 0
525.784  369.582  524.059  354.436 2.21346 0.125 14.8636 0
561.419  448.257  536.504  456.511 3.51805 0.125 31.6051 0
284.507  413.523  303.506  413.665 1.14174 0.125 1.91421 0
11.5453  310.459  0.475511  310.982 1.99777 0.125 3.31706 0
401.194  467.544  400.369  480.492 1.37925 0.125 1.91421 0
683.189  153.484  682.475  167.499 1.35516 0.125 0.563807 0
716.466  451.605  750.481  462.558 1.56484 0.125 18.6604 0
736.499  291.865  798.501  292.049 1.15487 0.125 69.5177 0
526.5  385.5  545.5  385.5 1 0.125 2.8173 0
658.404  366.053  719.472  376.663 1.58234 0.125 60.0375 0
270.506  257.39  259.484  256.795 1.43007 0.125 1.91421 0
511.5  517.5  553.5  517.5 1 0.125 23.5884 0
629.5  423.5  608.5  423.5 1 0.125 4.62348 0
648.499  291.052  701.501  290.917 1.12782 0.125 67.8899 0
727.576  439.236  767.694  450.829 1.45015 0.125 28.9949 0
413.102  443.222  404.516  455.511 2.13334 0.125 1.99536 0
716.447  459.656  738.287  467.124 1.34305 0.125 8.27934 0
643.428  531.937  690.549  525.88 2.90401 0.125 44.3644 0
212.44  186.044  200.366  184.715 2.87255 0.125 10.0068 0
713.577  423.201  730.481  427.573 1.28544 0.125 2.43315 0
446.5  305.5  430.5  305.5 1 0.125 0.108034 0
647.502  277.605  673.492  277.082 1.18099 0.125 8.23584 0
538.031  348.31  544.853  367.374 2.75532 0.125 13.6322 0
234.637  201.14  244.704  204.964 1.71036 0.125 1.01112 0
722.751  448.8  745.67  457.027 1.6893 0.125 2.1969 0
759.522  236.834  780.496  235.437 1.72968 0.125 12.7737 0
115.899  112.815  108.405  119.392 2.00626 0.125 1.55013 0
663.5  407.5  678.5  407.5 1 0.0625 4.02142 0
461.432  389.528  453.477  370.51 1.7126 0.125 3.80613 0
743.477  342.421  729.774  346.435 2.71451 0.125 8.38105 0
122.285  239.93  130.541  238.801 3.10787 0.0625 0.448113 0
555.51  532.005  613.486  533.188 1.97918 0.125 54.293 0
691.481  309.752  704.48  310.754 1.22773 0.0625 4.02142 0
752.604  220.945  739.392  224.038 1.71943 0.125 4.20178 0
768.5  305.5  788.5  305.5 1 0.125 3.72039 0
58.5653  179.005  45.5031  179.572 2.78048 0.125 2.45028 0
112.483  241.022  121.507  240.707 2.10342 0.015625 1.77152 0
788.415  427.076  798.292  411.369 2.10336 0.125 7.6803 0
676.505  428.554  689.473  427.235 1.19723 0.0625 1.63941 0
68.3552  207.04  56.6604  203.902 2.82685 0.125 0.113964 0
655.5  287.5  673.5  287.5 1 0.125 1.91421 0
693.486  423.417  679.552  425.805 1.6335 0.0625 1.55421 0
706.493  310.599  722.477  311.805 1.14765 0.125 1.91421 0
723.501  263.617  742.5  263.468 1.02344 0.125 2.8173 0
763.515  253.721  793.511  251.66 1.50843 0.125 15.9279 0
35.532  158.283  23.3544  156.487 3.25975 0.125 9.32668 0
315.454  398.147  304.501  398.52 2.33867 0.125 4.02883 0
656.513  249.654  668.512  248.641 1.33296 0.0625 0.463196 0
746.332  392.786  737.453  387.58 2.38005 0.0625 0.933453 0
743.507  304.202  756.5  304.511 1.11842 0.0625 0.409064 0
745.521  312.185  765.499  313.519 1 0.125 1.91421 0
758.526  330.169  777.488  331.655 1.3687 0.125 6.42966 0
205.35  195.894  219.236  201.192 2.44655 0.125 3.0083 0
351.2  428.967  338.355  420.726 1.92159 0.125 3.28424 0
708.525  500.804  695.511  501.058 1.98012 0.125 5.97339 0
734.567  445.273  756.432  451.73 1.00388 0.125 5.52657 0
614.381  531.583  638.495  528.458 2.29583 0.125 14.225 0
527.484  476.322  511.519  477.716 1 0.125 0.108034 0
664.5  298.5  694.5  298.5 1 0.125 12.7513 0
498.266  259.472  496.94  270.553 1.74821 0.125 4.62348 0
636.239  263.395  632.57  272.528 2.96585 0.0625 0.189051 0
113.359  143.698  107.487  139.518 3.02397 0.0625 2.67151 0
675.648  364.609  666.405  363.074 2.13678 0.125 0.563807 0
740.5  279.5  774.5  279.5 1 0.125 16.3637 0
746.5  287.5  771.5  287.5 1 0.125 8.23584 0
17.7831  190.687  20.5929  201.476 1.89912 0.125 1.55013 0
677.5  287.5  694.5  287.5 1 0.125 1.01112 0
0.186149  356.856  146.211  328.986 3.30599 0.125 180.307 0
542.564  542.586  663.614  535.424 3.44812 0.125 150.366 0
153.592  322.324  28.5813  336.23 2.86868 0.125 189.486 0
798.588  222.317  690.543  233.9 1.77069 0.125 73.4223 0
432.787  475.639  440.926  517.417 3.64527 0.125 69.9125 0
696.504  299.346  798.516  301.848 1.26391 0.125 49.0178 0
687.515  254.726  787.542  248.14 1.49469 0.125 48.1987 0
572.506  424.837  491.504  424.045 1.6579 0.125 73.2124 0
438.501  351.499  458.087  386.168 3.52225 0.125 32.4949 0
483.432  521.73  573.501  524.473 4.62755 0.125 123.81 0
307.528  266.69  269.503  265.399 2.47401 0.125 74.4059 0
621.54  345.201  763.283  364.124 2.77637 0.125 91.7246 0
648.484  374.579  742.488  393.56 1.39486 0.125 54.3816 0
478.705  329.733  723.659  358.132 4.26001 0.125 156.246 0
686.397  396.944  739.563  409.228 1.50896 0.125 27.4614 0
618.6  514.474  706.594  505.411 2.54455 0.125 61.5611 0
397.567  394.301  430.842  405.481 2.85128 0.125 43.7544 0
448.005  531.705  508.113  538.784 7.53265 0.125 76.8727 0
662.512  245.636  713.464  241.096 1.3511 0.125 30.6449 0
333.98  438.127  369.958  467.947 1.77514 0.125 38.2854 0
546.742  232.501  546.68  140.501 3.0135 0.125 103.273 0
477.434  532.745  682.523  514.762 13.5473 0.0625 203.659 0
31.7203  454.61  121.237  376.2 2.78422 0.0625 10.8391 0
569.5  473.999  737.494  473.833 9.02762 0.125 39.1436 0
625.21  278.414  623.337  306.422 3.79382 0.125 19.2534 0
482.496  492.952  585.499  493.125 4.03028 0.0625 279.668 0
678.544  312.727  745.5  316.505 1.56186 0.125 33.5958 0
24.1584  448.083  0.58757  467.386 3.08825 0.125 49.3309 0
265.481  254.152  296.513  255.041 3.62835 0.125 41.015 0
530.499  489.49  741.497  489.289 8.01814 0.125 198.195 0
568.597  389.241  523.466  387.297 4.30683 0.125 31.8635 0
480.16  420.599  730.069  391.299 26.8439 0.0625 126.592 0
526.499  442.674  696.527  444 6.87498 0.125 49.3968 0
379.72  268.445  301.545  270.918 13.9614 0.125 4.92197 0
715.483  314.809  798.509  319.327 1.66433 0.125 69.081 0
14.5391  334.569  610.468  332.001 27.0221 0.125 78.4548 0
513.431  417.993  681.448  410.35 4.81003 0.125 359.035 0
679.505  276.777  798.504  274.727 1.37873 0.125 96.9314 0
651.495  270.353  777.473  265.752 1.6842 0.125 102.604 0
650.532  318.076  778.472  327.86 1.15548 0.125 63.9185 0
581.495  384.182  341.491  387.942 8.65429 0.125 35.9005 0
397.374  419.718  408.675  529.688 6.28055 0.125 15.6596 0
