490
440.525  225.271  456.549  227.056 1.8796 0.125 11.8482 0
540.504  207.92  484.5  207.51 1.97799 0.125 78.8982 0
350.498  330.453  363.428  329.881 2.02848 0.125 0.670152 0
482.011  165.231  461.275  202.926 2.10186 0.125 58.4262 0
7.18291  343.53  2.23531  291.525 2.04153 0.125 82.2892 0
20.187  338.531  16.5714  301.493 1.86969 0.125 48.8749 0
365.82  41.5006  365.786  0.50059 2.03309 0.125 58.8089 0
45.3475  278.492  46.8451  250.412 2.78272 0.125 33.1618 0
88.0038  262.567  85.9578  247.438 1.7951 0.125 6.64198 0
50.1267  330.46  47.6608  291.553 1.98195 0.125 54.2934 0
96.8318  253.422  97.9979  243.441 2.10254 0.125 4.62348 0
117.853  248.398  119.928  235.252 2.33978 0.125 11.8482 0
73.2023  267.475  75.1454  244.386 2.57014 0.125 26.1641 0
111.532  255.494  108.962  241.416 1.60843 0.125 6.42966 0
599.024  20.4909  597.872  80.5071 2.44094 0.125 76.1921 0
59.9237  410.541  0.396649  446.328 2.07616 0.125 109.097 0
240.796  445.5  240.802  436.5 2.00134 0.125 1.91421 0
175.499  454.535  285.516  458.003 2.42289 0.125 202.053 0
420.254  252.559  424.124  268.591 1.87719 0.125 11.3022 0
459.551  243.043  442.542  241.13 2.0992 0.125 8.29566 0
265.502  449.448  266.637  427.455 2.10042 0.125 25.5762 0
255.331  439.555  256.002  429.467 1.86292 0.125 0.668085 0
273.456  130.198  258.473  130.71 2.51091 0.125 24.4915 0
324.479  357.173  359.502  356.63 2.04628 0.125 40.3817 0
560.525  292.77  551.489  292.949 2.09836 0.125 1.91421 0
643.496  87.3228  662.509  86.8434 1.32734 0.125 13.6544 0
64.7916  419.45  60.4002  393.687 2.06126 0.125 20.1801 0
231.711  442.434  232.629  431.427 2.0762 0.125 6.42966 0
248.603  449.572  255.123  440.237 1.88679 0.125 3.31706 0
518.498  161.675  550.5  161.607 2.03609 0.125 30.4626 0
460.475  200.859  446.457  201.415 1.91904 0.125 8.63548 0
600.44  0.496464  599.311  19.5481 2.58808 0.125 10.8228 0
669.633  214.176  652.603  212.47 2.38714 0.125 14.3442 0
288.555  456.503  289.161  444.483 1.30103 0.125 1.91421 0
560.648  149.459  561.363  134.446 1.99774 0.125 12.7513 0
337.54  153.075  348.537  154.102 2.17731 0.125 2.2932 0
466.016  50.4445  464.645  62.402 1.75926 0.125 3.31706 0
224.978  439.585  222.676  425.471 1.5119 0.125 3.31706 0
126.444  350.109  143.485  351.666 1.71872 0.125 7.74756 0
101.694  458.857  89.5888  455.206 1.24621 0.0625 1.63941 0
537.292  212.002  528.232  233.977 2.34387 0.125 13.4242 0
558.532  196.552  549.328  202.22 2.03007 0.125 3.72039 0
223.47  319.269  241.481  319.978 1.88042 0.125 13.0822 0
530.5  314.811  579.502  314.883 1.99853 0.125 75.0645 0
441.299  67.4431  440.825  77.468 1.85585 0.125 1.55013 0
114.674  117.447  106.565  116.107 2.95989 0.125 2.27789 0
65.3109  274.39  83.4655  271.298 2.4537 0.125 10.4464 0
121.486  376.603  134.516  378.383 1.80286 0.125 0.670152 0
109.513  333.329  147.516  336.291 1.98069 0.125 38.2405 0
598.073  81.4705  595.168  123.477 2.09579 0.125 65.1305 0
713.425  262.173  735.595  264.653 2.21637 0.125 24.8328 0
135.5  273.5  113.5  273.5 1 0.125 5.52657 0
642.489  261.497  637.54  279.511 1.85446 0.125 14.8636 0
39.553  159.452  50.5249  160.007 2.35111 0.125 4.02883 0
254.503  135.426  275.551  136.354 3.04112 0.125 36.2778 0
499.518  163.783  517.508  162.627 1.86764 0.125 13.9727 0
563.702  75.4463  564.844  58.4559 1.86134 0.125 11.3022 0
599.435  307.732  614.496  306.458 1.82427 0.125 8.23584 0
505.514  266.88  488.5  266.493 1.29514 0.125 1.01112 0
183.492  142.662  167.5  142.546 3.0144 0.125 20.4514 0
307.489  71.5021  309.418  81.5158 1.54938 0.125 0.108034 0
652.054  291.416  657.319  263.466 2.03627 0.125 37.1347 0
673.418  196.326  689.61  188.736 1.69775 0.125 12.7513 0
155.558  140.249  148.446  140.796 2.30077 0.125 1.01112 0
641.218  302.236  651.851  291.859 2.09536 0.125 10.4128 0
509.525  275.722  520.514  276.08 1.25932 0.125 0.108034 0
615.412  305.41  635.523  303.789 1.8653 0.125 20.8791 0
710.466  245.483  696.482  245.951 2.26637 0.125 12.7513 0
421.412  503.278  399.309  512.016 1.66527 0.125 14.3442 0
51.8382  144.58  53.1828  155.66 2.46732 0.125 6.86018 0
627.491  388.634  647.535  389.972 3.59288 0.125 32.9264 0
2.28748  333.52  3.60847  347.49 1 0.0625 2.8173 0
786.603  256.181  777.502  255.474 2.91348 0.125 7.74756 0
61.389  299.511  63.5833  321.492 1.09265 0.125 7.33275 0
12.6238  375.493  13.4273  389.504 2.512 0.125 6.61688 0
305.65  449.213  307.367  444.118 2.85346 0.0625 1.63941 0
551.498  161.595  565.512  161.85 1.21872 0.0078125 11.0063 0
182.503  266.902  163.498  266.806 1.09589 0.125 1.91421 0
289.697  435.485  288.792  423.478 1.29773 0.125 0.108034 0
776.523  255.386  763.447  252.765 1.37616 0.125 1.91421 0
22.4504  343.504  27.0463  399.537 2.3203 0.125 75.4624 0
698.454  202.254  716.384  198.884 1.84708 0.125 10.1408 0
103.468  441.676  122.557  445.19 1.88882 0.125 14.5324 0
50.4485  164.1  37.4073  165.78 1.98361 0.125 3.13013 0
567.564  34.5045  568.129  26.4043 2.92307 0.125 5.08724 0
113.443  431.914  98.4515  429.853 1.02776 0.0625 1.63941 0
571.5  285.53  585.502  285.564 0.531619 0.0625 0.463196 0
417.857  266.415  414.321  251.543 1.34725 0.125 0.668085 0
104.733  319.484  103.33  298.511 2.26249 0.125 12.8921 0
695.174  400.691  691.928  397.987 2.81674 0.03125 1.71607 0
179.764  315.74  190.724  303.704 1.41267 0.125 6.42966 0
162.582  266.995  145.545  264.226 1.51728 0.125 7.33275 0
97.6286  202.542  99.9714  195.328 1.28442 0.015625 1.78212 0
314.532  275.907  386.536  279.849 2.4196 0.125 120.65 0
743.367  443.634  735.84  436.158 1.43383 0.0625 0.463196 0
774.388  193.806  784.825  177.079 2.23319 0.125 12.5627 0
92.5367  393.245  107.514  395.4 1.70191 0.125 5.97339 0
2.64169  153.488  3.8488  167.556 1.8217 0.125 3.98429 0
179.498  419.994  197.498  419.924 1.07024 0.125 7.33275 0
671.499  247.718  653.504  247.641 2.03433 0.125 13.9727 0
637.679  351.521  623.2  339.873 2.98177 0.125 30.4486 0
206.502  420.437  255.517  421.929 1.91219 0.125 67.8398 0
636.5  272.5  636.5  257.5 1 0.0625 1.63941 0
784.356  476.297  780.284  473.398 2.91324 0.03125 3.18911 0
732.494  163.965  754.502  163.738 1.21621 0.125 6.64198 0
98.4236  188.691  10.359  197.007 3.30263 0.125 185.734 0
82.4403  328.81  103.618  332.888 1.62231 0.125 17.2667 0
132.476  165.658  120.486  165.992 2.0829 0.125 4.20178 0
383.281  573.732  387.229  560.42 1.91746 0.125 7.74756 0
482.977  473.279  478.832  464.346 2.23511 0.125 1.42765 0
130.704  252.908  139.776  240.705 1.83187 0.125 10.042 0
144.523  81.8719  155.543  81.184 2.24533 0.125 8.23584 0
798.556  259.104  787.493  257.552 1.68534 0.125 0.668085 0
554.911  138.356  552.435  148.484 1.72681 0.125 1.91421 0
0.407232  257.055  11.3492  254.776 1.958 0.125 5.52657 0
133.595  185.379  109.445  187.988 2.87524 0.125 32.9316 0
229.498  417.387  204.507  417.866 1.11471 0.125 7.33275 0
577.987  337.021  602.767  362.221 2.89956 0.125 56.036 0
17.5892  123.416  6.49971  122.503 1.91125 0.125 3.31706 0
48.6136  514.636  58.438  506.426 1.53466 0.125 2.8173 0
61.5816  503.597  103.416  468.401 2.0161 0.125 65.7174 0
475.097  460.783  459.142  438.049 3.13128 0.125 38.9246 0
118.506  164.334  94.4996  163.512 1.40997 0.125 17.2667 0
391.463  280.671  404.504  283.482 1.39897 0.125 1.91421 0
728.502  115.633  756.511  115.182 1.98364 0.125 9.41952 0
613.709  264.047  621.473  250.484 2.85497 0.125 16.8351 0
699.478  83.108  710.444  82.4991 1.49743 0.125 0.108034 0
258.51  419.024  231.5  418.482 1.26085 0.125 11.8953 0
310.049  438.643  315.551  417.513 2.90321 0.125 28.6906 0
0.931821  556.002  42.8804  519.943 1.96876 0.125 63.8173 0
26.5057  171.323  48.515  172.037 2.19348 0.125 26.0149 0
526.499  149.971  511.497  150 3.02398 0.125 16.068 0
413.348  532.465  410.634  544.301 2.02989 0.125 4.02883 0
622.49  241.499  623.057  233.469 2.34735 0.125 2.8173 0
251.507  93.4183  268.555  94.8438 2.32635 0.125 8.50244 0
784.064  502.993  797.309  514.716 1.09288 0.125 1.55013 0
74.9489  461.76  39.9778  487.799 1.77425 0.125 43.6424 0
570.463  132.208  579.695  131.043 2.72595 0.125 0.670152 0
612.336  353.739  608.151  349.807 2.82706 0.125 1.01112 0
763.353  317.936  740.353  323.935 1.85181 0.125 22.0015 0
155.406  48.8517  171.589  53.1647 1.80491 0.125 3.28424 0
649.412  387.59  633.181  371.828 1.0283 0.125 7.51526 0
740.518  113.188  725.502  113.583 1.31518 0.0625 2.8173 0
108.88  334.689  115.233  355.581 1.70651 0.125 19.976 0
195.405  190.352  179.07  200.829 2.35106 0.125 5.54563 0
678.497  262.765  712.504  262.648 2.00341 0.125 47.0687 0
792.196  305.672  775.598  311.767 1.78209 0.125 11.3022 0
557.444  282.726  570.627  285.987 1.24166 0.125 0.108034 0
176.139  450.484  176.624  439.505 1.90981 0.125 0.668085 0
326.52  472.113  310.472  472.641 2.49198 0.125 15.9723 0
452.477  34.7987  392.475  36.7259 3.06266 0.125 125.61 0
496.491  305.692  521.53  306.846 2.45809 0.125 40.7471 0
661.501  260.48  681.427  261.692 2.99446 0.125 38.0378 0
690.71  398.256  636.886  352.05 1.20245 0.125 43.2084 0
17.9475  139.705  21.6966  149.798 1.98202 0.125 0.563807 0
711.489  164.909  728.502  164.594 1.24089 0.125 2.8173 0
50.5321  594.574  61.611  589.755 1.59538 0.125 3.72039 0
331.491  452.382  385.569  448.453 2.46752 0.125 82.7518 0
743.492  199.056  798.501  198.74 1.99422 0.125 80.4168 0
623.56  211.382  631.539  215.423 3.10546 0.125 5.76976 0
250.163  523.48  289.497  510.49 2.51755 0.125 44.4519 0
432.376  240.782  430.549  233.488 2.42412 0.125 1.91421 0
673.306  243.188  654.4  237.854 1.33355 0.125 3.98429 0
653.51  227.467  678.508  227.703 2.21704 0.125 42.5533 0
703.454  114.999  720.493  116.572 2.09914 0.125 12.7737 0
232.5  452.5  207.5  452.5 1 0.125 8.23584 0
408.535  488.119  401.78  505.215 3.03057 0.125 17.8317 0
535.883  0.146141  556.899  6.08788 2.50904 0.125 19.329 0
277.5  472.5  259.5  472.5 1 0.125 1.91421 0
291.32  510.002  311.25  502.809 2.14278 0.125 15.9279 0
707.805  10.4519  708.494  0.499572 1.41192 0.0625 1.61318 0
80.8316  62.5807  82.0365  72.556 1.86565 0.125 1.91421 0
111.936  355.371  106.355  336.543 1.17089 0.125 2.2932 0
38.5004  70.4961  53.4297  72.1386 2.65392 0.125 15.4127 0
588.486  195.889  570.473  196.291 2.28904 0.125 18.1698 0
171.188  201.175  160.958  210.978 1.62501 0.125 5.97339 0
532.621  3.01728  522.741  0.539264 1.94305 0.03125 1.8264 0
76.1995  448.675  69.9077  437.844 1.14464 0.0625 2.8173 0
10.1127  352.439  11.5186  366.498 1.89056 0.125 10.042 0
265.462  267.28  193.495  265.739 2.74868 0.125 89.2743 0
265.514  422.293  276.532  423.022 1.92964 0.125 2.8173 0
295.491  192.338  307.51  191.685 1.48736 0.125 2.8173 0
369.196  534.579  387.211  528.625 2.55077 0.125 9.45297 0
681.226  386.819  641.413  352.602 1 0.125 21.9297 0
352.362  479.057  327.305  486.874 2.44363 0.125 19.0687 0
377.508  521.524  365.796  525.395 2.84039 0.125 9.10874 0
323.6  498.763  340.441  492.344 1.7809 0.125 13.6544 0
528.585  544.443  515.405  524.563 1 0.125 7.74756 0
272.496  259.68  163.509  257.118 2.46936 0.125 143.027 0
734.757  436.197  709.372  414.65 1.15284 0.125 14.5324 0
90.3192  394.32  89.3582  400.631 3.06799 0.125 2.43315 0
163.606  257.964  150.526  255.371 2.73957 0.125 3.0083 0
214.509  273.697  253.504  274.117 2.2693 0.125 55.1965 0
344.577  270.576  311.475  267.802 2.74468 0.125 60.2035 0
346.476  440.25  331.518  441.684 1 0.03125 3.18911 0
8.15706  425.871  0.309793  430.151 2.71347 0.125 3.1603 0
14.5872  68.5134  24.5974  69.3981 1.72815 0.125 1.01112 0
772.683  468.286  757.588  455.397 1 0.125 0.563807 0
62.4881  38.5584  121.671  50.6647 2.53832 0.125 76.401 0
307.535  417.419  306.443  430.495 2.90639 0.125 18.4304 0
303.219  531.63  320.658  525.99 1.78982 0.125 8.25658 0
27.675  497.781  19.2154  503.042 1.58431 0.125 0.108034 0
100.345  577.07  116.42  571.279 2.63538 0.125 11.1078 0
142.681  141.568  145.905  180.549 1.98592 0.125 55.1965 0
341.157  492.59  375.55  479.634 2.44197 0.125 48.5038 0
22.4358  225.155  31.4946  223.471 1.71403 0.125 0.108034 0
195.492  452.68  177.482  451.918 1.16815 0.125 5.52657 0
284.624  580.813  296.707  576.023 2.6132 0.125 1.66757 0
337.497  443.364  354.51  443.025 1.27935 0.125 5.52657 0
174.886  204.023  147.759  238.924 2.80296 0.125 45.361 0
291.676  479.027  281.777  482.331 1.5843 0.125 0.108034 0
132.427  567.363  144.272  561.07 1.3769 0.125 2.8173 0
232.483  479.44  221.544  482.65 1.91911 0.125 2.43315 0
43.4604  128.049  20.5077  126.393 1.85092 0.125 18.0571 0
54.4395  246.106  64.5092  244.56 1.82499 0.125 0.668085 0
286.499  320.528  311.509  320.985 1.36548 0.125 11.8953 0
418.501  466.508  446.677  462.869 3.16544 0.125 35.3104 0
590.5  286.5  609.5  286.5 1 0.125 2.8173 0
340.485  384.072  353.504  383.624 1.34342 0.125 3.72039 0
469.553  510.637  457.425  515.306 1.86646 0.125 2.2932 0
376.527  444.004  336.537  446.174 2.23704 0.125 22.0562 0
730.497  144.374  702.515  145.082 1.22742 0.125 17.2667 0
211.515  276.951  338.502  280.421 2.15216 0.125 175.925 0
471.129  580.445  469.316  592.621 2.27279 0.125 4.02089 0
621.436  223.532  614.538  209.481 1.38727 0.125 4.62348 0
39.3829  408.289  29.1932  413.947 2.13728 0.125 5.08724 0
374.508  438.686  358.495  439.388 1.95428 0.125 9.26472 0
522.499  26.5859  503.489  26.3268 2.17694 0.125 19.3517 0
508.496  202.134  539.503  201.777 1.32254 0.125 28.347 0
779.516  240.383  740.573  234.975 1.98099 0.125 25.424 0
265.705  76.6478  295.655  83.858 1.67439 0.125 22.0298 0
10.5161  119.358  31.4734  121.735 1.01405 0.125 4.62348 0
374.947  567.275  370.883  577.249 1.52361 0.125 0.108034 0
606.887  369.141  619.392  382.601 1 0.0625 1.11411 0
633.507  366.492  647.641  379.345 1 0.0625 1.11411 0
168.518  457.388  156.347  455.469 2.18462 0.125 2.34059 0
282.5  109.474  297.497  109.258 2.14347 0.125 4.94605 0
578.393  469.049  549.371  475.959 3.42794 0.125 41.313 0
721.506  246.761  711.512  246.997 2.09369 0.0625 2.24793 0
563.525  249.445  604.959  268.502 1.83589 0.125 42.3487 0
499.524  25.0507  484.51  25.7181 2.48646 0.125 17.1751 0
194.446  315.341  221.527  317.083 1.89687 0.125 23.7673 0
375.721  591.344  374.259  598.652 2.15737 0.125 1.01112 0
143.317  178.517  141.346  157.514 1.12101 0.125 7.33275 0
80.282  584.949  93.2323  579.824 2.05345 0.125 2.45711 0
609.47  458.38  602.178  460.228 3.38607 0.125 0.670152 0
147.508  398.371  228.513  403.287 2.57326 0.125 66.3624 0
278.477  266.513  267.483  266.261 2.0911 0.125 0.57978 0
486.5  227.5  507.5  227.5 1 0.125 4.62348 0
700.464  210.114  737.424  206.68 3.15028 0.125 46.1808 0
348.5  400.472  286.497  401.238 2.33357 0.125 40.8797 0
33.5089  122.388  51.4759  123.805 1 0.125 1.01112 0
52.4788  333.501  53.4809  350.501 1.64562 0.125 8.63548 0
490.408  488.309  469.447  498.389 1.90581 0.125 11.811 0
533.5  286.5  551.5  286.5 1 0.125 1.91421 0
19.2809  289.353  30.2621  287.255 2.759 0.125 10.4128 0
183.527  370.583  181.219  343.524 2.92746 0.125 40.631 0
0.467033  104.771  47.502  110.483 1.65944 0.125 29.1604 0
322.356  525.148  329.406  522.271 1.43743 0.03125 0.245595 0
495.385  546.562  508.164  570.14 1.725 0.125 10.4464 0
773.506  175.098  798.516  175.486 2.18615 0.125 16.313 0
90.1022  405.776  94.616  428.674 2.98577 0.125 32.0795 0
143.764  428.588  144.82  413.453 3.27134 0.125 21.0695 0
178.498  180.476  186.43  179.744 2.26722 0.125 0.108034 0
186.234  145.517  188.393  178.441 1.94661 0.125 39.901 0
591.475  335.614  578.482  335.326 2.24297 0.125 17.2667 0
100.56  268.635  91.9421  272.489 2.23398 0.125 0.563807 0
286.521  401.765  187.488  398.92 1.49958 0.125 94.9495 0
454.796  342.467  451.88  316.57 3.20497 0.125 31.7549 0
182.042  342.466  180.839  323.479 1.80637 0.125 9.10874 0
247.51  472.35  230.518  471.233 1.12896 0.0625 1.11411 0
235.518  192.156  261.526  191.426 3.13917 0.125 15.8938 0
382.499  295.4  349.493  295.669 1 0.125 12.192 0
338.575  471.209  401.508  464.574 2.77685 0.125 67.3371 0
481.5  29.5  481.5  46.5 1 0.125 1.01112 0
536.575  477.232  495.598  481.45 3.29142 0.125 47.2568 0
706.889  232.472  706.237  223.519 2.35793 0.125 1.42765 0
740.501  206.374  759.499  206.591 1.56849 0.125 1.91421 0
52.7924  0.466925  54.2695  13.5261 1.76254 0.125 7.33275 0
113.871  418.597  112.316  408.528 2.50697 0.125 6.86018 0
295.504  289.349  270.495  288.691 1.4467 0.125 22.6853 0
448.511  315.499  449.316  327.512 1.92869 0.125 3.1603 0
49.7366  66.9307  40.046  49.7562 1.28566 0.0625 2.00187 0
81.2649  448.585  77.9398  439.342 3.3105 0.125 7.40595 0
72.354  324.861  81.827  328.691 2.60385 0.125 3.98429 0
281.523  236.259  258.45  234.012 1.86756 0.125 5.291 0
330.522  431.504  328.963  440.406 1.97001 0.125 1.01112 0
462.543  262.684  474.51  263.319 3.0488 0.125 3.80613 0
640.5  83.5  668.5  83.5 1 0.125 10.9451 0
75.3622  416.511  73.2527  390.52 2.47884 0.125 29.5452 0
360.501  345.612  350.505  345.657 2.01791 0.125 1.91421 0
684.496  146.046  669.49  145.939 1.97854 0.125 11.8482 0
115.424  207.173  133.607  202.963 3.07637 0.125 11.7402 0
155.295  441.701  143.427  429.572 2.84359 0.125 16.7823 0
143.514  271.667  160.479  270.252 1.07964 0.125 1.01112 0
185.842  176.476  183.726  146.484 1.1506 0.125 14.8636 0
307.465  465.228  319.485  465.809 2.33519 0.125 2.45711 0
590.5  291.5  561.5  291.5 1 0.125 11.8482 0
639.768  304.594  632.766  324.593 3.06694 0.125 13.2898 0
708.501  46.1164  697.499  46.0983 2.0148 0.125 1.42765 0
780.5  212.161  798.5  212.159 1.00192 0.125 0.108034 0
28.4799  283.41  18.5286  285.628 2.16967 0.125 3.31706 0
564.882  235.897  573.05  228.032 1.57471 0.125 5.52657 0
133.534  428.597  131.609  409.489 2.68415 0.125 20.1801 0
153.503  291.468  137.536  290.085 1.73357 0.125 7.74756 0
549.588  475.028  537.427  477.063 2.9628 0.125 15.7549 0
25.6636  51.4785  27.7792  67.5946 1.77242 0.125 6.5569 0
519.503  597.498  511.031  583.79 1.50047 0.125 2.2932 0
54.7745  55.4702  56.2989  69.5218 1.55693 0.125 6.42966 0
584.178  225.956  571.785  233.292 2.77476 0.125 4.81925 0
53.5161  124.295  114.455  129.076 1.93561 0.125 51.2731 0
723.525  237.271  761.512  241.387 2.41924 0.125 24.3479 0
793.495  142.345  775.481  142.909 1.03081 0.125 1.01112 0
527.509  254.324  496.488  252.744 1.84477 0.125 29.8681 0
610.048  273.795  596.943  282.192 2.89398 0.125 6.85783 0
136.619  63.7054  107.669  59.3691 2.81877 0.125 38.8667 0
260.499  264.521  209.531  261.902 2.71566 0.125 46.1769 0
279.493  461.795  199.492  459.846 2.58402 0.125 69.5699 0
614.137  102.53  613.199  122.486 1.76314 0.125 16.3637 0
134.583  454.411  143.368  462.641 2.28188 0.125 0.989353 0
581.567  254.365  602.384  264.733 1 0.125 3.72039 0
76.4255  385.398  99.5319  368.544 2.13858 0.125 11.4891 0
147.552  239.531  140.046  252.231 2.62122 0.125 6.21758 0
157.538  370.952  136.568  369.509 1.82158 0.125 19.0729 0
134.489  166.501  135.944  177.573 1.38242 0.125 0.108034 0
166.712  177.484  164.09  143.455 1.14898 0.125 19.976 0
203.613  67.9626  240.459  75.6972 1.80043 0.125 14.0575 0
276.5  318.5  255.5  318.5 1 0.125 4.62348 0
302.5  318.5  284.5  318.5 1 0.125 1.91421 0
312.502  179.418  327.516  179.745 1 0.0078125 4.31014 0
35.4417  150.52  37.8544  157.716 1.90171 0.0625 0.463196 0
49.4152  280.281  57.5151  279.718 2.85401 0.125 4.20178 0
39.4933  92.6215  59.4876  93.7241 1.3839 0.125 8.23584 0
221.441  183.921  246.488  181.382 2.69576 0.125 27.9123 0
239.416  21.1168  246.513  19.5581 2.43016 0.125 0.108034 0
296.491  102.635  281.495  101.576 2.4879 0.125 2.45028 0
294.493  412.389  309.497  411.455 1.43319 0.125 5.52657 0
749.552  245.129  794.646  251.464 2.76587 0.125 35.9865 0
71.6498  332.47  75.2446  350.551 1.7666 0.125 2.21377 0
92.1018  348.685  99.1921  353.917 2.83539 0.125 4.02883 0
115.625  466.885  108.41  469.223 2.85385 0.125 0.563807 0
117.05  429.605  114.694  419.455 2.40044 0.125 2.27789 0
141.089  437.669  144.341  445.566 2.99159 0.0625 1.50022 0
177.503  371.979  158.498  371.856 1.10979 0.125 5.08724 0
217.735  22.5705  226.195  24.7068 2.89904 0.125 0.57978 0
621.397  260.491  619.514  281.59 2.08096 0.125 21.5898 0
89.2468  183.479  88.9036  171.488 2.25667 0.125 3.1603 0
158.536  461.16  173.475  462.739 1.67355 0.125 5.52657 0
202.813  147.543  204.673  177.489 1.69262 0.125 29.91 0
744.382  353.462  738.558  371.519 2.27181 0.125 11.723 0
118.963  410.471  118.371  421.547 2.1038 0.125 1.42771 0
134.229  458.957  124.433  445.805 2.61065 0.125 8.01974 0
179.5  347.5  179.5  331.5 1 0.125 0.108034 0
248.5  316.767  277.5  316.771 1.004 0.125 8.63548 0
261.511  271.041  275.525  270.762 2.01952 0.125 10.9451 0
500.493  298.796  518.53  299.224 1.92832 0.125 18.1698 0
759.5  205.539  788.499  205.698 2.01091 0.125 5.34142 0
49.4883  110.589  79.499  114.507 1.46535 0.125 15.1105 0
374.475  261.801  277.492  259.934 2.67318 0.125 89.8551 0
124.716  426.986  133.441  430.641 1.91637 0.125 1.01112 0
242.625  10.1529  229.347  12.7002 1.8159 0.125 4.20178 0
291.504  275.414  312.501  276.481 1.84512 0.125 14.8636 0
375.681  263.531  365.639  265.294 2.26306 0.125 0.57978 0
92.1802  170.522  93.0059  182.534 2.20102 0.125 0.811332 0
208.442  364.751  206.482  356.504 2.8707 0.125 0.670152 0
235.434  80.8917  202.524  75.3596 2.62695 0.125 23.8296 0
202.224  174.52  200.294  147.515 1.06976 0.125 11.8482 0
87.7153  417.547  80.6723  412.27 3.19879 0.125 0.989353 0
202.92  355.463  203.716  364.392 2.43585 0.125 1.42765 0
232.535  269.691  261.524  270.954 2.08519 0.125 26.1641 0
397.33  444.57  403.101  458.664 1.51568 0.125 4.20178 0
537.5  204.5  510.5  204.5 1 0.125 10.042 0
256.474  238.132  281.514  239.174 2.49681 0.125 13.5445 0
275.512  377.042  254.501  376.48 1.94575 0.125 6.41405 0
509.5  289.5  527.5  289.5 1 0.125 1.91421 0
614.796  215.191  602.019  202.958 1.32149 0.125 1.42771 0
721.512  240.414  747.548  244.164 2.13036 0.125 22.7393 0
753.696  231.731  780.485  238.558 1.51949 0.125 7.2156 0
478.59  576.822  472.248  578.599 3.42835 0.0625 2.03528 0
463.691  456.464  462.741  477.556 2.90697 0.125 13.0255 0
46.5081  223.565  68.539  220.812 2.72884 0.125 21.9886 0
294.5  403.5  311.5  403.5 1 0.125 1.01112 0
187.319  23.5016  187.389  31.4922 2.04402 0.0625 0.463196 0
248.498  376.287  221.498  376.226 2.04273 0.125 30.9437 0
294.495  305.859  279.498  305.654 2.19072 0.125 9.52392 0
299.502  398.022  275.502  398.102 1.06337 0.125 9.13893 0
290.5  429.5  290.5  446.5 1 0.125 1.01112 0
343.505  293.998  325.497  294.193 3.06461 0.125 2.06038 0
278.417  186.571  289.507  185.577 3.25565 0.03125 6.46442 0
599.504  299.924  617.503  300.036 1.09947 0.125 10.4128 0
106.357  59.3059  91.4711  56.6625 2.6041 0.125 9.13775 0
431.485  469.343  420.492  470.415 1.38343 0.0625 1.61318 0
300.539  330.4  317.644  337.133 2.53449 0.125 2.20005 0
446.202  438.393  451.237  424.405 1.8818 0.125 4.84021 0
198.834  74.7078  185.37  72.1985 2.94922 0.125 1.26606 0
205.5  464.513  263.491  465.889 2.47386 0.125 65.1639 0
280.491  195.166  254.483  195.887 1.86069 0.125 2.62094 0
394.814  255.512  395.707  232.508 1.23211 0.125 11.8482 0
553.5  287.5  532.5  287.5 1 0.125 4.62348 0
448.943  419.634  443.825  436.598 2.11266 0.125 7.55018 0
267.492  107.305  278.515  106.879 1.30799 0.125 1.91421 0
785.422  237.791  755.675  229.846 1.41052 0.125 10.1529 0
151.603  321.53  176.534  324.185 1.94772 0.125 17.6301 0
440.967  336.584  437.059  358.421 1.19181 0.125 1.50405 0
206.5  263.5  179.5  263.5 1 0.125 10.042 0
254.49  198.817  262.514  199.071 1.22084 0.0625 0.463196 0
268.531  397.274  256.51  397.755 2.23828 0.125 1.63274 0
682.5  260.5  704.5  260.5 1 0.125 5.52657 0
772.395  141.49  773.604  128.51 1.36663 0.125 0.108034 0
94.7538  4.65807  87.6564  6.21372 2.50223 0.125 0.108034 0
452.797  369.515  453.745  350.512 1.19802 0.125 6.42966 0
10.5094  43.4155  0.521173  42.3089 1.59795 0.0625 0.736218 0
116.252  13.8704  103.571  5.39451 2.21848 0.125 7.40595 0
306.437  39.3069  287.474  37.8373 2.07128 0.125 8.38105 0
746.347  336.53  745.81  351.511 2.214 0.125 1.79958 0
20.6266  116.702  5.53051  114.308 1.92739 0.125 5.69779 0
261.656  189.448  277.556  186.839 2.15063 0.125 3.42942 0
327.5  221.5  327.5  206.5 1 0.03125 3.77414 0
301.503  258.681  352.488  257.805 1.3947 0.125 29.6564 0
7.70153  88.4795  6.38384  75.5118 1.19706 0.0625 1.63941 0
47.4473  177.081  32.4329  178.966 1.36153 0.0625 2.24793 0
351.517  233.881  338.498  234.447 1.34631 0.125 2.8173 0
137.499  380.57  334.496  382.021 3.36838 0.125 278.328 0
39.528  333.414  33.5366  261.497 2.40764 0.125 124.291 0
579.044  221.573  784.745  279.633 5.49943 0.125 72.5294 0
107.513  275.651  201.506  277.074 2.71192 0.125 101.22 0
120.872  126.73  613.59  164.326 14.266 0.125 54.7041 0
122.381  51.0847  202.34  67.2911 2.75473 0.125 76.9687 0
675.449  247.673  798.677  283.897 2.42484 0.125 222.677 0
66.1586  306.533  61.0833  253.444 2.02716 0.125 75.5777 0
157.376  82.6031  234.526  91.2701 3.08189 0.125 101.935 0
184.476  379.315  244.483  381.079 2.85179 0.125 64.2175 0
32.3037  223.304  92.3287  213.456 3.18405 0.125 74.987 0
229.494  402.753  283.486  404.059 1.92687 0.125 60.5996 0
480.37  237.448  478.424  279.45 2.74754 0.125 31.617 0
22.4992  159.878  74.4991  159.809 3.01322 0.125 59.1737 0
171.511  272.102  279.485  275.057 1.83508 0.125 125.396 0
55.5356  72.1576  197.558  86.9425 3.02468 0.125 178.377 0
200.478  193.284  290.485  191.651 2.92695 0.125 57.183 0
482.53  208.41  474.922  290.006 6.96113 0.125 19.0365 0
146.493  182.418  690.772  135.145 31.7069 0.125 80.5123 0
262.65  85.6088  10.7051  43.2795 3.7803 0.125 161.031 0
390.786  6.49965  390.873  77.4983 2.08596 0.125 110.241 0
625.215  356.767  680.396  410.606 2.84562 0.125 109.439 0
215.983  163.001  356.355  185.41 20.5798 0.125 133.538 0
655.687  439.951  616.399  456.257 3.31114 0.125 68.251 0
164.758  160.119  353.459  179.895 35.4912 0.125 72.936 0
398.535  367.957  369.474  370.159 1.99429 0.125 12.5228 0
498.791  228.502  555.891  245.16 5.28079 0.125 52.5677 0
749.859  389.263  691.595  416.701 3.82437 0.125 87.1688 0
569.495  199.201  518.498  199.038 5.03837 0.0625 16.0665 0
471.495  301.566  493.51  303.375 2.98993 0.125 31.5689 0
175.547  286.97  59.5392  288.198 15.0097 0.0625 178.493 0
663.574  125.275  187.571  145.2 88.7271 0.03125 206.888 0
311.5  373.584  224.5  373.526 4.01404 0.125 146.043 0
759.531  117.655  694.498  119.409 2.43515 0.125 36.6497 0
686.445  184.517  527.492  193.353 1.66951 0.125 10.1188 0
449.203  307.265  629.508  294.608 19.9509 0.125 137.635 0
483.486  231.649  571.129  239.593 11.7676 0.125 25.5567 0
0.404232  27.0167  36.6421  33.7334 3.02178 0.125 30.5812 0
379.5  272.5  296.449  267.319 3.67909 0.125 138.927 0
362.496  268.58  330.483  266.805 1.77332 0.125 1.6126 0
113.413  205.476  114.719  254.494 2.13238 0.125 2.74858 0
136.143  408.875  140.253  434.698 4.64716 0.125 30.1014 0
605.002  338.94  687.764  413.206 2.53844 0.125 170.401 0
324.477  173.855  25.4691  184.643 3.90957 0.0625 57.7675 0
189.36  546.117  241.354  527.1 3.06959 0.125 61.033 0
278.484  130.129  603.497  138.628 15.9945 0.125 72.4857 0
64.5479  18.8214  263.764  75.5733 8.6387 0.125 284.466 0
187.105  200.531  470.778  172.287 27.1427 0.125 161.219 0
196.498  312.737  315.506  313.878 2.01909 0.125 76.0423 0
314.522  192.22  383.559  197.76 3.26736 0.125 56.7336 0
620.086  229.639  788.377  275.948 10.6058 0.125 55.0429 0
31.0162  432.43  3.95892  274.906 62.7493 0.0625 124.477 0
116.642  458.915  254.487  453.192 8.36558 0.125 6.83047 0
507.824  231.275  657.484  385.516 9.30857 0.125 3.05098 0
253.574  322.305  619.514  288.654 3.28513 0.125 41.9797 0
186.683  588.9  405.173  488.786 3.0733 0.125 168.704 0
32.2595  249.106  46.1856  392.531 19.3943 0.125 130.22 0
308.564  290.931  194.39  296.038 4.77161 0.125 35.4254 0
26.5516  69.0237  302.351  98.8785 3.49506 0.125 271.591 0
215.548  188.669  487.621  184.59 19.366 0.125 189.708 0
225.508  66.467  541.29  144.297 10.1057 0.125 39.5556 0
21.297  149.378  686.544  163.048 56.3854 0.125 26.8685 0
214.52  167.222  753.498  166.542 39.1615 0.125 154.017 0
132.515  50.4294  777.279  184.378 18.627 0.125 42.5587 0
26.3955  170.894  437.467  183.555 8.6259 0.125 102.966 0
214.315  187.222  768.395  142.212 7.5268 0.125 298.501 0
59.4903  382.325  360.497  381.758 10.4604 0.125 81.8219 0
113.645  267.988  610.46  288.473 6.82887 0.125 319.713 0
