386
495.488  272.594  471.492  272.914 1.29318 0.125 10.042 0
136.513  267.808  92.5093  266.997 2.25786 0.125 76.8707 0
472.123  280.556  475.531  303.643 1.86542 0.125 19.8225 0
731.623  342.543  662.481  333.648 2.16912 0.125 111.313 0
0.478558  218.625  12.4696  220.678 1.49175 0.125 1.91421 0
38.4948  319.501  41.0092  335.42 1.56017 0.125 8.23584 0
783.524  349.303  763.454  346.879 1.7122 0.125 18.1698 0
33.559  362.798  13.5521  366.763 1.75856 0.125 13.9727 0
397.517  95.4977  396.357  86.5185 2.97526 0.125 2.34059 0
216.457  288.73  206.432  289.292 1.88488 0.125 3.72039 0
477.834  315.484  476.541  369.477 1.9036 0.125 73.2566 0
83.5177  264.625  53.4132  268.887 2.41849 0.125 38.2405 0
303.499  337.592  315.511  337.763 2.12818 0.125 8.23584 0
661.579  332.946  645.48  330.642 1.55859 0.125 8.23584 0
551.418  399.499  552.324  336.483 1.97104 0.125 97.6418 0
759.532  346.218  732.538  343.163 1.89319 0.125 31.7162 0
425.484  380.333  438.461  379.093 1.80072 0.125 6.42966 0
652.652  315.951  629.486  309.55 1.59802 0.125 19.0729 0
344.478  365.934  358.535  365.381 1.99845 0.125 11.8482 0
771.445  324.928  757.42  323.125 2.23871 0.125 10.4128 0
40.9266  335.481  40.6036  345.471 1.29034 0.0625 0.409064 0
438.166  107.491  438.328  119.502 1.13535 0.015625 8.23584 0
113.504  296.687  100.489  296.934 1.209 0.0625 0.463196 0
328.54  367.047  343.533  365.959 1.99475 0.125 10.4128 0
359.484  365.205  411.492  362.363 2.34066 0.125 94.9325 0
561.394  335.472  559.679  402.479 1.99757 0.125 106.673 0
214.63  254.474  212.02  241.396 1.37662 0.125 1.91421 0
429.697  158.493  430.284  175.507 1.37885 0.125 10.9451 0
233.502  302.453  245.523  302.947 1.32772 0.0625 2.8173 0
455.06  96.4904  455.284  109.504 1.17183 0.015625 5.5067 0
50.089  354.678  33.2882  363.076 1.34273 0.125 4.02883 0
173.34  296.523  160.361  298.654 1.82598 0.125 3.31706 0
454.105  77.4652  455.139  95.4633 1.5952 0.125 11.8482 0
795.621  351.91  784.474  349.625 1.58221 0.125 1.91421 0
701.644  119.407  710.62  120.586 2.71402 0.125 3.1603 0
548.766  152.573  547.289  137.62 1.97783 0.125 7.51526 0
129.577  295.957  118.389  297.836 3.13228 0.125 13.6527 0
700.796  30.6139  706.726  15.2021 1.50751 0.125 8.23584 0
420.388  420.251  388.376  423.12 2.09525 0.125 42.5904 0
410.398  362.285  451.529  358.848 2.24567 0.125 68.7429 0
696.404  93.4946  698.168  62.4811 1.88326 0.125 38.0378 0
443.404  100.372  445.509  82.384 2.05007 0.125 14.5324 0
158.501  298.034  129.499  297.976 2.03383 0.125 33.1122 0
476.533  412.616  464.112  416.128 2.48897 0.125 9.26472 0
693.483  437.427  698.213  371.479 2.5631 0.125 115.371 0
630.205  305.726  627.206  288.551 2.39189 0.125 12.5219 0
314.17  286.426  319.164  331.537 1.88156 0.125 55.7616 0
703.571  257.607  716.979  248.714 2.23643 0.125 7.45533 0
698.296  61.4842  700.003  39.4615 2.52723 0.125 29.2267 0
42.6131  305.678  35.3584  310.277 1.99855 0.125 1.91421 0
119.466  289.866  131.486  289.231 1.89161 0.125 5.52657 0
710.504  485.864  690.499  485.753 2.07734 0.125 7.02683 0
709.887  391.452  705.911  442.454 2.08508 0.125 79.4101 0
428.537  219.166  438.635  220.291 2.76243 0.125 10.042 0
462.487  160.5  462.165  150.511 2.12783 0.125 1.55013 0
463.761  102.51  463.42  78.5153 2.1984 0.125 39.844 0
553.011  45.4847  554.416  0.497382 1.99826 0.125 64.1319 0
539.362  204.266  574.37  200.342 2.29571 0.125 46.5392 0
181.495  313.984  162.487  314.176 2.08066 0.125 9.13775 0
454.923  149.511  454.234  176.519 2.35622 0.125 47.0687 0
707.178  14.246  718.582  -0.223799 2.26292 0.125 15.2144 0
187.434  288.979  196.541  287.828 1.73346 0.03125 3.77414 0
722.287  245.895  732.436  242.318 1.83205 0.125 1.91421 0
718.557  264.854  741.468  266.864 1.85243 0.125 23.5884 0
732.391  242.071  764.509  239.621 2.38292 0.125 37.2025 0
744.594  267.369  773.56  269.773 1.81991 0.125 30.8131 0
350.5  30.5  350.5  4.5 1 0.125 9.13893 0
611.589  278.386  599.506  277.419 1.7545 0.125 5.52657 0
528.486  218.302  512.497  219.462 1.35902 0.125 2.43315 0
216.524  302.61  209.484  302.76 3.06351 0.125 4.62348 0
771.635  164.509  772.49  151.434 1.86515 0.125 4.89868 0
479.523  382.663  470.42  383.926 1.7062 0.125 0.108034 0
311.498  386.781  328.505  386.916 1.11927 0.125 0.108034 0
169.5  258.503  154.507  257.401 1.77479 0.125 5.97339 0
624.524  300.265  612.445  299.037 1.78748 0.125 0.563807 0
690.601  60.5052  690.554  70.505 2.04718 0.125 2.8173 0
765.494  239.858  784.523  240.203 1.92729 0.125 19.976 0
692.491  468.5  693.408  440.464 2.16233 0.125 26.1641 0
464.269  73.4472  466.812  62.3425 1.50322 0.125 0.108034 0
698.177  328.351  703.634  316.562 2.45291 0.125 8.27934 0
730.505  389.734  711.492  390.101 2.13483 0.125 9.13775 0
438.522  32.0803  457.522  33.0757 2.46809 0.125 24.6822 0
247.386  289.379  225.41  291.608 2.78289 0.125 15.4348 0
526.385  231.415  527.265  240.523 2.37547 0.125 0.57978 0
94.5968  296.034  88.4469  294.755 2.36542 0.0625 1.63941 0
419.835  103.941  430.671  95.7249 1.40103 0.125 0.668085 0
782.5  237.5  753.5  237.5 1 0.125 11.8482 0
475.366  240.029  488.178  236.372 2.05943 0.125 3.98429 0
300.686  301.483  301.042  284.469 1.95766 0.125 13.9727 0
318.622  264.37  324.716  223.383 2.35286 0.125 60.0375 0
500.617  382.197  523.663  391.077 1.44646 0.125 14.8636 0
186.508  301.841  173.492  302.133 1.22441 0.125 2.2932 0
525.569  392.321  548.618  401.193 1.36649 0.125 11.8953 0
151.494  289.015  169.491  288.786 2.08902 0.125 9.96236 0
495.066  171.526  496.228  146.487 2.09057 0.125 33.5224 0
406.173  50.5256  406.808  83.5133 2.46172 0.125 17.9778 0
603.444  281.69  576.551  280.415 2.32944 0.125 36.2778 0
486.461  246.244  472.499  245.514 1.36399 0.125 2.8173 0
288.877  346.595  290.848  359.599 1.97741 0.125 4.02883 0
486.446  376.625  500.796  382.815 1.20667 0.125 1.01112 0
391.5  199.5  362.5  199.5 1 0.125 11.8482 0
229.005  275.627  228.069  264.622 3.15871 0.125 16.3637 0
380.453  212.16  422.476  213.354 3.06086 0.125 77.5391 0
558.5  340.5  558.5  373.5 1 0.125 15.4606 0
579.267  75.0791  593.378  67.28 1.65818 0.125 9.13893 0
624.992  17.6856  645.222  5.05546 1.80434 0.125 17.8297 0
572.538  221.011  548.529  219.128 1.36845 0.125 9.26472 0
665.727  113.183  668.615  106.137 2.12611 0.0625 2.8173 0
534.826  113.487  535.213  123.511 1.26918 0.125 1.01112 0
443.976  129.294  453.538  123.564 1.88262 0.0625 1.55421 0
669.562  98.5036  672.203  52.483 2.19305 0.125 73.1176 0
500.686  393.135  480.761  382.987 1.37815 0.125 10.4128 0
86.5232  366.654  69.4577  369.219 2.02907 0.125 9.10874 0
321.485  192.649  336.531  194.201 2.77895 0.125 7.83855 0
334.135  284.279  342.447  288.602 2.23281 0.125 1.55013 0
493.553  68.4941  495.319  84.5199 1.65939 0.125 10.9451 0
616.463  283.785  603.553  282.098 2.76089 0.125 19.0729 0
416.851  131.513  417.449  115.498 2.18517 0.125 13.9727 0
263.604  267.521  268.864  241.372 2.15793 0.125 25.3066 0
276.277  263.456  282.403  232.284 2.22328 0.125 41.2603 0
406.393  116.499  406.386  127.499 2.00489 0.0625 0.937202 0
464.727  332.532  462.616  347.516 1.84095 0.125 3.1796 0
613.693  428.958  630.679  434.996 1.67478 0.125 8.63548 0
767.728  511.987  730.888  495.626 1.72312 0.125 31.2565 0
185.492  275.733  165.494  275.939 1.18595 0.125 5.52657 0
531.634  405.16  517.803  399.728 1.46234 0.125 1.42765 0
759.608  194.143  774.522  191.629 1.65092 0.125 1.42771 0
393.507  447.491  409.552  460.436 1 0.125 3.72039 0
647.481  260.335  663.501  258.505 1.78797 0.125 4.8643 0
510.488  244.45  524.498  244.294 1.97774 0.125 0.182574 0
353.428  30.4599  358.647  21.0282 2.62483 0.125 0.989353 0
364.467  289.916  383.464  288.858 1.88568 0.125 18.1698 0
531.498  247.5  529.467  232.504 2.51872 0.125 13.4748 0
301.016  262.442  299.458  275.495 2.6234 0.125 12.7737 0
672.404  467.715  641.332  453.878 1.83419 0.125 30.5726 0
757.733  488.955  793.588  504.295 1.44062 0.125 32.2241 0
515.428  207.584  530.492  206.396 1.70485 0.125 7.33275 0
609.541  249.504  610.713  238.417 2.51457 0.125 4.8643 0
724.556  326.008  791.484  333.642 2.46688 0.125 98.3288 0
407.453  288.83  422.449  287.774 1.85451 0.125 10.042 0
329.982  233.437  328.992  241.56 1.86424 0.125 0.108034 0
422.502  287.422  434.522  287.8 2.12467 0.125 10.042 0
437.501  179.5  438.078  156.489 1.37607 0.125 16.3637 0
111.5  287.5  126.5  287.5 1 0.0625 4.02142 0
411.593  116.505  411.887  57.5019 2.1295 0.125 92.2232 0
702.145  465.299  738.513  481.47 1.82412 0.125 37.374 0
289.11  402.488  289.947  375.483 2.40203 0.125 43.4871 0
412.191  52.5001  412.199  0.499956 2.00675 0.125 77.6121 0
590.964  130.376  593.54  119.277 2.01788 0.125 2.2932 0
294.776  241.578  297.958  230.346 1.79641 0.125 5.52657 0
491.322  152.506  491.964  170.519 2.14125 0.125 8.50244 0
264.625  291.033  291.562  298.27 3.48832 0.125 35.0025 0
292.115  244.619  290.173  254.63 1.99274 0.125 2.8173 0
290.117  269.437  294.216  244.453 1.63454 0.125 10.1529 0
345.829  137.507  346.087  125.513 1.25856 0.125 0.563807 0
539.424  142.504  538.191  116.467 2.28157 0.125 32.7494 0
557.5  378.5  557.5  402.5 1 0.125 7.33275 0
196.46  323.937  183.594  324.842 2.55603 0.125 14.5575 0
223.519  308.235  209.448  307.23 2.28013 0.125 14.5575 0
320.539  336.434  357.475  334.899 2.66531 0.125 49.0864 0
427.164  51.5457  430.021  72.5651 1.79909 0.125 4.02632 0
602.513  207.799  630.458  206.561 1.99804 0.125 35.3285 0
176.5  262.5  192.5  262.5 1 0.125 0.108034 0
502.489  248.866  515.507  249.262 1.3338 0.125 5.52657 0
549.5  377.5  549.5  352.5 1 0.125 8.23584 0
624.498  202.596  632.516  202.768 2.08528 0.125 1.01112 0
640.717  453.939  617.348  444.893 1.59429 0.125 12.5219 0
314.802  203.507  314.718  195.498 2.05255 0.125 1.01112 0
406.975  97.3975  404.833  108.37 1.77129 0.125 1.55013 0
568.504  300.599  543.464  301.529 1.92444 0.125 29.91 0
586.798  216.505  587.036  201.493 2.0948 0.125 13.6544 0
500.475  226.343  510.536  224.722 2.32553 0.125 1.42765 0
556.498  240.21  537.499  240.339 2.00673 0.125 9.13775 0
182.51  487.703  173.483  488.17 2.44427 0.125 1.91421 0
382.561  223.481  405.478  224.859 1.81628 0.125 5.61522 0
614.643  57.7552  593.867  69.3667 2.02808 0.125 9.22925 0
232.436  464.638  214.461  465.968 2.5111 0.125 18.703 0
289.229  238.457  284.158  270.446 2.34876 0.125 31.3261 0
293.171  372.956  311.177  385.948 1.35505 0.125 7.51526 0
755.496  134.583  793.547  136.613 2.21022 0.125 41.4359 0
306.598  424.416  295.948  411.972 1.30043 0.125 0.563807 0
473.658  191.204  485.509  188.54 1.85312 0.125 0.57978 0
151.537  328.722  137.43  331.078 1.80792 0.125 1.50405 0
351.497  222.15  333.49  222.296 2.12943 0.125 10.8723 0
550.419  271.064  558.512  269.564 2.69535 0.0625 0.380078 0
563.237  76.9147  556.879  80.2267 2.66068 0.03125 1.8264 0
431.698  316.692  424.308  324.314 2.19782 0.125 1.50405 0
672.66  106.572  676.185  49.4189 2.90645 0.125 72.7294 0
547.652  134.447  549.076  111.474 1.87243 0.125 20.7059 0
51.4267  269.935  37.4031  271.753 1.72626 0.125 4.20178 0
373.494  329.52  358.325  325.1 2.11711 0.125 4.24863 0
741.494  273.627  762.542  274.597 2.22801 0.125 23.3587 0
249.352  392.787  220.551  398.747 2.22917 0.125 26.1378 0
446.506  338.776  433.49  339.071 2.95395 0.125 14.5324 0
340.503  278.564  414.503  278.331 3.20117 0.125 107.794 0
284.814  373.545  286.006  391.533 1.73109 0.125 5.7097 0
351.484  332.028  336.498  331.561 1.18644 0.125 0.108034 0
581.117  26.4898  581.384  16.4703 1.91951 0.125 1.55013 0
187.597  330.574  197.516  329.675 2.80729 0.125 4.89868 0
296.719  287.218  279.537  284.284 2.62062 0.125 11.9302 0
552.54  296.264  565.339  298.444 1.8257 0.125 5.52657 0
613.451  544.641  603.483  545.206 1.45119 0.125 1.01112 0
711.378  138.983  750.549  129.706 3.02176 0.125 57.7811 0
355.533  301.211  373.494  300.379 2.04412 0.125 10.8723 0
789.545  284.816  798.572  285.413 2.12771 0.125 1.01112 0
319.29  356.536  316.362  339.524 1.69596 0.125 9.52392 0
782.502  235.174  753.497  234.955 1.21825 0.125 29.91 0
635.342  155.82  663.671  149.235 2.64872 0.125 35.4813 0
254.588  350.525  254.071  331.512 2.18944 0.125 13.4039 0
583.425  167.146  602.22  163.176 2.78343 0.125 19.3495 0
80.3764  288.086  96.4369  283.289 2.10305 0.125 7.45533 0
258.904  303.393  268.361  309.708 2.49758 0.125 3.98429 0
757.545  117.668  721.234  127.521 2.99236 0.125 38.8268 0
533.478  226.8  549.537  228.004 1.77019 0.125 4.8643 0
798.683  108.261  758.367  117.947 2.99288 0.125 38.2124 0
386.354  571.841  395.566  569.799 3.4672 0.125 4.24863 0
714.492  145.703  751.513  147.184 2.71774 0.125 21.5355 0
206.365  272.081  214.485  269.454 2.0466 0.125 1.01112 0
293.524  302.016  280.507  301.36 2.24936 0.125 9.52392 0
436.394  55.5123  436.697  33.489 2.23336 0.125 41.6502 0
431.123  234.369  433.663  246.466 2.77928 0.125 3.60558 0
596.526  158.78  584.445  159.917 2.5533 0.125 4.02089 0
77.8051  205.433  75.5792  195.264 2.07535 0.125 0.563807 0
265.473  375.527  229.5  376.512 3.21786 0.125 42.3631 0
405.521  577.832  384.479  577.171 2.25027 0.125 17.6648 0
642.495  546.625  614.501  545.469 3.12124 0.125 42.2633 0
666.011  123.292  670.224  113.383 2.11606 0.125 2.43315 0
230.062  234.506  229.941  225.508 1.10774 0.125 0.108034 0
521.492  186.623  536.492  187.617 1.46057 0.125 4.62348 0
575.897  205.488  575.713  214.464 3.16267 0.125 4.89868 0
590.269  62.0826  578.886  68.3922 2.91863 0.125 4.81925 0
591.1  117.531  593.215  76.5369 2.77042 0.125 58.3728 0
663.633  257.739  665.577  248.516 2.52301 0.125 1.42771 0
421.521  462.482  431.067  473.863 1.92786 0.125 4.84021 0
348.6  474.856  337.36  477.999 1.65683 0.125 2.8173 0
647.407  323.726  666.492  321.432 2.14296 0.125 16.9572 0
81.5  379.5  97.5  379.5 1 0.125 0.108034 0
486.416  60.4871  488.407  47.4857 1.44257 0.125 2.8173 0
547.5  25.5  547.5  47.5 1 0.125 5.52657 0
576.5  5.5  576.5  21.5 1 0.125 0.108034 0
687.158  215.57  685.145  234.462 1.98874 0.125 10.8174 0
798.528  133.802  775.485  132.876 1.47671 0.125 14.5575 0
510.7  24.6941  499.856  35.875 1.65347 0.125 3.31706 0
143.467  307.54  159.483  306.991 2.23858 0.125 1.15525 0
233.675  198.833  238.678  192.644 2.33323 0.125 0.668085 0
254.792  134.766  262.903  125.867 2.34829 0.125 3.98429 0
422.5  256.878  393.5  256.874 2.00246 0.125 37.1347 0
602.5  548.577  584.501  548.694 2.09131 0.125 1.15525 0
19.5116  252.781  36.4828  252.082 1.33367 0.125 1.91421 0
434.535  256.285  425.464  256.694 2.35847 0.125 7.74756 0
607.505  504.563  600.471  505.164 1.33683 0.015625 4.62348 0
275.621  299.814  266.551  298.211 2.78006 0.125 2.27789 0
297.301  332.824  287.365  326.72 2.22757 0.125 6.86018 0
414.489  330.278  360.47  332.873 2.75669 0.125 39.3984 0
513.507  265.343  497.494  264.636 1.44008 0.125 8.23584 0
575.491  492.763  586.512  493.141 1.30787 0.125 0.668085 0
495.884  45.4945  495.716  64.4931 1.16835 0.125 1.91421 0
7.44211  585.437  0.662185  591.676 2.26622 0.125 3.31706 0
422.493  474.345  400.494  475.363 3.13548 0.125 32.1132 0
415.466  277.459  432.515  278.067 2.49702 0.125 24.4915 0
552.609  229.487  553.671  238.48 2.01047 0.0625 1.11411 0
709.423  129.256  684.67  137.042 2.91549 0.125 13.5047 0
722.403  253.029  732.787  250.9 2.73796 0.125 0.989353 0
583.2  159.308  576.299  161.981 4.66269 0.125 0.388219 0
410.5  146.5  410.5  122.5 1 0.125 7.33275 0
437.73  250.463  435.156  234.556 2.13407 0.125 3.60558 0
390.506  256.946  364.511  257.297 2.13467 0.125 32.6193 0
491.479  596.418  474.485  596.748 2.25195 0.125 17.8297 0
576.491  163.449  564.351  165.697 1.71167 0.125 1.55013 0
647.548  520.279  637.463  520.898 2.42526 0.125 10.042 0
406.178  437.071  383.588  424.345 2.663 0.125 22.6473 0
677.061  249.467  679.701  214.44 2.59551 0.125 35.4653 0
583.595  548.224  573.427  544.71 1.34135 0.125 0.108034 0
128.479  340.087  110.527  341.016 1.68732 0.125 7.51526 0
225.423  168.505  222.03  118.464 3.01001 0.125 57.924 0
402.525  376.945  385.521  377.881 1.44729 0.03125 3.53925 0
570.145  229.555  571.711  239.623 2.34944 0.125 7.33275 0
218.773  340.811  234.654  347.111 2.80368 0.125 9.01956 0
238.515  178.481  228.358  170.684 3.2847 0.125 11.723 0
345.822  167.522  346.701  154.514 1.19995 0.125 0.108034 0
408.51  251.959  392.496  252.302 2.14943 0.125 6.55695 0
547.519  181.771  533.503  181.4 1.02615 0.0625 1.61318 0
524.505  260.294  498.497  259.601 1.99929 0.125 19.329 0
543.517  242.231  575.577  244.311 1.93104 0.125 12.256 0
410.513  464.759  394.483  464.471 2.25154 0.125 13.3716 0
384.5  286.5  415.5  286.5 1 0.125 13.6544 0
574.792  240.476  573.888  229.468 1.82097 0.125 3.72039 0
749.489  144.715  714.481  142.864 1.5749 0.125 11.2591 0
171.47  474.425  179.411  471.275 2.98085 0.125 1.50405 0
433.288  37.3267  422.427  50.6231 2.7489 0.125 5.04378 0
486.515  21.4197  470.262  36.2391 2.86856 0.125 19.0687 0
490.285  517.639  495.053  521.99 3.08372 0.125 3.31706 0
272.786  277.454  292.414  282.815 2.27772 0.125 5.04378 0
217.452  396.258  230.531  393.655 1.95699 0.125 0.811332 0
382.504  310.413  359.509  309.318 1.90265 0.125 8.01974 0
580.512  263.694  552.474  263.284 2.97044 0.125 20.5377 0
498.403  60.4986  498.719  38.5031 1.98543 0.125 4.51227 0
513.934  535.996  527.492  547.67 3.70458 0.125 13.0795 0
529.984  262.56  528.812  252.464 2.44762 0.125 4.02883 0
689.486  260.759  678.49  260.972 2.03826 0.015625 4.18714 0
687.034  201.476  686.851  212.506 2.46653 0.125 2.2932 0
669.575  139.778  648.236  145.519 2.37743 0.125 12.4255 0
360.802  198.507  360.989  190.488 1.16358 0.0625 0.409064 0
590.016  203.497  590.089  216.502 2.03366 0.125 7.74756 0
669.258  227.487  668.497  241.5 1.94286 0.125 4.84021 0
742.524  444.94  711.508  446.643 1.60149 0.125 19.3517 0
532.941  208.483  533.282  217.508 2.18664 0.125 0.668085 0
782.576  281.778  741.399  277.461 1.69309 0.125 15.0902 0
407.5  298.5  427.5  298.5 1 0.125 3.72039 0
478.592  409.195  492.535  413.383 1.82075 0.125 2.27789 0
483.454  523.618  468.734  517.899 2.85008 0.125 14.2465 0
644.419  194.717  653.528  193.769 1.78239 0.125 0.108034 0
662.72  291.161  654.32  293.959 2.21354 0.125 3.72039 0
440.476  374.187  404.531  376.906 1.84345 0.125 13.7973 0
460.508  315.368  444.5  315.519 2.03764 0.00390625 9.13869 0
621.484  507.057  634.502  507.432 2.20061 0.125 4.89868 0
248.502  414.121  263.501  414.193 2.04818 0.125 8.38953 0
630.637  17.7493  622.383  22.2871 1.92704 0.0625 0.441485 0
674.473  294.482  665.206  308.303 2.79369 0.125 5.54563 0
624.151  588.952  610.54  578.449 2.62442 0.125 8.21994 0
149.507  315.668  136.488  316.229 2.12716 0.125 4.89868 0
546.994  518.557  555.7  523.118 2.0791 0.125 0.563807 0
576.812  79.1019  563.705  85.8948 2.79317 0.125 6.41405 0
619.677  532.833  629.517  535.437 3.15599 0.125 1.99536 0
636.444  597.58  625.786  590.093 2.21137 0.125 4.02089 0
203.35  414.286  218.49  412.417 2.5977 0.125 4.81925 0
672.459  115.271  670.269  125.229 3.35956 0.0625 3.85097 0
681.488  154.867  707.526  155.707 1.93446 0.125 21.0695 0
707.476  444.018  748.474  441.98 1.89823 0.125 22.6393 0
471.32  504.758  485.218  514.472 2.70558 0.125 5.54563 0
744.5  295.5  737.5  295.5 1 0.00390625 4.02142 0
653.746  293.409  629.189  287.882 2.92679 0.125 19.4919 0
674.523  185.83  689.521  184.806 1.92722 0.125 10.042 0
431.6  531.493  418.155  516.816 3.25366 0.125 9.94223 0
759.513  296.312  745.51  295.348 1.34087 0.125 2.8173 0
755.525  259.188  775.556  260.814 2.47916 0.125 19.329 0
363.314  258.494  362.793  274.51 2.19377 0.125 5.78041 0
775.498  259.548  787.518  260.102 2.13605 0.125 0.670152 0
466.642  511.123  453.281  506.079 2.45345 0.125 5.78041 0
739.528  260.07  767.473  261.911 2.98151 0.125 39.7148 0
751.503  458.143  766.502  458.29 1.08815 0.0625 0.463196 0
405.428  264.933  422.533  262.756 2.2365 0.125 4.02632 0
441.502  521.498  446.554  528.461 2.57128 0.125 3.31706 0
798.475  301.768  784.503  300.468 1.08834 0.0625 1.63941 0
647.553  140.702  631.611  144.918 1.73386 0.0625 0.59815 0
781.464  298.988  761.499  297.518 1.1442 0.125 3.31706 0
452.143  263.536  450.832  250.568 1.4981 0.125 0.563807 0
438.485  413.219  422.477  414.076 1.72993 0.015625 1.02237 0
445.543  281.672  350.481  283.547 3.84138 0.125 199.185 0
422.703  216.192  797.583  171.195 7.34786 0.125 130.798 0
357.462  305.268  428.487  303.088 2.98595 0.125 125.539 0
601.408  150.157  792.365  98.995 2.03752 0.0625 196.849 0
415.54  59.4918  414.352  198.507 2.35926 0.0625 275.826 0
576.519  281.141  487.568  283.787 4.51526 0.125 136.115 0
383.453  200.794  317.28  205.211 4.71973 0.125 128.569 0
720.462  173.23  771.431  166.015 2.10241 0.125 64.4207 0
315.015  216.417  307.861  258.22 3.65811 0.125 76.8161 0
216.047  321.093  240.215  339.565 3.50194 0.125 41.0644 0
719.51  271.389  780.569  276.705 2.72848 0.125 102.947 0
494.44  178.271  590.365  152.987 1.88145 0.125 73.529 0
329.893  210.457  432.795  220.464 9.81603 0.125 215.776 0
297.506  175.636  322.027  355.565 2.65685 0.125 85.7239 0
327.473  205.779  448.4  204.565 14.5511 0.125 133.854 0
602.245  220.391  589.558  133.492 3.27925 0.125 17.1452 0
349.542  290.033  456.743  281.585 7.79374 0.125 85.8167 0
563.326  154.665  730.559  119.784 2.20403 0.125 3.45805 0
78.7717  290.078  727.601  109.862 10.4355 0.125 124.529 0
541.26  69.5896  543.277  7.49275 4.60782 0.125 52.9224 0
138.477  290.354  176.333  284.432 2.77604 0.125 52.7051 0
632.58  265.926  700.608  269.387 4.9271 0.125 89.6276 0
591.323  418.921  678.442  455.638 1.94906 0.125 113.176 0
568.503  240.795  497.501  241.607 2.06847 0.125 26.3721 0
798.504  327.92  319.505  333.013 3.09551 0.125 2.51134 0
549.418  163.123  575.491  157.456 1.91132 0.125 23.3231 0
720.719  127.531  616.532  149.652 3.39061 0.125 13.2612 0
389.627  82.4689  423.349  220.514 10.366 0.125 9.09083 0
774.752  94.3662  441.429  191.385 14.9864 0.125 83.9794 0
541.669  38.498  542.844  139.496 2.17436 0.125 12.2733 0
328.676  387.101  415.482  381.227 4.3732 0.125 169.12 0
337.284  224.213  593.671  181.534 33.7136 0.125 285.508 0
360.817  212.548  604.164  159.551 20.2069 0.125 187.571 0
461.539  415.937  316.433  428.738 2.54765 0.125 233.173 0
218.445  111.463  224.737  273.53 3.36687 0.125 139.187 0
359.324  221.753  798.648  118.129 7.51644 0.125 212.135 0
516.252  182.396  702.52  140.589 4.38 0.125 123.302 0
53.5909  231.938  643.51  194.652 2.81606 0.125 69.6354 0
