213
414.824  550.497  414.653  588.496 2.03158 0.125 54.2934 0
537.493  270.061  552.497  269.983 1.97923 0.125 10.4128 0
475.346  192.466  477.81  181.347 1.847 0.125 2.43315 0
280.435  546.065  290.509  544.557 2.27411 0.125 5.52657 0
465.502  433.716  455.5  433.694 2.01312 0.125 1.55013 0
491.491  268.615  518.49  270.635 2.54404 0.125 15.5997 0
332.535  372.033  315.521  371.627 3.40497 0.125 33.631 0
334.522  589.154  319.539  589.658 2.33549 0.125 20.8791 0
236.432  260.806  281.587  256.395 2.98579 0.125 85.3617 0
392.597  367.14  356.369  372.639 2.36568 0.125 40.6045 0
292.508  333.3  192.47  329.241 3.96769 0.125 174.288 0
188.609  535.624  200.549  537.109 1.6146 0.125 3.72039 0
232.464  437.862  181.475  432.752 1.99439 0.125 74.0164 0
360.612  423.723  348.625  429.749 1.80661 0.125 2.2932 0
352.416  364.73  382.495  361.452 2.4407 0.125 37.2025 0
165.452  531.848  180.304  533.91 2.53098 0.125 16.6464 0
190.66  543.625  172.534  540.312 1.70291 0.125 12.7513 0
276.97  586.523  275.344  548.549 1.89751 0.125 48.8749 0
289.562  255.906  347.493  253.338 3.33185 0.125 139.6 0
293.496  362.814  339.494  362.548 2.06363 0.125 67.8398 0
491.509  321.703  485.488  321.638 3.0215 0.125 2.8173 0
221.557  548.08  191.566  544.015 2.16695 0.125 35.9938 0
355.509  372.876  333.499  372.57 2.86087 0.125 41.116 0
293.994  570.51  293.744  557.495 1.21167 0.125 0.668085 0
344.518  252.765  461.481  251.144 3.70851 0.125 252.195 0
503.351  319.705  492.542  321.726 1.59832 0.125 0.108034 0
282.473  256.573  291.492  256.802 2.04992 0.125 1.01112 0
346.369  400.43  332.335  402.15 2.24791 0.125 7.41745 0
379.851  575.501  379.835  560.501 1.01554 0.03125 4.66437 0
171.608  431.037  140.433  423.788 1.85773 0.125 30.7418 0
208.473  587  221.437  587.69 2.36925 0.125 13.6544 0
228.98  419.919  236.134  428.795 1.10419 0.0625 0.409064 0
390.807  577.5  390.798  559.5 1.00846 0.125 1.91421 0
474.331  541.554  491.499  538.493 2.25147 0.125 17.5383 0
338.055  579.606  332.073  554.602 1.4379 0.125 19.0729 0
422.502  543.452  438.483  544.002 1.17139 0.125 0.108034 0
241.441  455.439  190.455  452.219 2.22753 0.125 70.2981 0
559.5  316.504  590.514  318.252 2.60126 0.125 28.3418 0
170.407  386.779  192.612  394.163 1.58681 0.125 15.4127 0
329.5  332.608  293.496  332.467 2.1062 0.125 67.7256 0
138.377  544.559  145.713  559.877 1.40992 0.125 7.33275 0
220.511  588.412  246.597  591.736 2.50884 0.125 36.8706 0
492.379  538.625  508.487  536.404 3.0061 0.125 25.5762 0
171.512  540.469  158.453  535.627 1.49617 0.125 0.563807 0
367.695  574.261  372.74  557.274 2.09746 0.125 9.96236 0
314.528  372.258  304.433  371.075 1.63707 0.125 1.01112 0
517.332  535.617  537.736  531.741 2.80998 0.125 24.45 0
204.48  427.674  225.544  430.119 1.71199 0.125 14.5324 0
170.409  568.962  179.324  567.458 1.81831 0.125 0.108034 0
512.346  544.399  502.401  545.789 2.97112 0.125 8.63548 0
97.164  553.442  99.7731  538.374 2.17967 0.125 8.25658 0
545.268  532.199  537.345  538.299 1.76696 0.125 1.01112 0
214.665  283.607  229.633  260.587 2.09775 0.125 33.1122 0
551.564  419.774  532.447  424.276 1.77752 0.125 14.8636 0
536.607  538.882  518.356  543.986 2.15457 0.125 18.0571 0
272.557  548.218  263.534  548.932 2.15146 0.125 0.668085 0
320.484  422.387  310.401  423.787 1.70604 0.125 0.108034 0
455.357  426.41  460.363  418.414 1.59205 0.0625 1.63941 0
377.537  273.695  366.549  275.761 1.59594 0.125 1.01112 0
258.448  543.013  273.396  544.528 2.48047 0.125 15.7549 0
344.491  490.454  328.501  490.588 2.06671 0.125 9.13775 0
329.5  486.516  369.5  486.571 1.01925 0.125 20.8791 0
501.51  546.596  469.561  550.058 1.82188 0.125 35.4208 0
552.458  500.225  536.522  502.646 1.67696 0.125 2.27789 0
257.466  547.702  236.545  544.227 2.46108 0.125 26.589 0
502.524  447.74  459.447  451.959 2.35985 0.125 63.5441 0
193.457  324.97  214.313  283.897 2.41615 0.125 61.8172 0
106.671  573.871  98.091  554.683 1.63286 0.125 8.25658 0
173.413  580.408  184.502  579.521 1.99362 0.125 4.20178 0
46.4334  537.682  40.3494  545.618 2.17186 0.125 0.563807 0
102.377  602.411  113.291  587.349 1.76032 0.125 9.1425 0
357.493  598.055  418.509  597.056 2.32716 0.125 112.994 0
516.45  429.484  504.316  466.766 2.36803 0.125 33.3977 0
328.373  490.157  320.444  490.909 2.27408 0.125 1.91421 0
468.44  248.537  488.461  281.523 1.62055 0.125 27.8369 0
419.451  597.071  432.509  595.581 1.76029 0.125 7.33275 0
491.164  286.659  508.793  323.835 1.38769 0.125 30.1068 0
318.5  588.5  280.5  588.5 1 0.125 19.976 0
432.459  596.092  462.456  593.062 3.19614 0.125 56.5353 0
524.714  338.49  525.008  373.504 1.99155 0.125 44.6785 0
139.124  552.733  149.525  569.484 1.08275 0.125 0.563807 0
467.46  241.562  457.261  234.865 1.12294 0.0625 0.463196 0
348.503  428.66  333.489  428.987 2.04315 0.125 13.6544 0
402.5  544.5  420.5  544.5 1 0.125 1.91421 0
169.966  351.5  169.967  383.5 1.00068 0.125 13.6544 0
184.27  454.577  178.277  436.574 1 0.125 1.91421 0
373.515  233.779  368.475  233.673 2.10477 0.03125 0.245595 0
204.341  480.823  193.509  475.482 1.37615 0.125 0.108034 0
333.471  424.28  347.489  424.796 1.55688 0.125 0.108034 0
513.494  299.713  531.508  300.227 1.45598 0.125 11.0177 0
297.5  555.5  297.5  577.5 1 0.125 5.52657 0
303.484  237.668  297.467  237.782 2.61319 0.125 1.91421 0
393.5  556.5  393.5  579.5 1 0.125 6.42966 0
375.5  559.5  375.5  576.5 1 0.125 1.01112 0
204.492  288.495  183.061  326.251 2.0692 0.125 55.0402 0
167.5  379.5  167.5  352.5 1 0.125 10.042 0
32.8355  664.727  24.7482  676.668 1.97589 0.125 9.52392 0
546.52  287.037  517.489  285.757 1.07297 0.125 9.26472 0
314.5  486.5  324.5  486.5 1 0.03125 1.31215 0
549.819  542.269  562.328  537.086 2.54697 0.125 5.07047 0
193.625  474.432  186.549  461.473 1.67451 0.125 2.27789 0
182.666  441.447  186.243  452.582 1.52923 0.0625 5.17742 0
56.9873  662.936  64.8496  655.785 1.65239 0.125 1.01112 0
319.619  490.256  293.475  487.764 2.3684 0.125 18.9135 0
292.496  488.55  221.498  483.521 2.51492 0.125 71.6409 0
522.5  374.5  522.5  341.5 1 0.125 15.4606 0
359.598  490.052  351.498  491.491 2.66863 0.125 2.43315 0
133.5  416.5  133.5  458.5 1 0.125 23.5884 0
450.491  484.39  412.501  487.517 2.26357 0.125 27.2501 0
15.1567  690.242  7.3411  700.628 2.61082 0.125 8.27934 0
340.602  235.942  330.57  234.115 2.14683 0.125 0.563807 0
186.392  453.547  194.826  472.796 1.94517 0.125 5.61522 0
379.498  237.351  364.489  237.526 2.12833 0.125 9.98151 0
394.488  485.238  423.518  483.873 1.90379 0.125 22.7393 0
489.608  479.296  455.554  483.897 2.43748 0.125 29.0101 0
418.466  235.125  410.441  235.86 1.71794 0.0625 1.61318 0
538.431  263.087  520.434  266.106 1.64165 0.125 2.45711 0
197.351  398.902  179.57  392.31 1.98055 0.125 4.60708 0
292.5  360.5  326.5  360.5 1 0.125 16.3637 0
503.816  467.766  494.652  478.628 2.45985 0.125 2.21377 0
337.519  618.3  319.508  618.018 2.0466 0.125 10.8723 0
222.443  482.926  205.479  480.655 1.65445 0.125 11.8482 0
241.493  482.623  313.494  486.603 1.37978 0.125 56.036 0
131.197  358.515  130.798  350.485 1.29617 0.0625 0.463196 0
533.496  296.853  549.505  297.026 1.15124 0.125 4.89868 0
63.5779  624.56  55.7822  634.717 1.95536 0.125 4.02883 0
175.411  402.321  178.776  419.446 2.97835 0.125 7.886 0
205.456  477.808  233.455  481.812 1.13386 0.125 11.3022 0
598.518  359.07  584.501  359.52 2.41534 0.125 11.8953 0
519.544  584.892  526.568  584.102 2.54612 0.0625 1.8894 0
138.824  431.498  138.936  446.504 1.10497 0.015625 13.6544 0
251.486  539.743  263.5  539.518 2.14982 0.125 4.89868 0
133.19  598.913  122.307  590.757 2.39885 0.125 3.42942 0
486.489  346.355  431.489  350.348 2.61388 0.125 72.8701 0
372.498  485.712  391.506  485.9 1.15775 0.03125 1.8264 0
505.997  414.422  508.16  400.447 2.04705 0.125 4.02089 0
78.6612  602.614  68.7391  616.669 1.73015 0.125 2.45711 0
27.4427  709.603  28.2243  702.47 2.20594 0.125 1.01112 0
439.5  233.5  417.5  233.5 1 0.125 5.52657 0
572.517  354.202  588.522  355.126 1.88144 0.125 5.69779 0
594.561  304.087  581.406  302.135 1.86955 0.125 2.2932 0
570.476  303.733  593.434  306.133 1.83996 0.125 4.51227 0
399.473  489.842  375.542  487.96 1.75867 0.125 10.8849 0
502.18  286.721  492.386  272.579 1.0138 0.125 1.91421 0
135.807  477.575  132.694  490.303 1.7479 0.125 5.08724 0
489.627  276.423  479.814  260.309 1 0.125 0.668085 0
72.3735  607.415  80.4317  595.454 2.77617 0.125 4.2626 0
140.382  462.474  137.287  476.453 1.63221 0.125 6.42966 0
215.496  644.397  198.484  645.133 2.08458 0.125 1.66757 0
310.482  619.076  239.489  616.856 2.43585 0.125 51.9808 0
302.499  550.527  280.488  549.988 2.19538 0.125 6.84794 0
566.811  530.588  569.125  522.394 2.46823 0.125 0.563807 0
569.558  522.286  571.985  511.61 3.36868 0.125 9.13775 0
144.173  537.995  151.342  542.738 2.50203 0.125 1.42765 0
549.497  303.851  566.505  304.008 1.13881 0.125 7.33275 0
187.288  611.485  169.261  607.611 2.72297 0.125 6.84794 0
147.227  382.082  163.418  389.675 1.97926 0.125 3.0083 0
351.482  349.325  335.447  350.986 2.60769 0.125 8.65262 0
527.385  583.121  542.791  578.462 2.60524 0.125 8.65262 0
165.539  610.567  151.48  609.983 2.24701 0.125 5.78041 0
467.742  629.433  471.059  641.344 2.03641 0.125 4.02883 0
134.129  496.505  134.268  507.503 2.03763 0.125 5.52657 0
555.872  569.111  564.364  555.416 2.46421 0.125 15.2144 0
254.506  354.328  171.494  351.677 3.41343 0.125 157.79 0
439.487  511.248  448.514  510.769 1.36942 0.125 0.108034 0
256.456  583.596  262.182  586.198 2.23109 0.0625 0.463196 0
455.227  382.303  461.078  374.195 2.56645 0.125 3.13013 0
71.4531  526.4  86.4378  519.368 1.49681 0.125 2.27789 0
422.448  330.952  443.542  328.938 2.56115 0.125 0.350536 0
0.873405  76.5118  1.22223  65.4912 1.25259 0.125 2.8173 0
415.5  232.5  374.5  232.5 1 0.125 22.6853 0
296.727  240.861  286.51  242.563 2.79485 0.125 5.69779 0
139.856  447.501  139.833  462.501 1.02109 0.0625 0.463196 0
284.508  346.711  260.5  346.467 2.15276 0.125 17.2811 0
344.5  358.5  362.5  358.5 1 0.125 1.91421 0
423.52  336.496  411.505  336.253 3.18198 0.125 7.55018 0
554.453  341.063  540.467  339.902 1.74501 0.0625 0.933453 0
11.4094  629.413  16.8014  623.789 2.13575 0.0625 1.8894 0
442.962  585.753  451.374  570.431 2.06246 0.125 3.0083 0
422.566  348.28  410.456  344.646 1.53275 0.0625 3.38535 0
450.527  569.509  454.087  559.355 2.87986 0.125 1.19521 0
578.492  347.642  596.491  348.664 1.39533 0.125 7.33275 0
154.551  543.311  168.352  547.047 2.21312 0.125 4.8643 0
353.502  355.703  344.499  355.678 2.01685 0.125 1.91421 0
443.488  386.472  454.948  381.541 2.62768 0.125 7.41745 0
455.703  377.086  443.755  381.233 2.50624 0.125 1.79958 0
564.503  554.882  567.667  546.564 2.09282 0.0625 1.11411 0
313.511  346.139  302.512  346.213 4.05426 0.125 10.2873 0
566.014  460.538  567.056  446.467 2.58551 0.125 9.13775 0
307.499  354.468  281.509  354.955 2.0184 0.125 1.03652 0
239.693  563.358  247.753  574.314 1.82375 0.125 4.02883 0
186.515  347.667  180.503  347.747 2.01304 0.0078125 1.38717 0
567.192  440.508  566.718  421.52 3.22365 0.125 12.0406 0
567.827  473.173  566.433  467.516 2.89137 0.0625 0.736218 0
312.495  548.21  399.521  546.702 3.46225 0.125 198.605 0
598.548  235.067  510.582  242.477 2.9272 0.125 74.106 0
531.572  425.022  469.504  433.529 2.2279 0.125 91.9303 0
457.457  544.975  384.451  550.899 2.53331 0.125 58.6162 0
488.42  392.305  552.181  366.16 4.27355 0.125 86.5522 0
372.466  347.814  313.48  346.274 2.63715 0.125 55.3772 0
247.563  595.65  407.539  592.431 10.1311 0.125 387.366 0
152.234  417.809  203.362  428.18 2.69973 0.0625 28.1805 0
53.2785  638.072  18.4457  685.46 3.05766 0.125 40.1395 0
92.9827  545.069  61.1675  583.223 2.55684 0.125 49.3865 0
222.856  262.046  132.748  389.97 7.5137 0.125 217.512 0
447.436  373.914  295.517  369.862 4.34514 0.125 53.1918 0
379.558  594.704  519.617  587.928 6.86335 0.125 218.646 0
430.518  239.236  392.421  236.676 3.11944 0.125 23.7343 0
344.368  239.718  298.981  247.357 5.78951 0.125 36.4291 0
57.0468  589.118  8.18563  647.078 3.1783 0.125 57.239 0
455.575  325.867  328.631  332.869 4.19088 0.125 192.022 0
200.252  535.901  326.15  548.892 6.07095 0.125 200.286 0
511.849  325.975  247.191  352.416 26.2577 0.125 95.0913 0
