584
628.513  82.0117  600.507  81.7619 1.97316 0.125 35.3285 0
378.691  318.486  376.874  293.473 1.79457 0.125 26.2976 0
377.381  371.498  378.36  317.479 3.41666 0.125 140.15 0
371.319  280.495  371.954  258.484 1.94152 0.125 23.5884 0
698.505  82.9568  684.507  82.8173 1.11949 0.015625 8.87231 0
584.556  84.4331  583.775  95.4486 1.85362 0.125 3.72039 0
678.504  82.8911  653.505  82.7411 1.13797 0.125 7.33275 0
762.275  66.3537  776.052  45.2084 1.89162 0.125 28.1038 0
479.52  81.4154  440.515  80.6823 2.07482 0.125 55.1965 0
390.47  274.777  411.548  277.059 1.85527 0.125 14.2496 0
511.499  126.589  311.499  126.822 1.23095 0.125 165.374 0
413.491  108.29  430.5  108.492 2.10688 0.125 17.5383 0
528.504  81.8647  494.506  81.628 1.22275 0.125 15.4606 0
396.489  108.3  412.497  107.448 3.15525 0.125 29.91 0
332.799  83.5301  333.315  95.5509 1.8265 0.125 7.33275 0
545.818  83.4979  545.781  95.4978 1.0336 0.03125 2.8173 0
560.931  90.1122  566.243  82.3247 1.69041 0.03125 1.61264 0
279.496  248.356  179.485  250.891 3.42995 0.125 259.163 0
287.687  146.516  287.98  161.51 1.25404 0.125 3.72039 0
534.797  83.464  534.181  95.4836 1.74148 0.125 2.8173 0
178.533  250.239  150.499  251.475 2.95307 0.125 60.6151 0
492.916  82.4914  492.724  95.4885 1.16229 0.015625 5.32203 0
311.494  247.361  280.465  248.657 1.91481 0.125 38.0378 0
452.454  108.173  460.303  107.081 2.69593 0.125 3.72039 0
308.547  146.269  290.676  142.635 1.77702 0.125 12.192 0
131.065  181.549  123.623  115.486 2.35091 0.125 122.599 0
354.834  327.33  327.788  338.216 2.0129 0.125 34.8893 0
280.491  177.752  305.512  177.435 3.15203 0.125 55.1965 0
36.6495  23.4744  36.4676  29.5291 2.14927 0.125 1.01112 0
484.739  83.497  484.692  95.4968 1.04319 0.03125 2.8173 0
778.934  39.782  788.908  59.795 1 0.125 2.8173 0
379.502  81.8046  334.502  81.6981 1.10174 0.125 25.3946 0
156.388  17.7152  147.428  18.997 1.69661 0.0625 0.463196 0
589.643  209.488  588.338  193.595 1.7333 0.125 5.08724 0
294.497  81.8001  283.497  81.844 1.03586 0.03125 1.31215 0
328.215  337.553  307.306  343.857 1.82343 0.125 18.4304 0
15.2894  273.732  58.5994  261.863 1.91487 0.125 60.539 0
163.465  181.176  171.694  180.281 3.19869 0.125 5.76976 0
281.879  83.4988  281.857  94.4987 1.99598 0.125 4.62348 0
38.4961  34.5907  46.5244  34.94 2.17197 0.03125 6.14155 0
558.484  192.003  567.507  191.716 1.28649 0.015625 4.48324 0
326.501  81.7734  310.501  81.7452 1.02465 0.015625 10.6505 0
589.5  249.5  589.5  275.5 1 0.125 9.13893 0
646.523  82.8779  635.501  82.4774 1.25356 0.015625 6.42966 0
0.238294  303.735  60.3796  283.148 2.29254 0.125 93.2043 0
121.545  98.5879  120.615  88.4894 2.26663 0.125 4.20178 0
587.489  361.809  575.476  361.999 3.047 0.125 19.0729 0
103.47  326.556  267.466  321.419 2.06409 0.125 268.541 0
56.4925  36.329  89.4897  36.6292 3.01807 0.125 65.539 0
795.734  459.139  734.543  419.434 1.36415 0.125 63.8401 0
285.503  104.557  303.502  103.542 2.39064 0.125 19.8225 0
120.526  251.304  110.569  249.98 1.58723 0.0625 1.63941 0
620.053  332.508  619.735  314.496 2.12333 0.125 15.7549 0
490.329  231.426  474.414  233.961 1.77403 0.125 10.9451 0
292.286  319.582  273.381  323.989 1.72081 0.125 15.4606 0
779.426  499.918  794.436  497.997 1.75349 0.125 9.13893 0
797.479  326.542  798.001  314.478 1.99813 0.125 8.23584 0
147.5  319.504  169.493  319.899 1.12562 0.125 4.62348 0
371.189  354.48  370.356  326.504 1.26726 0.125 17.2667 0
774.518  431.501  775.326  404.465 2.9091 0.125 34.6767 0
676.941  367.503  676.784  332.499 2.11678 0.125 44.6785 0
522.496  72.4526  543.602  70.8444 2.91535 0.125 4.49973 0
15.1659  182.539  14.7837  169.492 1.91129 0.125 7.74756 0
582.492  276.5  582.327  292.508 1.11277 0.125 0.108034 0
612.5  285.5  612.5  304.5 1 0.125 2.8173 0
220.432  168.644  204.453  169.914 2.91133 0.125 23.7884 0
276.505  377.252  267.488  377.062 2.10442 0.125 1.01112 0
370.529  183.766  380.553  184.164 1.87922 0.125 2.8173 0
374.061  323.496  373.795  354.503 1.25755 0.125 34.4255 0
0.426282  259.151  32.2711  252.418 1.99546 0.125 44.3594 0
264.389  378.451  254.523  377.302 2.33354 0.125 0.57978 0
783.475  279.517  782.984  307.491 3.1575 0.125 37.4052 0
739.868  337.504  739.674  305.493 2.16328 0.125 44.3594 0
203.193  159.585  201.627  135.557 2.53843 0.125 25.3066 0
582.528  248.5  582.499  268.5 1.00877 0.125 3.72039 0
614.5  304.5  614.5  285.5 1 0.125 2.8173 0
654.928  269.499  654.807  329.499 2.01612 0.125 86.0332 0
764.553  391.502  765.986  342.485 2.70064 0.125 83.8214 0
742.985  353.453  740.987  375.453 1.9918 0.125 15.0746 0
715.817  344.5  715.817  328.5 2.00004 0.125 15.4606 0
118.34  233.414  123.451  223.935 2.64057 0.125 9.52392 0
610.308  303.497  610.556  284.501 1.06517 0.125 2.8173 0
617.85  258.51  617.141  282.489 1.93999 0.125 26.2976 0
589.5  280.5  589.5  309.5 1 0.125 11.8482 0
111.213  245.765  118.532  232.947 2.60261 0.125 11.6736 0
113.684  67.1925  94.8543  55.9088 1.03777 0.125 5.52657 0
407.797  252.243  418.461  264.534 1.45501 0.125 4.20178 0
687.846  288.5  687.861  312.5 1.01342 0.125 6.42966 0
269.515  336.288  258.52  336.503 2.1559 0.125 8.23584 0
336.491  108.779  359.496  108.66 2.10352 0.125 20.4514 0
584.393  302.505  584.533  278.5 1.04065 0.125 7.33275 0
711.225  413.901  728.39  425.661 1.34455 0.125 3.1796 0
356.601  236.337  358.766  224.367 2.06215 0.125 4.02883 0
218.498  391.721  225.501  391.703 2.01252 0.0625 2.8173 0
592.062  278.499  592.123  256.499 1.05273 0.125 5.52657 0
617.067  286.516  615.864  328.51 1.94192 0.125 58.8089 0
719.182  328.489  719.463  345.517 2.21397 0.125 21.7822 0
798.025  300.514  797.329  276.476 2.52029 0.125 22.1962 0
227.487  339.224  222.402  339.47 2.35065 0.03125 0.883689 0
743.682  305.48  742.897  337.51 2.63704 0.125 55.7616 0
700.436  241.851  798.638  259.745 2.26011 0.125 149.281 0
12.5018  21.7462  34.5017  21.7997 1.04861 0.125 4.62348 0
255.532  337.016  227.517  338.772 2.93157 0.125 53.5959 0
795.897  392.504  795.786  375.498 1.11131 0.125 0.108034 0
797.619  314.502  797.858  302.487 2.09923 0.125 8.23584 0
143.395  17.0424  123.521  21.592 1.89082 0.125 14.5324 0
796.743  347.52  797.927  333.452 1.57363 0.125 7.33275 0
566.45  265.5  566.802  228.493 1.89522 0.125 22.9108 0
649.257  273.496  648.534  320.501 1.52308 0.125 58.8089 0
683.852  355.501  683.898  330.499 1.04595 0.125 8.23584 0
706.413  342.421  705.75  351.518 1.7768 0.125 1.91421 0
175.492  363.56  183.613  364.671 2.11703 0.125 0.108034 0
539.233  295.513  538.656  283.493 2.18962 0.125 4.02883 0
369.5  65.5  441.5  65.5 1 0.125 50.6811 0
492.504  169.745  470.494  170.085 1.30832 0.125 12.6064 0
607.963  256.501  607.854  306.501 1.08448 0.125 32.6193 0
58.4504  299.561  71.1856  309.888 1.11273 0.125 1.01112 0
640.716  304.54  641.231  314.565 1.84358 0.125 3.72039 0
770.228  356.455  768.875  364.563 3.28829 0.125 3.1796 0
587.5  275.5  587.5  248.5 1 0.125 7.74756 0
1.38009  226.756  8.51702  225.606 1.65611 0.03125 1.71607 0
37.4484  221.068  50.5011  219.509 1.7487 0.125 6.42966 0
553.475  211.896  584.483  211.414 3.01519 0.125 65.9286 0
171.038  337.718  159.517  344.529 2.07354 0.125 6.64198 0
116.234  177.516  115.679  168.489 1.36677 0.0625 1.63941 0
124.045  223.185  145.694  191.941 2.14872 0.125 44.1724 0
360.5  106.5  376.5  106.5 1 0.125 0.108034 0
570.5  177.5  548.5  177.5 1 0.125 5.52657 0
740.093  300.499  740.214  265.502 3.07605 0.125 45.987 0
577.472  344.421  591.505  339.515 1.55792 0.125 5.52657 0
120.547  24.0036  113.942  36.6888 2.84414 0.125 2.1969 0
796.111  370.553  797.156  358.47 1.82018 0.125 6.42966 0
670.112  279.483  669.78  306.503 2.03661 0.125 35.3285 0
768.968  378.443  767.894  388.542 2.72954 0.125 6.64198 0
77.7824  277.586  62.0581  289.937 1.79602 0.125 18.1698 0
182.651  364.508  196.637  362.42 2.5688 0.125 12.6064 0
619.889  390.149  613.217  382.756 2.37174 0.125 4.20178 0
705.869  372.476  705.405  384.458 2.26921 0.125 11.8482 0
73.5473  352.237  60.4326  349.874 1.59588 0.125 5.52657 0
728.678  349.376  727.502  357.2 2.07249 0.125 0.108034 0
23.5909  159.598  21.4221  139.508 1.74555 0.125 8.25658 0
306.501  169.021  222.502  168.797 2.219 0.125 133.404 0
686.571  330.498  687.35  355.473 2.43551 0.125 23.5942 0
738.601  392.501  738.789  359.496 2.11352 0.125 45.2625 0
0.323407  277.939  14.4935  273.479 2.26125 0.125 16.3637 0
39.7684  596.847  47.3443  588.361 2.8239 0.125 8.27934 0
645.222  411.817  627.038  395.886 1.33109 0.125 10.1408 0
645.658  328.515  646.093  294.508 2.21698 0.125 47.0687 0
585.505  186.911  607.512  187.091 1.97543 0.125 25.3946 0
30.5718  69.8964  21.4628  68.8124 2.45868 0.125 2.43315 0
576.5  245.5  576.5  263.5 1 0.125 1.91421 0
610.5  274.5  610.5  258.5 1 0.125 0.108034 0
695.616  322.51  695.839  297.512 2.19648 0.125 29.91 0
59.3931  349.8  39.436  342.679 1.61392 0.125 13.0822 0
209.444  356.635  274.428  352.401 1.97311 0.125 99.4479 0
769.556  337.499  769.899  350.463 2.1582 0.125 8.23584 0
96.6647  329.787  82.497  326.513 1.64982 0.125 6.42966 0
586.5  248.5  586.5  275.5 1 0.125 7.74756 0
756.005  269.296  753.651  286.521 3.01529 0.125 19.3495 0
338.5  106.5  353.5  106.5 1 0.0625 1.63941 0
416.458  192.582  444.537  191.305 1.99841 0.125 37.1347 0
726.276  291.476  725.441  264.471 2.06085 0.125 23.5942 0
549.674  234.502  549.45  252.499 1.88799 0.125 5.76976 0
2.99453  136.568  5.27977  153.53 1.58152 0.125 6.64198 0
369.5  374.5  369.5  356.5 1 0.125 1.91421 0
571.17  133.517  580.464  130.394 3.16969 0.125 2.45711 0
778.447  297.499  778.971  278.458 3.05389 0.125 38.0378 0
189.742  405.486  190.267  414.455 1.34912 0.0625 2.8173 0
550.961  271.515  551.544  253.501 1.41967 0.125 9.13893 0
620.517  291.594  621.269  283.479 1.99147 0.125 1.01112 0
205.76  416.706  201.522  401.494 1.65824 0.125 9.13893 0
48.5201  585.717  66.7569  562.906 3.13037 0.125 56.7981 0
94.501  358.771  163.502  358.868 1.99578 0.125 110.285 0
469.5  65.5  513.5  65.5 1 0.125 25.3946 0
561.436  252.499  561.711  227.491 1.12069 0.125 5.97339 0
702.501  333.537  702.839  324.475 2.26006 0.125 6.42966 0
710.5  67.5  751.5  67.5 1 0.125 22.6853 0
20.5359  74.8669  37.4718  73.2114 2.18509 0.125 7.45533 0
554.431  199.169  540.414  202.088 1.91775 0.125 7.74756 0
642.5  66.5  683.5  66.5 1 0.125 22.6853 0
570.504  229.5  570.118  253.51 1.20859 0.125 7.33275 0
681.963  547.122  697.535  535.547 1.97408 0.125 8.38105 0
9.47849  226.084  53.4644  223.811 3.15083 0.125 76.1668 0
571.447  296.498  571.874  282.481 1.21284 0.0625 2.8173 0
709.014  256.38  706.283  267.446 2.40866 0.125 5.76976 0
750.372  426.691  730.524  413.463 1 0.125 2.8173 0
729.761  264.433  728.674  292.507 2.84294 0.125 25.813 0
91.8505  381.513  91.7642  370.498 3.00775 0.125 16.3637 0
134.343  409.504  134.06  397.487 2.21086 0.125 0.670152 0
785.544  449.433  752.285  427.832 1.00288 0.125 15.4127 0
559.366  235.492  559.554  255.499 0.631455 0.0625 6.35934 0
572.368  258.514  572.825  229.505 1.81095 0.125 18.5634 0
677.316  530.242  691.337  520.271 2.08285 0.125 6.72138 0
723.956  394.514  723.491  376.474 2.05092 0.125 16.2936 0
15.239  579.142  0.735246  595.836 2.72246 0.125 33.631 0
207.5  248.5  184.5  248.5 1 0.125 6.42966 0
323.5  65.5  357.5  65.5 1 0.125 16.3637 0
698.5  299.5  698.5  319.5 1 0.125 3.72039 0
775.573  402.504  776.827  379.463 1.83406 0.125 22.0015 0
361.488  161.036  351.493  160.809 2.0904 0.125 1.91421 0
362.491  222.291  374.468  221.765 1.91033 0.125 1.42765 0
779.427  139.77  711.603  146.53 3.19349 0.125 132.254 0
385.358  218.452  392.813  196.269 2.24532 0.125 17.7339 0
768.394  251.081  716.486  241.577 1.10807 0.125 34.5251 0
670.222  340.475  668.624  358.511 2.34523 0.125 16.0854 0
659.731  352.505  659.775  342.501 2.04392 0.125 3.72039 0
689.785  251.326  687.545  260.511 2.17999 0.125 2.8173 0
56.6356  533.721  16.8278  577.894 3.18294 0.125 117.24 0
63.5042  75.3457  82.4634  75.8568 2.4843 0.125 21.0695 0
568.503  202.797  558.499  202.749 2.04374 0.125 4.62348 0
699.158  568.314  709.235  560.171 2.81262 0.125 1.15525 0
696.936  283.591  695.465  274.506 1.81452 0.125 1.01112 0
197.169  361.687  208.352  357.136 1.50784 0.125 1.01112 0
570.459  92.0712  559.463  93.113 3.08094 0.125 1.42275 0
578.424  262.498  578.807  245.484 1.17956 0.125 1.01112 0
688.623  149.291  668.487  152.417 2.65767 0.125 21.8852 0
697.194  249.344  700.594  264.479 2.26953 0.125 6.72138 0
42.5286  90.9378  24.4736  90.0177 2.55726 0.125 29.0069 0
235.493  408.372  252.5  407.502 1.89519 0.125 13.9727 0
559.455  197.735  568.482  197.199 2.35207 0.125 1.42771 0
679.5  336.5  679.5  367.5 1 0.125 13.6544 0
565.413  533.361  583.269  522.133 2.12937 0.125 12.6427 0
790.464  254.708  770.544  251.245 1 0.125 2.8173 0
212.502  66.0155  194.503  65.9311 1.08439 0.125 10.4128 0
753.819  287.482  754.57  300.553 2.51324 0.125 13.0822 0
641.313  427.7  666.636  451.355 1 0.125 10.4128 0
793.931  432.517  795.338  396.455 1.93504 0.125 42.4645 0
61.5782  229.76  41.4695  231.008 2.80842 0.125 36.2316 0
428.505  184.042  472.511  184.533 2.3236 0.125 34.4452 0
739.083  598.117  751.439  586.435 1.98169 0.125 4.24863 0
0.291054  576.46  16.1323  558.044 3.15458 0.125 39.9749 0
495.615  342.976  482.88  346.067 2.88711 0.125 6.72138 0
101.517  249.786  86.5117  250.693 1.36019 0.125 2.43315 0
350.183  270.401  345.171  286.397 1.90852 0.125 12.192 0
475.473  455.433  459.603  461.758 2.04637 0.125 4.41525 0
586.5  280.5  586.5  307.5 1 0.125 10.042 0
91.5308  369.506  93.1602  360.439 1.69174 0.125 0.108034 0
279.496  405.623  289.518  405.946 1.25788 0.03125 4.32245 0
513.846  330.94  499.701  334.337 2.95511 0.125 15.1105 0
158.506  345.537  96.4964  345.924 2.34959 0.125 99.8547 0
310.989  128.501  311.018  140.501 1.02428 0.125 4.62348 0
499.069  500.761  507.216  496.012 1.87469 0.0625 1.11411 0
716.429  577.423  722.708  571.64 2.03231 0.0625 1.11411 0
660.465  108.031  674.469  108.962 3.32519 0.125 19.5769 0
798.226  408.495  797.726  438.52 2.01637 0.125 26.1319 0
99.5034  413.056  119.51  413.21 3.10795 0.125 18.9135 0
124.452  254.307  100.445  260.277 2.65989 0.125 35.9938 0
276.5  71.9822  327.5  71.994 1.0115 0.125 28.2592 0
469.534  235.045  432.49  237.335 2.43897 0.125 52.1644 0
67.5468  562.537  113.582  504.565 3.2706 0.125 132.253 0
615.286  447.059  602.802  453.122 1.9281 0.125 4.02883 0
50.1005  30.0965  38.1174  22.0712 1.959 0.125 0.989353 0
483.276  394.547  470.733  397.493 2.75053 0.125 9.10874 0
768.02  294.527  767.558  286.44 2.11079 0.125 1.01112 0
587.5  307.5  587.5  280.5 1 0.125 10.042 0
620.932  279.486  620.366  261.504 1.12529 0.125 1.91421 0
9.46002  236.915  63.481  233.222 2.9677 0.125 73.0718 0
83.5022  65.8236  66.5024  65.7687 2.03555 0.125 11.0177 0
653.488  73.2836  673.537  72.151 1.99682 0.125 14.2496 0
670.67  264.387  669.43  273.491 1.88636 0.125 1.01112 0
81.5252  54.5075  81.5865  62.507 2.05352 0.125 0.108034 0
336.459  171.957  350.525  173.216 2.34872 0.125 6.55695 0
470.5  230.5  447.5  230.5 1 0.125 6.42966 0
514.537  196.542  500.519  197.042 2.64181 0.125 0.888717 0
743.609  268.454  744.407  287.504 2.70455 0.125 21.0695 0
92.3378  208.349  101.96  197.998 2.14568 0.125 6.5569 0
524.373  374.121  535.47  370.411 3.15949 0.125 6.72138 0
778.757  335.487  777.895  318.48 2.40263 0.125 13.3716 0
113.859  57.4769  112.444  35.5036 1 0.125 5.52657 0
488.816  386.185  496.552  382.613 2.15415 0.125 0.668085 0
561.535  420.586  545.371  427.184 2.43768 0.125 0.834773 0
702.462  109.185  717.507  108.749 2.23069 0.125 10.4128 0
780.287  277.365  785.324  269.389 2.31435 0.125 1.42765 0
388.5  96.5  427.5  96.5 1 0.125 20.8791 0
767.05  407.468  767.857  421.537 2.56941 0.125 14.3442 0
288.481  97.8039  326.508  96.7868 2.10623 0.125 45.3922 0
407.59  266.368  400.469  261.545 1.41501 0.0625 0.409064 0
0.428814  239.052  8.5417  237.762 1.6611 0.0625 4.02142 0
27.7689  350.509  27.3569  363.527 2.12553 0.125 3.28424 0
549.444  445.371  523.544  456.601 2.3224 0.125 17.8233 0
16.5511  557.609  83.3926  486.399 3.10881 0.125 129.219 0
331.498  72.0246  381.501  71.8 1.2201 0.125 54.2537 0
40.5987  229.423  9.63187  232.734 2.73958 0.125 49.546 0
120.437  413.512  134.443  412.613 1.86776 0.125 8.23584 0
299.546  409.427  314.367  418.713 1.49073 0.125 2.27789 0
521.428  159.501  521.413  183.501 2.01296 0.125 24.2437 0
523.921  156.496  523.635  128.499 1.18411 0.125 11.8482 0
530.144  378.432  523.244  380.732 2.84612 0.125 2.43315 0
553.236  255.514  554.436  277.503 1.43451 0.125 12.7513 0
10.4989  597.963  36.5012  598.027 1.06176 0.125 30.8131 0
595.642  220.738  610.498  223.513 1.6637 0.125 7.33275 0
278.507  108.003  292.504  108.212 3.04438 0.125 8.01974 0
784.517  68.9551  764.505  68.3441 1 0.125 0.668085 0
36.4459  350.652  44.492  353.522 2.286 0.125 0.668085 0
72.5764  245.538  68.6026  253.551 2.25066 0.125 1.55013 0
468.457  350.279  452.48  353.4 2.77558 0.125 14.2465 0
58.4076  69.4127  43.5597  67.9103 2.98476 0.125 16.9572 0
240.5  175.5  290.5  175.5 1 0.125 30.8131 0
771.108  319.576  769.25  334.469 1.9846 0.125 7.51526 0
52.6272  487.63  0.486503  538.486 2.98699 0.125 117.106 0
83.1682  313.052  91.2016  307.097 2.82577 0.125 1.63274 0
618.137  572.992  626.27  567.179 1.62707 0.0625 1.63941 0
216.5  68.5192  256.501  68.4622 1 0.125 20.8791 0
607.51  136.505  602.216  148.373 2.85177 0.125 9.98151 0
91.5144  245.413  101.57  247.081 1.48217 0.0625 1.63941 0
252.505  341.659  210.485  343.064 2.43326 0.125 33.7948 0
377.489  173.794  395.538  174.459 2.07228 0.125 16.6464 0
519.308  382.482  510.253  384.186 2.82164 0.125 3.1603 0
596.5  282.5  596.5  314.5 1 0.125 14.5575 0
308.438  351.245  325.64  347.076 2.44446 0.125 15.0746 0
330.731  346.086  351.631  337.832 1.90731 0.125 16.9572 0
412.719  440.151  424.707  436.114 1.40515 0.125 1.55013 0
598.569  143.51  596.514  157.502 2.41467 0.125 3.60558 0
446.316  497.1  458.872  491.307 1.46725 0.125 1.55013 0
227.764  22.4686  228.113  36.5096 1.97456 0.125 2.45711 0
68.3388  61.5974  67.4915  51.5007 2.655 0.125 2.34059 0
554.392  228.501  554.505  252.5 1.03759 0.125 5.08724 0
468.472  399.382  459.276  401.553 3.20364 0.125 1.79958 0
579.533  127.886  540.479  131.253 2.1644 0.125 45.9036 0
588.077  595.191  596.824  587.888 2.1833 0.125 4.02883 0
429.5  98.9551  398.5  98.9644 1.00841 0.125 12.7513 0
545.501  71.9902  595.501  72.0935 1.09509 0.125 43.8983 0
575.475  125.088  553.514  124.169 1.99825 0.125 10.9811 0
559.694  403.998  541.694  410.999 2.01952 0.125 1.92644 0
742.392  120.098  765.6  113.874 2.44984 0.125 30.9873 0
454.469  403.404  441.223  407.63 2.63549 0.125 9.96236 0
81.0203  195.393  82.8738  204.423 2.36128 0.125 3.31706 0
665.553  152.11  651.408  150.176 2.79444 0.125 9.21386 0
335.501  104.042  370.501  103.971 1.07039 0.125 42.5904 0
44.7587  385.379  50.4476  397.525 2.6595 0.125 3.0083 0
436.491  305.157  482.488  304.008 1.89941 0.125 51.5275 0
60.5129  121.037  48.4958  121.326 3.16693 0.125 4.60708 0
74.4532  422.435  84.3673  415.315 1.74992 0.125 4.62348 0
440.557  407.662  376.403  430.223 3.18224 0.125 87.9865 0
227.179  102.52  226.105  85.525 1.93293 0.125 15.4606 0
777.096  195.474  780.559  142.504 1.32402 0.125 45.2807 0
274.686  487.908  260.005  494.607 2.4907 0.125 10.8268 0
431.204  360.331  378.303  373.721 2.89622 0.125 85.4911 0
620.569  223.209  603.572  219.196 1.25731 0.125 2.43315 0
377.462  422.404  392.287  416.465 3.52579 0.125 10.1905 0
650.614  150.967  629.637  156.063 2.44307 0.125 7.61537 0
191.24  130.513  192.586  158.544 2.23766 0.125 11.5723 0
458.678  432  445.557  436.66 1.76145 0.125 6.42966 0
100.613  484.602  57.0021  533.052 3.12236 0.125 84.7726 0
377.384  482.216  346.273  494.944 2.60838 0.125 27.2501 0
676.488  110.432  690.589  108.018 2.78824 0.125 6.21758 0
296.501  428.52  250.482  429.908 2.72287 0.125 66.8507 0
440.499  71.736  487.502  71.8922 1.15621 0.125 28.1038 0
584.876  147.505  585.054  133.494 1.15216 0.125 7.33275 0
329.253  462.98  288.431  482.355 3.09314 0.125 47.198 0
315.517  419.572  359.632  409.053 2.3269 0.125 59.3831 0
208.5  381.5  190.5  381.5 1 0.125 1.91421 0
659.5  324.5  659.5  299.5 1 0.125 8.23584 0
739.908  192.521  742.299  145.49 1.35416 0.125 36.8706 0
783.323  140.488  779.516  195.501 1.82598 0.125 67.7454 0
426.269  472.949  439.465  467.416 1.76665 0.125 3.1603 0
497.469  262.296  508.514  260.594 1.67197 0.125 0.668085 0
0.389706  358.694  24.486  355.398 2.83682 0.125 32.9706 0
82.3697  168.432  75.3522  169.288 2.97791 0.125 1.55013 0
159.5  383.5  95.5  383.5 1 0.125 43.4564 0
165.504  67.3649  184.517  67.9223 1.1754 0.125 2.8173 0
223.614  84.4924  224.812  102.479 1 0.125 1.91421 0
246.059  502.556  225.373  512.228 3.08239 0.125 18.4742 0
450.521  413.561  414.588  425.76 1.6772 0.125 20.6965 0
228.63  143.498  228.757  152.51 3.04203 0.0625 0.59815 0
744.975  145.468  742.145  192.479 1.93631 0.125 50.1043 0
147.285  558.99  135.66  563.88 1.98984 0.125 2.27789 0
364.597  554.697  376.632  548.767 1.82027 0.125 3.1603 0
375.495  506.49  361.295  513.058 2.58693 0.125 3.48034 0
388.666  282.881  404.592  287.157 2.70958 0.125 0.0283223 0
431.519  460.544  412.631  468.799 2.46403 0.125 8.12877 0
495.429  23.3326  507.765  18.1283 1.84272 0.125 3.1603 0
421.675  486.856  403.221  495.934 2.66284 0.125 9.93503 0
501.258  467.031  493.307  471.126 2.74732 0.125 1.50405 0
699.561  116.682  666.859  127.577 3.48202 0.125 46.9862 0
757.499  74.8419  779.5  74.8098 1.0277 0.125 4.62348 0
38.5002  285.166  0.499923  285.175 3.00641 0.125 56.7031 0
0.429224  340.047  27.5485  335.81 2.93262 0.125 40.631 0
61.4731  245.106  0.416707  249.282 3.10355 0.125 81.2052 0
139.504  426.613  232.518  422.952 1.9824 0.125 108.476 0
418.559  286.028  401.45  283.904 2.34775 0.125 10.0485 0
409.46  187.033  427.499  185.484 1.9071 0.125 13.9727 0
645.5  289.5  645.5  270.5 1 0.125 2.8173 0
711.101  130.308  736.895  121.68 2.86799 0.125 23.8182 0
247.282  443.609  296.516  431.564 2.8517 0.125 65.1639 0
369.743  403.495  370.34  433.503 2.03939 0.125 22.8238 0
409.014  470.266  381.702  481.014 2.42539 0.125 12.9067 0
449.507  99.1542  440.511  98.9628 1.14864 0.0078125 3.38053 0
432.49  229.323  473.532  227.093 2.7025 0.125 34.62 0
606.5  356.5  589.5  356.5 1 0.125 1.01112 0
322.495  59.4976  326.664  50.5767 2.71781 0.125 3.13013 0
383.859  275.213  389.224  281.921 2.18653 0.125 0.668085 0
679.738  240.34  660.325  236.354 3.16574 0.125 18.4333 0
25.5522  342.263  0.464327  343.978 2.81384 0.125 23.6314 0
126.435  567.326  104.523  575.561 2.56355 0.125 21.2531 0
136.5  355.5  159.5  355.5 1 0.125 6.42966 0
187.5  382.5  162.5  382.5 1 0.125 8.23584 0
200.501  190.134  211.501  190.152 2.00485 0.125 2.43315 0
341.388  466.151  362.474  459.418 2.20941 0.125 11.4325 0
425.284  498.097  437.518  491.534 1.39113 0.125 0.668085 0
437.465  455.415  452.75  449.106 2.12758 0.125 0.113964 0
506.499  239.511  520.51  240.336 1.41 0.125 1.55013 0
600.749  267.498  600.561  243.492 2.04677 0.125 10.6259 0
715.115  148.535  712.645  191.508 1.73259 0.125 46.8915 0
755.154  96.7253  740.783  103.136 3.03541 0.125 1.79654 0
415.38  429.189  432.52  422.552 1.95632 0.125 1.66757 0
292.439  354.109  307.537  351.734 1.87574 0.125 3.1796 0
430.5  78.5  385.5  78.5 1 0.125 26.2976 0
500.415  42.7554  490.509  39.4731 2.53897 0.125 2.34059 0
543.467  209.038  583.479  206.202 2.3485 0.125 26.1451 0
379.5  78.5  334.5  78.5 1 0.125 26.2976 0
359.658  527.815  370.05  522.603 2.23884 0.125 6.86018 0
439.547  420.63  450.555  416.653 1.69918 0.125 1.55013 0
648.096  157.48  646.578  188.504 1.6555 0.125 27.4678 0
737.811  104.282  728.669  107.924 2.417 0.125 4.20178 0
39.5262  172.288  29.504  172.621 2.19842 0.125 4.89868 0
61.3875  361.348  79.4672  363.747 2.78103 0.125 7.12367 0
77.7514  585.143  62.3656  591.156 2.63366 0.125 2.76539 0
304.47  430.348  317.363  427.805 2.1694 0.125 1.50405 0
345.379  456.187  332.048  461.33 3.01206 0.125 16.9572 0
431.5  188.5  453.5  188.5 1 0.125 5.52657 0
727.255  108.587  714.376  112.035 2.00051 0.125 1.50405 0
166.515  398.081  201.493  397.203 1.72351 0.125 32.2241 0
218.765  17.4944  218.406  0.501976 1.0841 0.125 1.01112 0
399.449  431.358  381.62  437.83 1.4551 0.125 4.89868 0
365.583  499.684  379.467  493.426 2.05539 0.125 1.79958 0
780.484  75.285  798.607  73.9735 3.42526 0.125 15.8867 0
587.353  155.106  584.716  149.4 3.56231 0.0625 3.13832 0
48.3911  425.162  69.4786  428.63 1.79804 0.125 17.5383 0
225.5  351.5  243.5  351.5 1 0.125 1.91421 0
352.523  165.758  342.515  166.663 2.26184 0.03125 0.425664 0
416.482  375.433  433.594  370.853 1.05139 0.125 1.01112 0
469.5  289.495  449.511  288.314 1.46998 0.125 10.042 0
710.253  190.485  712.706  149.512 1.07605 0.125 24.4915 0
336.487  256.487  314.245  278.239 2.90682 0.125 56.2429 0
437.627  374.927  413.659  382.036 1.81178 0.125 2.76539 0
649.533  129.629  637.311  132.765 2.21128 0.0625 1.03392 0
685.391  188.493  687.636  152.508 1.12081 0.125 21.7822 0
798.021  542.937  773.134  519.895 2.74564 0.125 39.8972 0
70.9902  90.2886  69.1826  77.545 2.82276 0.125 5.22771 0
333.439  479.346  319.298  484.994 2.22538 0.125 0.113964 0
393.501  169.028  378.499  169.067 1.03863 0.0625 4.02142 0
667.528  191.023  684.528  192.028 2.2327 0.125 7.55018 0
780.507  195.986  798.518  196.236 2.01371 0.125 18.1698 0
361.777  468.184  342.666  475.911 2.78125 0.125 11.7402 0
137.485  398.937  155.499  398.454 1.37442 0.0625 1.45976 0
159.5  340.5  120.5  340.5 1 0.125 20.8791 0
187.938  43.4805  187.403  31.5043 2.08718 0.125 2.27789 0
214.494  114.097  234.502  114.304 1.1868 0.125 2.8173 0
375.502  169.021  366.494  168.987 2.51151 0.125 0.668085 0
415.49  290.814  423.482  291.07 1.19113 0.015625 6.42966 0
599.516  286.514  599.756  269.49 2.22551 0.125 10.1529 0
599.01  308.503  598.861  287.497 1.14213 0.125 11.0177 0
690.007  151.473  687.876  190.521 1.81562 0.125 41.2603 0
311.575  424.695  304.476  427.438 1.93794 0.125 0.108034 0
399.569  283.378  387.494  276.51 2.23287 0.125 7.41745 0
411.484  197.373  428.465  195.224 1.61983 0.125 9.13893 0
467.5  78.5  448.5  78.5 1 0.125 2.8173 0
327.289  49.3311  339.517  52.431 2.92161 0.125 15.7549 0
344.715  506.301  357.592  502.844 2.00281 0.125 3.13013 0
429.602  368.829  414.504  373.511 1.7772 0.125 3.98429 0
523.545  39.5591  516.227  45.1415 2.80316 0.125 8.23584 0
171.438  174.443  204.442  172.511 1.76282 0.125 7.54619 0
220.783  59.4871  219.098  22.4728 1.49798 0.125 18.5065 0
360.564  511.614  348.45  518.412 2.44678 0.125 1.66757 0
390.434  432.32  410.322  425.015 1.78153 0.125 4.60708 0
537.346  125.121  529.418  124.367 2.67578 0.125 0.668085 0
705.578  246.947  694.377  245.371 1.98051 0.125 2.2932 0
319.528  481.57  338.333  474.081 1.6853 0.125 5.89477 0
672.552  149.699  693.44  144.27 1.68409 0.125 7.40595 0
22.5  47.4288  46.5  47.4281 1.00052 0.125 7.33275 0
249.422  21.5221  250.304  64.504 2.52765 0.125 27.5107 0
423.504  291.525  432.583  289.995 1.81696 0.125 0.108034 0
667.87  153.476  666.459  190.536 1.88445 0.125 32.9706 0
186.163  8.48798  186.018  0.490606 2.09032 0.125 0.108034 0
313.703  278.536  286.757  300.811 2.78484 0.125 39.5358 0
294.498  171.579  315.51  172.139 1.42576 0.125 7.40595 0
530.5  78.5  514.5  78.5 1 0.125 0.108034 0
714.499  193.127  734.501  193.088 2.0157 0.125 7.6803 0
34.252  419.145  47.5883  424.27 1.5815 0.125 4.20178 0
644.311  187.491  645.736  158.512 1 0.125 9.52392 0
533.235  151.437  530.392  163.475 2.68984 0.125 6.55695 0
43.7472  355.572  60.8651  360.129 3.21895 0.125 16.4673 0
186.719  29.5055  186.995  18.4873 2.17509 0.125 2.2932 0
483.537  253.832  494.503  254.437 1.38417 0.125 1.01112 0
785.618  87.9233  772.26  91.6349 2.14176 0.125 3.28424 0
189.489  68.316  210.499  68.5934 1 0.125 2.43315 0
467.466  268.215  490.501  265.505 2.04507 0.125 8.43613 0
594.5  313.5  594.5  283.5 1 0.125 12.7513 0
613.538  157.964  594.5  159.504 1.30334 0.125 1.42771 0
743.488  194.422  758.499  194.611 2.11355 0.125 0.216765 0
66.3321  474.322  54.5017  485.502 1.57361 0.125 8.23584 0
62.8956  257.548  62.0243  246.618 2.12938 0.03125 0.03105 0
114.036  504.136  127.739  486.688 2.19056 0.125 10.0249 0
333.768  472.235  314.424  479.292 1.97911 0.125 10.8268 0
111.5  355.5  130.5  355.5 1 0.125 2.8173 0
232.424  156.595  239.458  156.005 2.24394 0.125 0.108034 0
307.5  78.5  284.5  78.5 1 0.125 6.42966 0
592.996  160.489  592.695  174.504 1.23628 0.125 3.72039 0
724.494  197.854  735.508  198.04 1.16864 0.125 1.01112 0
195.449  185.383  178.603  192.737 1.71664 0.125 1.19521 0
175.237  196.818  196.542  188.608 2.15742 0.125 4.1072 0
234.873  28.514  234.402  7.50218 1.17882 0.125 4.62348 0
598.495  50.4818  581.309  54.7272 2.21611 0.125 15.4127 0
235.504  389.559  264.497  387.452 1.5773 0.125 17.6988 0
245.521  414.931  291.458  412.66 1.60252 0.125 15.6333 0
604.021  160.5  604.026  176.5 1.00489 0.125 0.108034 0
276.489  411.252  245.504  412.596 1.30245 0.125 18.1698 0
577.507  53.9837  567.495  54.128 1.12957 0.0625 0.463196 0
647.496  190.585  662.512  191.229 1.42745 0.125 4.20178 0
236.462  64.5609  235.168  42.5195 1.87935 0.125 1.26606 0
269.501  123.564  254.502  123.699 2.08108 0.125 7.51526 0
454.5  122.5  416.5  122.5 1 0.125 19.976 0
421.504  253.69  442.495  253.251 2.02049 0.125 2.47705 0
430.561  286.31  421.531  283.404 1.59756 0.0625 0.463196 0
311.31  295.3  327.709  279.72 3.44386 0.125 16.0313 0
375.5  122.5  345.5  122.5 1 0.125 12.7513 0
332.685  228.494  332.283  216.507 0.700376 0.0625 0.409064 0
384.54  252.981  401.516  254.299 2.5265 0.125 7.6803 0
406.5  122.5  388.5  122.5 1 0.125 1.91421 0
628.873  259.488  627.436  336.48 2.0743 0.03125 89.0472 0
183.475  178.577  279.498  177.321 3.88189 0.0625 301.943 0
163.499  65.0779  574.5  65.5309 1.01433 0.125 145.388 0
706.809  290.503  705.768  409.397 18.6306 0.125 41.6364 0
85.4468  414.277  273.526  406.096 3.04062 0.125 80.3314 0
412.505  247.96  552.61  246.404 15.999 0.125 213.919 0
725.537  322.503  718.684  411.746 21.0103 0.125 29.1151 0
392.191  416.536  523.759  374.306 3.44335 0.125 167.085 0
728.143  322.508  727.264  396.497 2.5841 0.125 134.649 0
798.596  137.365  691.364  149.279 2.76083 0.125 205.304 0
445.497  190.849  486.503  191.185 2.0982 0.125 57.1915 0
640.372  364.639  647.608  271.121 25.5784 0.125 88.3203 0
640.805  268.499  640.953  303.502 2.05918 0.125 49.1194 0
763.778  412.509  768.073  275.487 3.62209 0.125 217.052 0
401.497  236.603  564.941  241.911 26.0188 0.125 88.1036 0
37.5121  100.263  65.4902  101.692 2.94507 0.125 32.6905 0
590.468  311.408  599.582  208.885 20.01 0.125 40.9675 0
172.498  318.631  670.642  326.364 16.998 0.03125 19.8063 0
51.4945  94.8922  477.5  96.5705 2.99998 0.125 27.9488 0
203.5  317.803  266.5  317.723 2.01387 0.125 97.8862 0
336.501  96.9043  527.5  96.4565 1.07502 0.125 99.5729 0
716.59  280.498  719.22  388.507 2.63695 0.125 39.0929 0
509.686  385.05  484.831  393.475 3.19417 0.125 27.0597 0
172.484  179.9  497.583  176.548 17.999 0.015625 233.807 0
197.481  63.5009  194.442  0.502785 1.92701 0.125 35.403 0
277.387  334.395  282.809  380.346 4.32977 0.0625 48.9573 0
781.28  364.447  779.348  408.537 3.44316 0.125 78.3119 0
750.857  378.504  750.242  276.502 4.8011 0.125 88.6947 0
467.362  255.306  790.706  447.152 17.1885 0.03125 52.1189 0
394.514  232.106  556.841  237.84 17.9888 0.03125 10.6251 0
568.54  391.61  422.705  445.058 2.02492 0.125 93.4998 0
174.46  147.519  90.4193  270.763 6.46006 0.125 2.24489 0
728.684  412.991  716.143  264.446 11.2844 0.125 48.5404 0
368.5  98.4882  303.503  99.654 1.28676 0.125 18.71 0
552.567  391.686  445.794  430.313 2.12137 0.125 60.4445 0
548.147  230.57  536.179  340.595 16.5341 0.125 38.5243 0
269.725  238.864  488.447  245.314 13.4441 0.125 106.788 0
495.5  123.5  456.5  123.5 1 0.125 18.6749 0
317.051  140.464  362.319  305.452 39.2499 0.0625 10.0312 0
640.025  228.342  635.027  314.531 40.4539 0.125 107.38 0
664.581  167.501  662.614  358.501 1.68911 0.125 42.5307 0
545.521  343.482  559.731  360.155 4.54043 0.125 13.6689 0
664.992  283.666  677.061  392.984 31.3804 0.125 65.7239 0
753.987  308.51  753.121  349.492 2.16849 0.125 58.6707 0
350.215  561.917  475.516  500.533 3.1979 0.125 39.3828 0
155.488  91.5002  155.903  118.524 2.96899 0.125 42.5932 0
615.949  258.239  623.102  352.757 17.2645 0.125 63.075 0
280.512  70.1653  787.468  60.7729 25.5315 0.125 413.388 0
162.78  63.64  157.538  36.6872 3.73549 0.125 44.5793 0
472.738  411.165  410.489  433.469 2.51749 0.125 31.51 0
460.188  249.974  759.836  427.934 13.1412 0.125 0.124694 0
727.487  82.3336  309.493  79.4638 8.68397 0.125 553.939 0
485.386  238.629  120.406  253.122 14.534 0.125 125.833 0
460.497  108.574  659.501  107.899 2.13054 0.125 318.883 0
390.505  68.2188  742.509  73.9726 2.61789 0.125 380.544 0
160.498  71.3009  754.5  72.5958 2.52179 0.125 629.149 0
242.503  107.888  377.5  108.505 3.35662 0.125 185.412 0
5.50498  74.2243  152.511  76.881 2.77664 0.125 125.249 0
153.464  103.095  791.576  97.9524 19.0074 0.125 366.495 0
210.364  517.733  168.087  547.339 3.35687 0.125 43.9183 0
174.508  107.133  452.504  108.811 4.05423 0.125 346.107 0
95.5048  69.582  485.5  68.6738 6.03724 0.125 506.498 0
439.765  89.8248  297.421  83.1865 15.4549 0.03125 117.985 0
94.5194  392.636  237.649  395.856 9.97498 0.125 134.592 0
