282
429.479  409.661  441.534  411.242 2.58426 0.125 10.9451 0
343.509  347.953  326.497  347.674 2.14736 0.125 4.24863 0
409.582  406.954  428.602  409.827 1.62214 0.125 12.7513 0
484.5  349.766  441.501  349.696 2.03441 0.125 58.7429 0
391.522  348.982  381.498  348.555 1.25458 0.03125 4.32245 0
405.542  464.721  399.383  465.882 2.70646 0.125 1.01112 0
543.602  411.874  510.591  420.835 2.12302 0.125 40.1472 0
203.41  393.527  213.509  392.594 1.80741 0.125 1.91421 0
494.489  398.658  502.449  399.221 2.27684 0.03125 6.14155 0
418.504  466.657  404.5  466.582 2.04769 0.125 6.64198 0
505.524  464.959  492.559  465.632 3.04776 0.125 13.4748 0
497.496  285.74  506.51  285.882 1.12603 0.015625 0.0172746 0
512.503  463.519  506.342  464.593 3.29894 0.0625 5.36474 0
123.508  333.942  107.497  333.699 2.01494 0.125 13.6544 0
390.518  288.598  330.502  287.388 1.9391 0.125 76.6132 0
465.503  401.33  423.498  400.629 1.65052 0.125 57.9058 0
124.502  383.462  156.53  384.777 1.87525 0.125 38.0378 0
534.344  455.099  513.065  463.382 1.96984 0.125 22.0015 0
432.555  424.33  412.411  417.774 1.37284 0.125 7.51526 0
385.494  294.387  393.504  294.345 2.03171 0.125 1.01112 0
222.5  253.022  203.5  253.007 2.00709 0.125 6.86038 0
370.583  443.537  422.543  448.005 3.48095 0.125 115.067 0
102.825  15.4859  102.469  32.5202 2.20828 0.125 19.3228 0
599.089  643.923  588.686  633.297 2.2488 0.125 12.192 0
60.5017  275.572  42.4881  276.003 1.31039 0.125 7.33275 0
297.627  217.491  297.821  198.493 1.16338 0.125 1.91421 0
258.495  334.331  196.46  336.122 2.58466 0.125 112.547 0
344.426  294.087  365.525  292.987 3.10004 0.125 42.5904 0
414.505  81.9707  433.503  82.159 2.07917 0.125 13.4748 0
54.4675  300.168  35.5511  302.021 1.89295 0.125 12.7737 0
32.4996  426.884  22.4996  426.89 2.00295 0.125 2.8173 0
165.499  440.934  212.499  440.892 1.0403 0.125 22.474 0
575.251  556.61  568.206  550.664 2.69916 0.125 5.97339 0
542.199  527.877  527.078  515.777 2.81189 0.125 29.5612 0
228.492  377.192  211.494  376.985 1.17049 0.125 8.23584 0
103.034  198.548  101.811  186.57 1.68487 0.125 4.62348 0
291.182  294.043  297.774  289.457 2.03406 0.125 0.108034 0
457.465  439.336  467.448  439.753 2.29021 0.125 9.13893 0
20.8525  427.66  7.23624  438.158 2.30943 0.125 12.5312 0
100.811  125.527  100.214  110.472 2.47404 0.125 24.4915 0
382.499  476.664  422.503  476.869 2.04096 0.125 57.0027 0
366.466  349.862  352.496  348.539 2.27404 0.125 4.8643 0
331.486  294.919  343.503  294.626 1.24295 0.03125 3.18911 0
491.03  531.936  486.909  528.065 2.18631 0.0625 0.409064 0
135.723  153.51  135.885  165.508 2.08072 0.125 7.33275 0
461.5  398.5  493.5  398.5 1 0.125 14.5575 0
176.502  377.304  166.492  377.181 1.12277 0.015625 0.0172746 0
342.562  440.175  366.635  444.797 1.85432 0.125 23.7884 0
305.59  268.522  320.555  269.9 1.71649 0.125 4.02883 0
27.469  63.498  29.0855  38.5379 2.12507 0.125 24.6371 0
549.173  431.518  548.165  413.519 1.77319 0.125 14.5575 0
95.7714  63.5079  95.9998  84.5163 1.97815 0.125 15.1105 0
135.37  190.497  135.821  172.508 1.07478 0.125 1.91421 0
24.542  301.257  15.4678  299.686 1.66766 0.125 0.108034 0
137.605  87.4526  135.17  133.43 2.9958 0.125 69.5222 0
286.173  302.289  290.994  294.819 1.73409 0.03125 3.77414 0
246.064  130.494  244.591  234.487 1.97146 0.125 168.534 0
13.3893  448.375  23.4518  439.446 1.90705 0.125 4.89868 0
397.424  26.1099  410.326  23.6032 1.74457 0.125 5.52657 0
255.429  403.14  243.309  405.536 2.14466 0.125 4.02883 0
368.51  475.416  381.56  477.007 2.61489 0.125 14.8636 0
200.533  252.193  183.476  253.002 2.37673 0.125 17.8297 0
19.5461  313.813  4.52946  314.34 2.10398 0.125 12.7513 0
405.514  296.242  422.519  297.134 1 0.125 1.01112 0
556.549  541.437  540.737  529.193 1.32605 0.125 5.08724 0
101.537  181.498  101.603  150.498 2.04913 0.125 36.6673 0
109.502  115.441  118.525  115.736 2.1947 0.125 5.52657 0
165.496  264.811  149.499  264.598 1.1332 0.0625 2.8173 0
110.499  189.547  119.52  189.815 2.14764 0.125 0.668085 0
96.7005  111.499  96.8312  129.505 1.12332 0.0625 5.17742 0
84.2807  342.39  78.871  353.185 2.68205 0.125 6.55695 0
97.7184  158.499  97.811  175.504 1.09253 0.125 1.01112 0
109.526  152.159  118.55  152.838 2.44419 0.125 5.52657 0
588.317  436.665  585.05  413.283 3.13122 0.125 34.6226 0
156.5  387.5  141.5  387.5 1 0.0625 1.63941 0
103.254  183.815  109.889  189.002 3.07979 0.125 4.02883 0
583.015  407.644  585.309  399.446 3.11858 0.125 5.76976 0
100.454  412.223  118.508  413.373 2.18667 0.125 20.8791 0
106.485  58.6722  120.552  59.8975 3.33578 0.125 19.5769 0
418.497  274.241  395.5  274.504 2.11418 0.125 16.8242 0
154.381  219.505  153.786  204.489 1.51425 0.125 10.042 0
121.678  200.495  121.976  210.516 2.05863 0.125 0.563807 0
102.855  110.215  108.046  114.895 2.82464 0.125 0.668085 0
373.654  18.3764  371.917  30.2688 2.70162 0.125 10.1408 0
396.222  45.2376  409.46  42.3196 2.61471 0.125 12.7737 0
305.811  448.465  306.413  436.496 1.8468 0.125 5.08724 0
80.4138  445.144  108.447  448.896 1.77949 0.125 19.3517 0
178.5  258.5  194.5  258.5 1 0.125 0.108034 0
0.467579  366.71  58.5063  368.265 2.48992 0.125 86.4409 0
551.528  278.694  536.407  280.852 2.68854 0.125 14.2496 0
20.4918  356.988  36.5037  356.731 1.22438 0.125 1.42765 0
35.2611  201.574  34.3582  186.508 1.81696 0.125 5.76976 0
33.715  133.561  32.9366  123.466 1.76343 0.125 1.91421 0
198.497  455.471  221.458  453.098 1.88661 0.125 9.46892 0
120.523  116.5  120.739  136.508 2.17227 0.125 24.6822 0
257.403  409.915  266.485  408.41 1.64622 0.0625 1.63941 0
1.79594  2.024  7.88882  10.2106 2.7985 0.125 8.63548 0
127.553  61.4821  130.279  69.5744 2.21459 0.125 0.668085 0
-0.113715  81.2072  12.1011  91.8073 2.9776 0.125 21.3266 0
38.7676  5.49417  39.2475  27.5055 1.93414 0.125 22.8949 0
147.487  337.895  186.48  339.138 1.93526 0.125 49.1353 0
459.02  17.4447  457.642  29.4012 1.75798 0.125 3.31706 0
535.656  468.675  543.589  461.599 1.91619 0.125 0.668085 0
85.9593  49.8681  95.3216  63.6214 2.02185 0.125 7.40595 0
221.468  279.377  228.458  279.633 2.25526 0.125 3.72039 0
12.7356  94.4874  15.9988  155.42 3.01319 0.125 120.473 0
55.0773  356.834  63.9819  368.12 2.68654 0.125 12.5312 0
16.5716  164.364  0.325326  155.833 2.92284 0.125 19.3495 0
245.514  329.7  254.511  329.861 2.10692 0.125 0.108034 0
363.548  420.17  392.521  424.357 3.39827 0.125 55.1733 0
397.571  299.971  383.555  298.089 1.71592 0.125 3.1603 0
231.361  413.565  250.387  410.737 2.01842 0.125 15.4127 0
53.6206  194.493  54.0413  201.527 2.93496 0.125 2.8173 0
12.5473  86.4509  0.320184  74.6869 2.8279 0.125 14.3109 0
335.708  413.694  358.241  419.505 2.87438 0.125 35.9938 0
460.37  314.027  474.499  317.505 2.435 0.125 9.96236 0
297.5  191.5  317.5  191.5 1 0.125 3.72039 0
385.142  22.5121  384.835  13.4547 2.23593 0.0625 0.441485 0
21.0373  87.5095  19.2556  0.484529 2.69553 0.125 123.33 0
318.301  311.478  317.738  341.467 2.44958 0.125 40.7471 0
369.564  92.5026  368.958  107.518 2.28101 0.125 9.96236 0
0.189599  162.108  14.9404  169.637 3.21944 0.125 24.6371 0
187.495  277.65  206.539  278.245 1.9054 0.125 14.3442 0
405.439  278.907  418.505  277.552 2.02592 0.125 1.63274 0
40.5232  209.465  33.3618  204.708 2.21926 0.125 0.668085 0
352.538  229.507  353.834  222.379 2.77279 0.125 0.563807 0
4.48073  355.943  19.4973  355.423 1.92968 0.125 6.64198 0
294.5  220.5  294.5  205.5 1 0.0625 4.02142 0
435.501  463.358  485.496  463.88 1.09401 0.125 28.2592 0
84.5193  270.154  104.513  271.266 1 0.125 1.91421 0
306.44  216.393  317.524  217.134 1.79556 0.125 0.668085 0
182.497  283.098  170.489  283.201 1.98281 0.125 6.42966 0
0.50724  324.431  16.5414  326.103 1.88547 0.125 12.7513 0
287.53  364.972  281.469  352.515 1.87083 0.125 5.97339 0
253.502  445.512  277.621  441.175 2.02447 0.125 10.6259 0
26.4926  340.697  4.48605  339.872 1.11163 0.125 8.23584 0
80.4453  172.529  80.8357  186.519 2.27816 0.125 13.9727 0
153.505  283.107  135.495  282.856 1.20851 0.125 15.4606 0
194.567  283.619  182.485  282.703 1.76726 0.125 4.62348 0
88.8897  81.5418  87.6525  63.4895 1.17487 0.125 4.62348 0
96.6714  324.575  106.846  301.215 1.67065 0.125 20.2155 0
170.5  280.5  189.5  280.5 1 0.125 2.8173 0
440.629  272.775  430.418  270.96 2.0348 0.125 2.43315 0
24.082  47.4754  26.0684  94.476 2.75829 0.125 94.9599 0
485.501  461.196  435.498  461.018 2.03903 0.125 27.4421 0
508.721  375.395  505.456  368.521 2.23561 0.125 1.01112 0
91.2279  53.0666  86.2248  44.6638 2.06608 0.125 3.72039 0
124.222  110.491  124.637  142.511 2.31098 0.125 62.3353 0
491.314  462.6  492.912  449.55 1.88394 0.125 2.27789 0
44.1922  185.47  43.1964  195.569 2.28472 0.0625 0.933453 0
392.57  424.402  406.514  425.287 2.37579 0.125 7.41745 0
68.5612  344.639  75.5327  341.574 2.34392 0.0625 1.11411 0
120.835  153.478  120.303  169.493 2.09839 0.125 1.66757 0
174.5  328.5  197.5  328.5 1 0.125 6.42966 0
389.501  269.6  400.486  269.45 2.14989 0.125 3.28424 0
90.3644  279.815  66.697  284.496 2.14522 0.125 17.6301 0
23.3252  156.535  22.1788  118.51 2.08949 0.125 22.8631 0
312.901  426.455  314.577  441.491 1.54758 0.125 7.33275 0
71.4889  406.546  95.5496  412.292 1.98884 0.125 15.9851 0
567.527  332.353  550.547  329.242 1.24627 0.125 4.62348 0
30.5  144.5  30.5  118.5 1 0.125 9.13893 0
31.16  205.401  32.7748  232.484 2.81612 0.125 14.116 0
126.575  112.443  132.241  119.94 2.00365 0.125 2.8173 0
150.5  180.5  150.5  154.5 1 0.125 9.13893 0
214.929  438.435  214.153  421.47 1.36348 0.125 0.668085 0
499.043  419.742  504.498  407.499 1.33325 0.125 1.91421 0
69.9402  42.4913  69.7075  57.5032 1.18582 0.125 1.91421 0
134.5  197.5  134.5  218.5 1 0.125 4.62348 0
344.477  456.608  382.459  464.693 1.99965 0.125 27.6773 0
100.828  145.418  99.5956  125.494 2.73712 0.125 22.7393 0
201.544  298.337  188.475  299.019 3.57738 0.125 10.2873 0
25.9719  230.511  25.4387  205.48 2.31899 0.125 20.552 0
64.5037  16.1809  51.5055  16.0285 1.14064 0.0625 2.8173 0
152.5  149.5  152.5  127.5 1 0.125 5.52657 0
98.2602  356.564  94.2526  341.566 2.44851 0.125 8.38105 0
509.613  368.456  513.56  378.476 2.79122 0.125 5.69779 0
65.4692  422.53  66.0285  404.485 3.37031 0.125 30.5726 0
206.527  374.23  240.518  372.991 2.39939 0.125 18.6896 0
99.9305  109.497  99.8145  91.498 1.09664 0.0625 3.0454 0
8.79304  12.4856  9.77657  32.4864 1 0.125 2.8173 0
451.49  404.738  425.495  403.618 2.04119 0.125 30.9437 0
511.013  396.54  509.361  376.429 2.97603 0.125 31.616 0
140.519  280.231  157.507  281.404 1 0.125 0.108034 0
216.516  429.821  234.571  428.932 2.79958 0.125 28.2592 0
243.501  369.519  223.451  370.527 2.24294 0.125 15.0905 0
444.504  260.557  432.489  261.325 1.63586 0.125 1.42765 0
469.362  29.491  470.417  13.4289 2.60055 0.125 17.8297 0
309.678  404.476  312.546  425.494 1.80197 0.125 20.8791 0
75.3388  216.505  74.5996  194.463 2.23351 0.125 16.7823 0
93.2693  84.4964  93.3574  103.501 2.05561 0.125 7.6803 0
81.4722  428.059  144.515  431.19 2.88368 0.125 70.142 0
127.592  444.462  122.228  431.614 1.99778 0.125 5.76976 0
156.508  288.671  136.5  288.48 2.11443 0.125 13.5803 0
202.546  346.997  237.439  350.174 3.43943 0.125 54.5677 0
280.461  407.447  289.2  401.088 1.55759 0.125 1.01112 0
408.41  423.705  399.028  419.571 3.14852 0.125 8.27934 0
444.285  431.816  468.456  435.769 2.99753 0.125 17.1572 0
89.5642  308.777  100.443  306.253 2.76667 0.125 0.635488 0
378.418  250.303  370.537  253.589 2.07752 0.0625 0.736218 0
35.2249  16.5489  33.2702  5.54081 1.5091 0.125 0.108034 0
238.434  429.474  231.968  445.687 2.23371 0.125 7.6803 0
241.583  293.15  227.653  289.852 2.86779 0.125 8.50244 0
355.62  334.392  349.455  327.541 2.45363 0.125 1.42771 0
32.7219  90.5479  31.7369  74.547 1.68903 0.125 5.76976 0
123.425  62.5162  124.03  102.507 1.60448 0.125 26.1319 0
20.401  363.915  0.428753  362.519 2.90192 0.125 22.7628 0
119.981  103.492  119.341  64.5026 2.32822 0.125 48.1989 0
467.85  51.4635  468.579  38.5044 1.94076 0.125 3.1603 0
114.124  171.528  113.304  160.515 1.77167 0.125 0.668085 0
240.506  341.482  259.514  347.455 2.67176 0.125 0.680672 0
351.843  320.927  333.299  309.837 1.69133 0.125 6.72138 0
470.526  11.5012  471.047  0.478581 1.78103 0.0625 1.55421 0
29.5  168.5  29.5  183.5 1 0.015625 7.9756 0
401.348  410.348  408.709  420.346 3.22111 0.125 1.71933 0
73.408  138.501  72.9156  94.4953 2.49227 0.125 66.8594 0
71.953  29.5076  71.5522  0.485468 2.28982 0.125 32.1869 0
77.1133  8.4999  77.1077  29.5002 1.00479 0.125 4.62348 0
87.5123  454.383  127.493  458.571 1.79027 0.125 32.9706 0
166.51  364.875  144.5  364.506 2.25172 0.125 32.6193 0
226.54  289.941  211.474  288.854 1.50122 0.125 0.57978 0
239.604  428.479  277.495  424.451 2.43493 0.125 26.9336 0
365.525  328.515  365.678  338.528 2.95378 0.125 0.398689 0
514.439  378.502  514.945  396.516 3.11122 0.125 24.5151 0
74.6863  187.518  73.7487  145.494 2.33411 0.125 63.8401 0
390.583  352.405  367.564  350.66 2.38682 0.125 16.9002 0
233.582  456.038  276.498  449.485 1.84098 0.125 24.2231 0
348.621  459.977  322.625  453.962 2.10139 0.125 14.845 0
122.504  343.548  138.474  342.196 2.73632 0.125 1.1514 0
220.4  355.536  255.44  351.917 2.5732 0.125 28.8274 0
374.523  390.465  345.431  371.606 2.40737 0.125 18.2748 0
136.511  361.773  112.47  362.769 3.53549 0.125 26.2388 0
144.393  364.014  137.285  362.528 2.7763 0.125 2.8173 0
465.499  471.133  429.499  471.208 2.04621 0.125 41.5799 0
16.5588  237.203  0.399422  234.009 2.5437 0.125 10.1529 0
101.691  345.564  113.407  347.954 2.42016 0.125 0.811332 0
72.42  86.5023  71.8946  68.4885 1.49521 0.125 7.41745 0
132.499  348.519  145.518  348.928 1.21945 0.03125 3.77414 0
27.4875  335.231  40.5058  334.626 1.51006 0.125 1.42771 0
38.5315  386.749  23.4741  386.117 2.37535 0.125 7.6803 0
174.544  351.723  190.517  348.585 1.55948 0.0625 0.933453 0
145.492  350.855  131.494  351.028 1.16106 0.0625 2.03528 0
363.503  366.542  382.482  365.242 1.27109 0.125 3.31706 0
207.514  361.255  194.501  360.486 1.4113 0.125 2.8173 0
392.54  441.109  408.576  442.759 1.68257 0.0625 5.35754 0
64.3903  387.513  45.4466  386.481 3.53961 0.125 17.2367 0
296.944  431.544  295.865  442.536 2.18582 0.0625 0.933453 0
368.479  353.735  382.546  354.982 1.63878 0.03125 8.18368 0
10.7118  33.4501  12.6916  81.5333 3.00928 0.125 101.312 0
22.3933  0.464448  29.0006  166.48 2.95285 0.125 260.456 0
124.788  150.481  125.804  219.51 3.11658 0.125 125.525 0
507.439  330.766  586.634  348.917 1.82864 0.125 100.979 0
37.8458  59.5212  41.3112  166.506 2.64643 0.125 64.0167 0
451.789  428.588  367.597  415.86 3.00064 0.125 40.3619 0
330.142  468.454  367.536  475.302 3.38013 0.125 59.1594 0
499.982  420.541  459.41  430.119 5.43418 0.125 33.8006 0
509.624  323.891  555.56  333.205 2.50189 0.125 61.1655 0
428.482  477.752  522.523  475.443 5.02986 0.125 231.78 0
373.177  48.7599  435.267  37.246 3.63987 0.125 49.3077 0
131.467  454.699  192.503  456.386 2.58439 0.125 43.8898 0
505.511  426.554  537.467  420.332 3.40505 0.125 48.1073 0
200.423  281.496  235.445  284.211 2.22592 0.125 52.703 0
371.998  35.4239  369.313  88.4399 3.51497 0.125 76.059 0
183.551  361.954  164.675  364.066 3.31505 0.125 28.9855 0
317.907  349.875  373.714  386.171 2.30796 0.125 15.243 0
469.55  432.658  491.553  425.665 2.94791 0.125 37.1151 0
92.4826  281.411  351.259  230.43 17.4672 0.125 34.5192 0
120.475  367.717  497.149  411.515 8.84733 0.125 112.668 0
191.494  348.356  337.485  342.151 1.38128 0.125 4.12016 0
196.48  260.755  590.566  291.654 2.22838 0.125 42.739 0
21.5252  343.006  167.502  350.469 1.89912 0.125 15.5889 0
163.486  269.895  81.519  266.969 2.74833 0.125 17.7292 0
12.499  316.507  31.4963  319.524 3.32312 0.125 20.941 0
480.499  318.503  585.483  339.585 1.77198 0.125 107.745 0
152.384  377.702  229.441  385.113 3.75069 0.125 101.649 0
353.498  468.531  491.525  477.102 2.99423 0.125 128.02 0
150.14  396.806  526.994  448.207 54.4085 0.125 133.366 0
94.099  133.485  95.661  195.496 2.226 0.015625 1.04867 0
77.8258  38.4777  80.8267  216.494 2.98813 0.125 215.606 0
112.519  397.255  586.509  396.076 13.836 0.03125 199.77 0
57.47  283.006  421.826  260.865 10.9797 0.125 44.3344 0
27.6337  16.5904  12.8772  201.733 24.4803 0.125 27.306 0
401.693  405.699  0.460004  385.286 6.6861 0.125 3.38118 0
