220
464.498  479.764  477.505  479.862 1.08991 0.03125 5.8276 0
67.2306  296.435  74.2466  267.439 2.08536 0.125 39.0048 0
518.368  512.1  541.539  509.909 2.61024 0.125 31.616 0
232.366  58.3586  251.889  39.8553 1.6846 0.125 22.8949 0
445.5  512.907  468.5  512.894 1.0128 0.125 5.52657 0
63.8997  318.556  66.9363  296.7 3.35711 0.125 36.347 0
397.462  510.167  444.537  512.856 1.91141 0.125 63.2336 0
91.5651  411.48  84.1329  386.914 2.16384 0.125 25.5075 0
192.341  104.374  202.927  91.0452 1.88835 0.125 11.3022 0
558.456  508.255  598.595  501.031 2.5596 0.125 53.2901 0
140.695  444.031  153.554  449.369 1.23707 0.125 1.01112 0
154.858  160.122  163.04  146.229 1.57003 0.125 9.13893 0
384.495  527.185  364.496  527.025 2.08794 0.125 16.2936 0
113.646  247.563  118.05  237.307 1.70802 0.125 0.668085 0
316.572  520.688  300.52  519.27 1.64037 0.125 6.42966 0
243.56  408.312  262.251  414.281 1.7856 0.125 7.40595 0
505.492  479.855  515.51  480.093 1.18937 0.125 1.01112 0
581.513  448.291  542.474  448.937 2.98303 0.125 78.4899 0
286.67  516.951  267.642  511.044 1.81065 0.125 11.7388 0
268.958  24.8002  288.583  9.60778 2.29593 0.125 19.4053 0
95.968  370.6  94.3372  345.511 2.53964 0.125 11.5723 0
355.462  468.769  371.426  471.025 1.57126 0.125 8.23584 0
100.974  402.351  109.209  428.591 2.31929 0.125 34.2414 0
302.534  520.36  287.441  516.746 1.67112 0.125 7.74756 0
340.448  518.121  322.378  520.614 2.3573 0.125 16.8351 0
157.03  411.503  140.403  403.708 2.34829 0.125 11.811 0
511.501  485.901  492.498  485.966 1.0649 0.125 2.8173 0
101.868  283.309  106.368  268.46 1.624 0.125 0.670152 0
365.504  517.454  381.555  518.878 1.96832 0.125 8.38953 0
507.399  516.139  517.454  513.335 1.81533 0.125 1.91421 0
142.573  458.361  152.057  463.344 1.81554 0.125 0.668085 0
211.556  517.358  232.82  525.682 2.14716 0.125 21.1621 0
84.6187  219.013  42.6724  208.792 1.78035 0.125 52.4585 0
404.444  542.066  415.517  540.632 1.37696 0.125 0.108034 0
180.418  448.771  198.842  454.377 2.08009 0.125 4.02632 0
567.539  481.822  547.473  484.281 1.88313 0.125 21.7822 0
224.458  510.606  251.54  521.4 2.79345 0.125 46.0598 0
67.6519  331.753  70.9076  342.677 2.10081 0.125 7.33275 0
362.492  539.013  370.506  538.89 2.57695 0.0625 4.02142 0
96.7472  301.567  101.134  285.401 1.32407 0.125 0.57978 0
309.476  531.666  358.335  538.654 2.82817 0.125 71.146 0
153.855  425.804  137.515  417.471 1.39854 0.125 7.33275 0
406.534  522.35  388.521  521.81 2.38885 0.125 19.976 0
420.345  540.564  430.562  538.877 1.96428 0.125 1.55013 0
200.168  58.1462  182.612  74.6198 1.68312 0.125 17.1751 0
200.424  512.762  210.186  515.586 2.60375 0.125 4.89868 0
327.4  539.579  370.404  543.544 3.06512 0.125 77.2733 0
24.679  204.727  0.581297  199.149 1.4342 0.125 16.3637 0
568.667  542.094  540.379  550.07 1.95031 0.125 35.4208 0
190.598  428.192  233.697  441.878 2.08683 0.125 40.8184 0
479.487  562.398  459.437  565.016 2.8008 0.125 30.4486 0
230.456  519.603  213.558  512.364 1.44362 0.125 7.74756 0
85.6328  333.249  69.4082  324.674 1.66738 0.125 3.28424 0
181.599  460.21  206.436  468.687 1.70567 0.125 16.8351 0
109.805  399.624  102.63  397.128 2.50467 0.125 2.8173 0
499.495  510.859  421.497  509.712 1 0.125 54.2934 0
79.4382  398.13  76.3006  390.184 2.98588 0.125 5.97339 0
413.478  481.676  396.491  479.57 1.86176 0.125 8.27934 0
72.2778  343.651  82.4065  358.564 1.42021 0.125 4.89868 0
127.83  448.95  142.094  457.51 2.05754 0.125 6.61688 0
66.0188  350.563  63.8931  334.448 1.85205 0.125 9.26472 0
361.41  510.13  336.492  506.554 1.84229 0.125 15.0746 0
94.2534  435.039  90.0479  428.165 2.94048 0.125 4.20178 0
382.454  543.746  403.498  542.462 2.30096 0.125 16.8242 0
73.3592  361.545  70.1045  351.308 1.81795 0.125 3.72039 0
191.413  501.661  169.788  489.967 1.1665 0.125 11.8482 0
271.476  451.597  290.553  456.283 1.95923 0.125 10.8174 0
148.484  419.526  132.522  409.465 1.25088 0.125 0.57978 0
121.415  418.517  124.067  431.786 2.94264 0.125 4.2626 0
106.337  339.044  94.2267  335.411 2.96907 0.125 10.8174 0
598.545  441.041  589.442  441.8 2.57518 0.125 5.97339 0
526.493  442.849  503.482  442.396 2.39329 0.125 4.87383 0
527.462  553.294  510.304  556.43 3.12027 0.125 24.5151 0
101.984  448.819  96.4748  439.898 3.27802 0.125 13.0822 0
148.461  117.472  137.585  132.561 2.11247 0.125 15.2144 0
181.459  424.603  190.264  428.095 2.61228 0.125 3.1603 0
314.361  484.269  350.619  490.844 1.87115 0.125 26.3293 0
482.459  22.3036  491.486  22.7674 2.2026 0.125 1.55013 0
252.497  527.509  236.429  521.697 1 0.125 1.01112 0
68.6422  364.477  66.5149  351.336 1.81449 0.125 2.2932 0
127.633  469.289  138.661  476.245 1.60039 0.125 1.55013 0
219.37  40.3485  200.008  56.9256 1.94593 0.125 15.1472 0
134.989  459.853  158.929  477.932 2.60594 0.125 44.5171 0
98.8017  404.33  90.8953  390.278 1.63389 0.125 0.811332 0
335.479  547.675  326.602  546.634 2.16431 0.03125 8.13608 0
124.799  152.125  115.503  169.502 1.94838 0.125 17.5383 0
137.205  133.306  125.318  151.38 2.24308 0.125 14.408 0
120.31  289.926  129.679  294.098 2.13391 0.125 4.62348 0
161.28  486.822  153.502  481.498 1.69455 0.125 0.108034 0
153.416  486.628  165.46  494.56 1.65007 0.125 2.2932 0
198.418  472.739  211.585  477.253 1.35084 0.125 0.563807 0
371.558  551.885  346.497  549.535 2.55141 0.125 32.3088 0
490.5  488.5  513.5  488.5 1 0.125 6.42966 0
130.476  289.542  118.384  282.705 2.61152 0.125 3.80613 0
252.446  532.676  278.458  540.637 1.54152 0.125 21.1084 0
315.409  548.142  365.539  555.223 2.52885 0.125 65.2268 0
152.921  481.308  133.556  467.422 2.57671 0.125 29.7053 0
229.587  311.132  210.478  306.593 2.17695 0.125 5.83682 0
585.439  508.161  545.64  515.281 2.00046 0.125 32.2383 0
248.461  400.628  233.883  396.229 1.32407 0.125 0.668085 0
117.041  467.836  103.097  448.795 1.0797 0.125 5.08724 0
353.481  440.822  368.526  440.389 2.31552 0.125 9.21386 0
512.571  524.714  488.271  532.812 3.1621 0.125 34.7391 0
352.464  490.799  364.531  492.245 1.74795 0.125 5.52657 0
469.507  523.261  408.512  523.824 2.43331 0.125 87.3167 0
487.777  532.912  427.542  544.716 3.00354 0.125 82.116 0
366.458  188.512  370.371  202.536 2.03825 0.125 1.79958 0
104.718  426.444  99.5946  406.476 1.26802 0.125 2.34059 0
202.479  752.732  180.468  753.339 1.94412 0.125 14.2225 0
81.6025  231.117  70.5889  228.168 1.48328 0.0625 3.99669 0
344.414  557.729  369.571  559.482 2.57557 0.125 19.8818 0
515.502  490.566  490.496  491.383 2.03158 0.125 30.8131 0
488.47  498.361  526.496  497.346 2.75879 0.125 72.6606 0
456.519  565.998  368.52  567.086 2.85335 0.125 86.4299 0
230.515  30.5176  221.91  37.9734 1.51156 0.125 1.01112 0
233.218  767.088  203.753  752.972 1.72823 0.125 17.9538 0
376.501  546.477  345.498  544.537 1.68498 0.125 16.9002 0
213.489  780.726  250.502  782.461 2.55981 0.125 45.6536 0
262.636  6.70117  244.73  18.8399 1.92205 0.125 20.2155 0
429.486  487.906  464.513  489.108 1.34744 0.125 31.7162 0
482.792  558.695  523.791  548.693 3.00826 0.125 43.1183 0
27.507  218.468  7.37941  214.049 1.50113 0.125 13.6544 0
366.485  554.629  379.656  556.165 2.86399 0.125 5.41095 0
485.446  491.198  467.477  491.945 2.20584 0.125 14.3442 0
261.437  773.857  241.359  770.291 2.38325 0.125 9.45297 0
577.272  496.138  569.025  501.334 1.91219 0.125 0.668085 0
0.29187  202.424  49.4975  213.511 2.32165 0.125 47.4642 0
498.498  459.495  481.618  464.871 2.25147 0.125 2.96503 0
420.499  556.606  437.498  556.764 2.06505 0.125 7.40595 0
525.681  503.336  514.637  501.619 3.57897 0.125 2.96503 0
525.572  496.498  550.369  494.699 3.42634 0.125 36.4108 0
194.415  426.709  179.965  420.81 2.19153 0.125 0.113964 0
451.5  490.738  424.5  490.753 2.0084 0.125 7.12367 0
507.311  29.8343  519.492  31.5587 2.83909 0.125 3.60558 0
275.139  0.80654  263.65  6.78743 2.1993 0.0625 3.07613 0
336.539  496.32  305.471  489.636 2.02937 0.125 14.323 0
444.509  563.564  477.578  559.078 1.74748 0.125 19.4905 0
0.250694  507.218  13.7117  511.89 3.23986 0.125 17.6988 0
598.598  490.127  585.603  492.157 2.03822 0.125 1.42771 0
16.4211  513.23  22.5655  513.894 2.31079 0.0625 0.736218 0
252.551  781.085  268.516  779.685 1.90501 0.125 2.613 0
289.383  496.995  274.503  493.487 1.71718 0.125 2.27789 0
376.503  18.8898  368.498  18.8466 3.03232 0.125 3.1603 0
384.501  551.98  374.499  552.01 1.02747 0.125 1.01112 0
466.528  492.123  453.452  491.143 1.621 0.0625 0.937202 0
341.609  486.814  324.565  484.094 1.22922 0.125 0.668085 0
45.4608  215.906  35.4576  214.938 2.08697 0.125 2.8173 0
60.4318  232.811  69.6468  234.83 1.40472 0.0625 2.8173 0
524.426  548.281  565.782  534.336 2.00493 0.125 39.8972 0
13.3874  258.988  24.4887  261.549 2.09823 0.125 3.1603 0
147.495  431.512  134.489  426.529 1.57026 0.125 5.52657 0
309.331  550.377  343.416  556.936 1.9268 0.125 22.3303 0
426.529  543.975  392.473  546.052 1.65508 0.125 10.9641 0
430.499  533.495  442.511  531.57 1.3038 0.125 0.108034 0
525.539  490.467  516.514  490.131 2.18491 0.125 1.91421 0
0.382333  216.977  13.1007  220.117 3.14033 0.125 18.0571 0
372.519  594.402  383.486  596.573 1.56359 0.0625 3.99669 0
95.4566  534.048  105.552  534.847 3.0695 0.125 6.55695 0
412.504  547.264  437.497  547.682 2.23419 0.125 13.5445 0
62.2062  225.641  53.5242  223.406 2.43549 0.0625 2.03528 0
173.617  756.009  162.531  753.371 2.13029 0.125 0.57978 0
405.518  534.955  429.52  534.029 1.61295 0.125 4.60708 0
427.541  561.562  443.554  562.255 3.08356 0.125 13.5803 0
513.484  502.209  499.472  502.993 3.16303 0.125 5.83682 0
518.51  487.718  548.494  486.374 1.31247 0.125 8.29566 0
558.474  488.93  544.457  489.578 2.22882 0.125 12.192 0
587.225  601.008  576.29  607.124 3.31363 0.125 13.3898 0
31.4929  516.804  36.5128  516.752 3.03041 0.125 1.01112 0
51.3576  214.123  85.6258  221.949 1.66648 0.125 20.3219 0
31.5639  510.242  20.4988  507.505 1.94151 0.125 2.2932 0
40.5254  519.376  54.749  522.281 2.89764 0.125 15.2144 0
127.537  512.527  135.144  502.237 1.78323 0.125 2.2932 0
75.507  529.406  88.4347  530.373 2.99165 0.125 12.6064 0
546.644  591.063  552.76  578.628 2.309 0.125 8.38953 0
554.494  575.041  571.503  575.23 2.06645 0.125 17.2667 0
49.4929  222.558  34.4705  220.744 1.83217 0.125 5.76976 0
66.4736  237.691  79.5009  239.493 1.70702 0.125 6.42966 0
217.659  490.132  202.466  483.578 2.61053 0.125 4.0042 0
13.6818  209.167  2.481  207.639 2.8373 0.125 0.635488 0
56.4195  523.934  67.5913  526.008 2.33153 0.125 3.98429 0
253.311  539.207  277.46  545.651 2.38293 0.125 7.54619 0
553.607  524.882  532.573  530.761 2.46452 0.125 8.65132 0
88.5102  531.436  96.6225  532.734 2.64639 0.125 4.20178 0
331.576  751.478  327.746  738.428 1.4081 0.125 0.668085 0
66.6105  221.808  59.4732  220.668 3.27802 0.125 1.42771 0
68.5017  526.485  75.6367  527.293 2.86836 0.125 1.55013 0
481  663.429  482.238  689.465 3.04412 0.125 14.8514 0
572.281  608.901  554.634  618.74 3.17701 0.125 10.0758 0
344.447  533.039  371.482  535.683 1.38457 0.125 10.8723 0
481.27  690.783  490.729  698.451 2.8131 0.125 5.07047 0
491.398  706.003  481.211  708.094 2.26365 0.125 0.57978 0
571.354  573.852  585.406  575.369 3.08998 0.125 2.76539 0
581.46  674.728  565.761  671.999 3.38478 0.125 11.2591 0
503.572  657.92  484.475  657.053 3.72371 0.125 19.2606 0
459.686  768.355  467.936  778.939 3.2479 0.125 7.2156 0
598.709  594.87  590.166  599.682 3.70569 0.125 3.80613 0
111.677  528.806  120.005  518.925 3.22238 0.125 7.2156 0
477.269  713.466  473.541  738.506 2.9673 0.125 15.9127 0
514.506  658.616  504.481  659.093 2.09277 0.125 1.55013 0
111.735  473.27  289.457  527.641 11.2829 0.125 145.849 0
143.324  480.814  199.568  512.378 2.34022 0.125 84.0378 0
355.093  550.982  446.484  535.407 6.8437 0.125 72.8774 0
31.4034  264.011  68.5867  271.042 2.9726 0.125 44.6378 0
126.464  437.586  179.373  459.801 2.19013 0.125 67.9408 0
183.621  776.351  212.719  779.42 3.7138 0.0625 33.6636 0
354.495  6.62885  398.51  8.21826 2.54 0.125 39.0211 0
442.79  509.657  595.42  487.973 51.6073 0.125 241.046 0
231.835  514.463  398.325  553.368 25.8164 0.125 266.872 0
290.38  506.059  500.385  515.941 12.5626 0.125 119.518 0
498.508  475.758  555.516  474.043 1.93894 0.125 4.13673 0
474.081  520.241  599.776  500.711 18.0347 0.0625 198.128 0
497.809  470.174  522.633  458.789 3.36943 0.125 5.79973 0
219.401  487.025  107.343  445.291 19.1685 0.125 66.5968 0
70.617  263.906  0.19754  250.036 9.03848 0.125 126.853 0
519.64  569.779  421.059  550.624 6.1875 0.125 14.7489 0
373.466  494.222  486.501  499.477 3.76247 0.125 167.248 0
32.0541  230.068  88.4243  237.112 42.4195 0.0625 103.485 0
544.513  496.123  245.513  496.726 32.0221 0.125 185.108 0
135.994  410.101  398.667  493.134 6.7639 0.125 46.0419 0
272.507  544.298  557.705  517.703 18.9277 0.125 158.419 0
