261
681.401  341.883  698.285  339.166 2.41706 0.125 11.6737 0
182.818  222.493  183.019  203.495 2.19082 0.125 19.976 0
457.778  4.5072  458.007  27.5049 1.17941 0.125 6.55695 0
720.449  361.51  723.858  378.628 1.37134 0.125 7.33275 0
281.774  166.501  281.671  185.501 1.05433 0.125 2.8173 0
484.571  353.035  471.419  351.028 1.60779 0.125 3.72039 0
391.504  342.47  413.627  345.604 2.54958 0.125 28.1222 0
71.7579  44.4328  75.1854  57.582 1.55463 0.125 5.52657 0
253.696  106.496  256.87  246.514 3.20321 0.125 341.046 0
698.343  312.78  685.309  315.627 1.86377 0.125 7.33275 0
372.543  340.136  390.528  342.264 1.63367 0.125 12.7513 0
367.216  319.903  390.23  308.933 1.7211 0.125 25.3946 0
309.498  250.751  331.505  250.931 1.16376 0.125 1.42765 0
605.419  404.695  653.537  399.87 1.89293 0.125 61.0924 0
307.632  371.517  309.168  359.332 3.22656 0.125 16.0854 0
74.4064  60.5046  76.4553  102.502 2.11935 0.125 56.2429 0
311.066  97.4872  310.569  75.5211 2.70509 0.125 35.3285 0
615.447  184.212  630.306  181.454 1.71316 0.125 5.97339 0
680.041  321.071  662.179  340.2 2.2894 0.125 21.9217 0
376.031  306.899  365.799  314.883 1.40357 0.125 1.91421 0
76.4158  112.503  77.9155  158.519 2.80297 0.125 92.1315 0
269.432  249.998  288.355  247.43 1.79769 0.125 14.5575 0
11.2081  83.4828  9.43709  113.496 2.05543 0.125 39.0048 0
78.6851  181.493  79.083  191.517 1.31655 0.125 1.01112 0
496.443  290.695  514.494  289.414 1.77585 0.125 11.3022 0
309.515  47.5004  310.073  28.4875 1.29273 0.125 10.042 0
448.513  346.433  435.598  343.983 1.54164 0.125 2.8173 0
633.404  180.976  697.458  169.272 2.3366 0.125 86.366 0
713.085  345.212  720.58  360.461 1.43011 0.125 2.2932 0
787.501  314.733  775.5  314.72 1.01229 0.015625 6.42966 0
545.511  363.647  607.527  358.848 2.46873 0.125 65.7663 0
3.65838  123.445  5.21923  99.4817 2.38575 0.125 34.4255 0
7.54923  0.494873  8.70402  11.5829 1.67848 0.125 1.91421 0
311.507  286.794  325.506  286.938 1.123 0.03125 5.8276 0
181.028  151.514  181.349  139.496 1.29333 0.125 1.01112 0
77.6778  165.581  78.4728  173.602 2.78811 0.0625 0.380078 0
292.428  304.8  316.474  310.608 1.91111 0.125 27.2007 0
515.418  230.175  547.419  228.194 2.50008 0.125 44.3191 0
68.3571  559.621  43.3676  563.686 3.07413 0.125 33.7932 0
40.492  309.956  58.5028  309.691 1.22073 0.125 6.42966 0
315.5  239.5  296.5  239.5 1 0.125 0.668085 0
154.485  305.392  128.475  304.952 2.69443 0.125 27.8311 0
708.626  392.511  710.259  374.478 2.53696 0.125 6.07291 0
188.525  199.5  188.692  217.507 2.12969 0.125 14.2496 0
221.488  270.791  206.492  271.045 1.22045 0.125 6.42966 0
790.47  202.181  798.586  201.411 1.99105 0.125 0.108034 0
95.486  555.418  68.5815  559.98 2.69254 0.125 44.2346 0
731.478  208.284  756.521  205.704 1.81461 0.125 26.2976 0
63.4849  307.039  49.4679  306.648 1.91549 0.125 10.042 0
528.208  405.512  527.657  392.493 1.33738 0.125 0.563807 0
757.397  205.43  789.485  202.349 1.89525 0.125 35.7782 0
289.437  205.348  326.435  203.313 2.06192 0.125 49.1353 0
729.582  385.109  798.697  399.559 1.81472 0.125 94.7499 0
0.450706  591.035  7.4764  590.798 3.03193 0.125 2.43315 0
488.5  296.421  470.5  296.526 2.04658 0.125 4.51227 0
446.051  26.4863  445.776  35.4779 1.21321 0.0625 0.463196 0
14.6906  567.722  0.414032  569.949 2.65602 0.125 18.4304 0
117.491  277.077  105.494  276.89 2.12468 0.0625 1.45976 0
544.493  465.045  568.503  464.689 1.35599 0.125 19.976 0
100.385  576.485  101.403  568.488 2.72345 0.125 1.42765 0
10.3806  589.634  31.6654  586.699 3.34712 0.125 32.9264 0
206.926  186.505  206.76  166.498 1.1494 0.125 2.43315 0
41.4807  564.338  19.4356  566.958 3.02774 0.125 34.0473 0
93.6249  314.809  121.027  280.127 2.32467 0.125 59.6317 0
2.11887  97.4664  4.4117  71.4922 2.46079 0.125 30.4626 0
569.496  464.453  629.521  458.721 2.37119 0.125 103.894 0
52.5192  44.2303  42.4987  43.5184 1.49351 0.125 1.01112 0
223.301  240.515  222.628  231.417 1.92084 0.125 0.668085 0
268.499  221.979  279.5  221.972 1.99887 0.125 5.52657 0
84.5901  281.74  65.3047  288.98 1.75721 0.125 13.6527 0
372.489  290.272  358.524  290.971 1.79736 0.125 3.31706 0
700.36  289.499  700.279  303.504 1.07474 0.03125 4.66437 0
211.494  313.003  231.503  312.781 1.19947 0.125 12.7513 0
47.8238  208.505  47.7228  195.498 1.09314 0.0625 0.409064 0
628.222  286.495  628.413  312.501 2.17606 0.125 7.12367 0
243.647  302.036  262.647  308.034 1.95771 0.125 13.4748 0
260.5  244.5  260.5  224.5 1 0.125 3.72039 0
702.404  303.498  702.805  280.505 1.10438 0.125 4.20178 0
192.473  320.996  210.475  320.032 1.94368 0.125 11.8953 0
433.542  238.046  451.438  236.686 1.84262 0.125 13.6544 0
630.522  458.62  684.567  448.873 2.53234 0.125 87.9738 0
285.816  48.497  285.509  16.4903 3.22086 0.125 48.1989 0
565.093  217.515  564.272  194.508 1.8204 0.125 20.2155 0
481.509  11.4775  462.598  4.24267 1.56733 0.125 5.69779 0
583.722  391.628  592.046  377.237 2.36769 0.125 10.8268 0
10.269  137.513  11.2697  155.513 1.16498 0.125 4.62348 0
285.235  202.518  284.423  190.438 1.86133 0.125 4.20178 0
501.411  380.674  514.548  387.407 1.39077 0.125 2.43315 0
643.493  338.519  656.552  343.36 1.77002 0.125 0.670152 0
56.6712  176.491  57.4681  192.502 1.64499 0.125 5.69779 0
25.9701  75.5467  24.2868  56.4307 2.98844 0.125 29.8681 0
477.07  336.788  469.507  325.495 1.66935 0.0625 0.380078 0
289.984  153.519  289.51  140.463 2.39779 0.125 15.4606 0
494.006  280.672  489.121  266.632 1.84751 0.125 7.74756 0
328.663  416.991  315.42  412.751 1.63726 0.0625 0.933453 0
144.794  280.137  163.595  295.383 1.36406 0.125 10.1408 0
284.703  184.492  284.096  168.477 1.23348 0.125 1.01112 0
306.243  167.529  307.915  182.565 2.2087 0.125 7.40595 0
395.403  225.452  395.992  236.527 2.47555 0.125 12.7513 0
680.498  213.484  719.406  209.567 2.08361 0.125 48.3011 0
265.559  212.679  278.468  208.403 2.86582 0.125 7.55018 0
3.52065  64.5102  3.78146  38.5028 2.21048 0.125 20.4261 0
286.345  105.498  286.788  73.4901 2.13815 0.125 23.0175 0
558.371  394.585  582.456  391.19 2.12 0.125 18.5065 0
226.819  95.495  226.993  106.508 1.17376 0.125 1.01112 0
437.442  245.787  452.505  244.559 2.82756 0.125 23.5884 0
261.5  185.5  261.5  158.5 1 0.125 10.042 0
225.892  175.49  226.168  186.508 1.22553 0.125 3.72039 0
236.49  336.149  172.516  338.032 2.17566 0.125 98.8394 0
430.616  38.5019  430.626  32.5019 3.00834 0.125 1.91421 0
511.951  364.74  500.741  372.834 1.93789 0.125 4.89868 0
534.499  475.537  551.514  476.021 1.28379 0.125 4.62348 0
261.916  209.574  261.539  201.452 2.99677 0.125 9.13893 0
537.662  350.121  550.822  355.746 2.63243 0.125 4.02632 0
487.238  371.92  499.465  379.556 1.48528 0.125 5.52657 0
506.5  231.5  506.5  247.5 1 0.125 0.108034 0
559.45  475.292  584.449  474.262 2.50325 0.125 41.6502 0
435.389  337.194  446.392  333.203 2.13849 0.125 5.08724 0
475.477  294.841  458.42  293.689 1.92807 0.125 1.99536 0
57.3446  197.47  58.4241  227.503 2.45924 0.125 17.9224 0
291.84  181.476  292.163  172.488 1.25041 0.03125 1.61264 0
427.499  260.094  487.503  260.215 1.99394 0.125 66.044 0
569.516  435.466  558.519  435.647 2.14812 0.125 10.042 0
243.56  159.486  243.949  133.492 2.10428 0.125 13.8644 0
8.19357  312.79  47.2585  295.94 1.728 0.125 24.4379 0
519.205  336.92  514.91  323.692 2.59404 0.125 9.96236 0
532.507  440.758  572.505  439.693 2.94569 0.125 71.6268 0
601.491  337.415  628.497  334.474 2.11627 0.125 9.20401 0
6.20659  139.512  5.53254  123.499 1.91412 0.125 6.55695 0
42.2354  71.5179  43.9876  97.4671 1.98261 0.125 21.1621 0
427.571  407.192  421.293  426.099 2.85809 0.125 7.24336 0
309.512  25.5076  309.7  0.501508 2.15819 0.125 3.09869 0
94.8167  232.461  96.1865  243.539 1.61674 0.125 1.55013 0
289.486  296.593  307.521  299.36 1.60062 0.125 10.9451 0
268.5  298.5  251.5  298.5 1 0.125 1.01112 0
262.504  292.562  280.502  291.533 2.16807 0.125 17.5383 0
555.513  435.928  541.526  436.35 2.27028 0.125 10.9451 0
107.837  241.503  107.993  223.504 1.09514 0.125 3.31706 0
118.453  221.502  118.996  236.518 2.21552 0.125 4.41525 0
464.142  461.452  461.804  430.477 3.1609 0.125 37.4183 0
92.5  241.5  92.5  226.5 1 0.0625 1.63941 0
423.512  59.5  423.501  2.5 1.00342 0.125 37.1347 0
182.449  269.474  175.396  283.447 1.21903 0.125 0.563807 0
248.87  129.499  248.904  110.499 2.01234 0.125 13.4748 0
295.482  219.962  330.475  218.773 1.82912 0.125 41.6939 0
396.715  332.59  404.171  314.781 2.14486 0.125 13.3716 0
253.508  103.501  253.497  90.4992 2.01013 0.125 19.0729 0
303.5  201.5  322.5  201.5 1 0.125 2.8173 0
577.326  299.503  577.014  278.507 1.23767 0.125 10.9451 0
286.424  14.4941  287.513  0.423625 1.84606 0.125 4.02883 0
568.484  273.171  555.514  273.799 1.99766 0.125 4.20178 0
584.339  281.519  592.607  282.821 2.18522 0.125 1.01112 0
632.599  318.911  606.331  314.511 2.62352 0.125 18.4742 0
298.491  235.148  328.522  234.418 1.95085 0.125 37.1347 0
385.523  283.796  399.483  283.548 2.24795 0.125 3.28424 0
186.006  109.399  188.414  121.517 1.76058 0.125 3.31706 0
534.098  357.142  514.785  345.046 2.01174 0.125 9.01956 0
539.322  436.624  510.259  432.018 3.05989 0.125 19.898 0
438.951  268.401  441.56  280.267 2.50043 0.125 0.398689 0
256.514  333.621  236.32  335.921 2.61632 0.125 20.1937 0
251.107  219.506  250.266  165.488 1.95301 0.125 49.9848 0
218.5  333.5  184.5  333.5 1 0.125 16.3637 0
716.468  225.68  753.489  224.222 2.76162 0.125 68.2487 0
505.878  335.185  496.785  324.263 1.79773 0.125 6.86018 0
688.485  317.993  734.533  316.612 1.9092 0.125 36.6842 0
249.951  161.501  249.993  141.499 1.04181 0.125 0.811332 0
429.449  308.787  437.549  310.224 1.64394 0.125 0.108034 0
738.705  419.597  713.421  413.848 1.99547 0.125 18.5065 0
302.89  258.453  303.738  247.441 2.14758 0.125 7.33275 0
544.483  513.944  531.542  513.438 2.19394 0.125 8.63548 0
690.55  407.51  692.687  396.344 1.63085 0.125 2.8173 0
143.504  201.217  128.507  200.995 2.05907 0.125 4.84021 0
606.446  356.617  570.519  358.812 1.48609 0.125 21.0695 0
74.3772  212.501  74.1681  192.503 1.18822 0.125 3.72039 0
564.547  345.744  588.617  341.107 2.64851 0.125 12.7993 0
608.467  283.195  616.544  283.575 2.28004 0.015625 1.01823 0
293.499  211.922  311.498  211.985 1.06258 0.125 4.62348 0
44.6573  128.491  45.4273  141.504 1.52988 0.125 3.31706 0
178.5  172.5  178.5  152.5 1 0.125 3.72039 0
314.494  210.652  327.513  211.203 1.3792 0.125 1.55013 0
424.838  459.286  436.683  478.017 2.13791 0.125 8.43613 0
585.063  373.676  577.566  372.172 3.72858 0.125 1.50405 0
717.109  385.456  715.734  366.556 2.86486 0.125 17.6648 0
108.691  199.609  98.5153  197.429 2.16515 0.125 4.20178 0
138.625  65.942  133.497  65.5313 3.07026 0.0625 1.63941 0
505.353  434.204  534.144  440.206 3.10239 0.125 25.6288 0
253.699  89.2263  246.921  84.2963 3.01435 0.125 1.42771 0
281.714  70.4996  281.637  33.4997 2.02475 0.125 23.0175 0
749.485  317.214  798.506  318.224 2.34996 0.125 32.6062 0
48.5629  20.4933  46.9501  5.45174 1.88199 0.125 9.13893 0
753.518  212.734  718.497  215.465 1.85206 0.125 25.3361 0
129.509  200.915  109.497  201.043 3.04483 0.125 20.228 0
497.679  231.524  498.738  223.532 1.98266 0.125 0.108034 0
345.49  340.549  354.515  342.428 1.79405 0.125 0.108034 0
584.482  473.533  592.498  473.384 2.11137 0.125 2.8173 0
38.8299  18.5091  39.1333  7.4899 1.27492 0.125 3.72039 0
247.127  169.455  248.146  183.526 1.35032 0.125 1.55013 0
307.5  38.5  307.5  64.5 1 0.125 9.13893 0
334.843  400.891  382.392  427.692 2.5025 0.125 52.9212 0
421.115  428.534  420.236  444.485 1.49697 0.125 1.42765 0
733.503  320.157  684.496  320.346 2.12366 0.125 37.4183 0
776.494  277.368  760.482  278.125 1.28236 0.125 4.62348 0
175.455  287.548  194.507  286.656 2.71605 0.125 6.36448 0
325.5  331.5  325.5  316.5 1 0.03125 1.61264 0
172.619  177.461  156.495  179.46 2.96881 0.125 11.2596 0
622.937  296.487  622.508  282.5 1.214 0.0625 4.02142 0
235.501  81.4174  224.493  81.3271 2.07378 0.125 3.31706 0
280.867  32.5064  280.542  0.499569 2.11156 0.125 11.5723 0
283.161  108.513  281.751  71.4904 1.68405 0.125 8.79425 0
308.5  84.5  308.5  109.5 1 0.125 8.23584 0
330.224  399.493  330.735  379.48 2.9735 0.125 8.28782 0
445.239  407.126  456.35  429.069 2.65379 0.125 8.16363 0
627.448  221.596  639.523  220.898 1.93891 0.125 7.33275 0
211.058  162.513  211.654  183.496 1.14159 0.125 2.43315 0
417.012  420.402  420.647  402.328 2.15249 0.125 6.21758 0
712.615  399.537  717.405  384.47 2.77083 0.125 8.21994 0
230.096  118.456  241.222  123.158 3.29523 0.125 3.48034 0
460.52  425.885  447.861  404.885 2.75729 0.125 27.8579 0
229.108  124.509  229.37  135.527 1.97562 0.0625 2.03528 0
457.505  282.959  448.495  283.054 1.09441 0.125 1.91421 0
456.791  431.476  457.969  445.544 1.24681 0.125 2.8173 0
291.041  30.4889  291.513  53.4997 2.18417 0.125 5.90077 0
458.096  478.771  462.892  468.224 2.06959 0.125 7.33275 0
647.441  219.439  659.515  218.77 1.94155 0.125 3.1603 0
251.584  13.4951  250.827  0.480994 2.17087 0.125 5.69779 0
292.461  87.4987  291.746  109.508 1.51898 0.125 4.02632 0
351.56  347.928  337.504  347.391 2.99781 0.125 5.291 0
700.516  325.054  730.491  324.189 1.9415 0.125 23.5942 0
541.5  298.5  525.5  298.5 1 0.125 0.108034 0
663.487  218.2  684.49  217.268 2.04237 0.125 7.2156 0
206.472  288.016  228.57  289.205 2.6733 0.125 18.7764 0
233.744  22.3358  228.476  14.5165 1.71742 0.125 1.01112 0
135.545  188.541  154.553  187.713 2.9102 0.125 6.94506 0
760.5  232.5  760.5  264.5 1 0.125 14.5575 0
774.457  387.24  764.491  386.661 1.55457 0.0625 1.11411 0
606.434  473.07  616.505  471.533 1.74285 0.0625 3.0454 0
98.5019  185.391  118.513  185.738 2.22544 0.125 13.8644 0
776.499  320.588  750.502  320.302 1.0219 0.125 5.97339 0
289.677  4.49428  290.293  23.5067 2.3227 0.125 6.21758 0
798.504  321.084  782.496  320.927 1.14695 0.125 11.3022 0
520.5  479.489  546.5  479.403 1.03303 0.125 7.33275 0
90.5035  42.4812  73.1727  39.2622 3.75012 0.125 10.8227 0
283.794  136.484  282.451  111.503 1.15967 0.125 10.9451 0
636.58  185.08  623.418  186.907 2.25592 0.0625 1.62685 0
286.103  74.5424  289.059  32.5393 3.34359 0.125 63.6381 0
8.77452  24.5102  9.60756  83.4844 2.33878 0.125 73.8732 0
617.386  470.836  655.629  464.251 3.33744 0.125 36.5127 0
447.465  287.798  479.435  286.201 3.59503 0.125 30.7842 0
287.054  130.476  289.732  80.5125 3.22829 0.125 89.1193 0
43.7077  99.4924  47.1137  192.514 2.07184 0.125 23.5888 0
510.724  329.457  513.08  232.49 5.29001 0.125 22.0182 0
620.477  466.237  537.597  473.597 3.78827 0.125 97.8132 0
183.99  122.508  183.529  149.5 2.30692 0.125 24.6928 0
256.515  289.025  305.503  287.621 3.79771 0.125 10.0409 0
246.466  84.9102  213.445  82.1558 2.90748 0.125 18.3374 0
687.629  384.727  702.206  440.577 6.27111 0.125 0.2965 0
592.755  468.429  696.212  443.315 16.3689 0.125 25.1204 0
66.3201  312.734  445.537  288.068 5.59791 0.125 22.1182 0
404.03  359.258  623.752  334.764 14.5103 0.125 8.96884 0
184.483  300.341  415.413  304.916 13.1757 0.125 14.3337 0
127.576  306.905  798.479  392.668 8.3389 0.125 88.7088 0
