512
284.504  310.41  297.522  311.048 2.29124 0.125 11.8482 0
261.484  312.707  245.47  313.036 1.93804 0.125 14.5575 0
555.661  443.561  548.528  442.337 2.81661 0.125 1.55013 0
249.427  114.979  267.494  112.454 3.13094 0.125 29.2267 0
285.647  108.843  295.529  107.76 2.98216 0.125 10.9451 0
338.346  469.369  321.389  471.684 2.02559 0.125 15.4606 0
272.336  111.404  286.468  109.286 3.0667 0.125 18.703 0
116.499  314.478  141.529  312.996 1.9965 0.125 30.8131 0
413.321  87.2968  426.476  85.3377 3.11458 0.125 16.0854 0
585.601  448.914  560.487  444.574 1.66651 0.125 24.4915 0
325.405  102.859  336.458  101.217 1.68441 0.125 0.108034 0
538.607  440.874  529.53  439.326 1.46699 0.0625 0.409064 0
521.688  470.079  510.564  473.696 1.61606 0.125 0.108034 0
144.471  308.271  131.425  309.9 2.85297 0.125 15.4127 0
55.4363  439.074  0.456604  441.528 3.15749 0.125 118.89 0
590.537  459.296  572.591  456.005 2.13087 0.125 11.6736 0
343.622  611.737  357.586  613.963 1.50281 0.125 4.62348 0
316.379  330.475  288.415  333.784 3.04374 0.125 47.8021 0
285.392  288.024  260.541  293.679 1.9908 0.125 27.3647 0
427.557  560.598  416.537  559.907 1.746 0.125 1.91421 0
339.963  295.449  341.014  284.454 1.70544 0.125 2.8173 0
154.623  610.946  134.505  606.476 1.62636 0.125 13.9727 0
291.507  279.916  311.517  280.17 1.97439 0.125 12.5312 0
396.464  590.425  381.541  597.585 1.62049 0.125 6.64198 0
493.041  495.139  478.084  514.173 1.9663 0.125 21.3266 0
173.602  363.427  174.327  354.486 1.83192 0.125 1.91421 0
463.02  0.492354  462.865  30.4967 1.98964 0.125 39.844 0
56.6048  534.518  56.5181  525.49 2.99986 0.125 11.8482 0
381.068  603.991  372.386  611.366 1.6389 0.125 2.8173 0
543.828  303.506  543.573  274.491 2.17539 0.125 40.7471 0
242.53  626.34  232.699  624.461 1.54552 0.0625 0.463196 0
232.474  148.372  249.571  144.844 1.92744 0.125 14.5575 0
66.2564  566.163  89.4252  549.397 2.25978 0.125 28.6906 0
50.5205  572.077  40.5438  571.594 2.23937 0.125 3.72039 0
90.3917  545.805  101.283  544.109 2.06505 0.0625 0.380078 0
173.743  382.641  180.271  371.368 1.95817 0.125 7.74756 0
439.78  320.514  439.973  330.51 1.15466 0.015625 8.23584 0
85.5571  599.234  63.4985  594.507 1.6761 0.125 17.5383 0
493.726  467.633  513.244  450.213 1.94891 0.125 23.9554 0
525.251  453.447  522.017  468.61 1.81237 0.125 9.52392 0
210.618  377.152  221.699  380.915 1.59005 0.125 1.91421 0
162.494  325.829  209.499  325.383 2.10413 0.125 55.0252 0
437.453  437.088  452.516  438.303 2.2347 0.125 13.0822 0
288.504  415.063  274.505  415.163 1.08581 0.015625 10.042 0
353.393  112.798  305.439  120.098 2.40796 0.125 69.8891 0
272.566  137.652  283.299  133.033 2.23241 0.125 5.08724 0
0.515327  133.365  23.4478  135.961 1.7434 0.125 19.976 0
180.836  142.523  180.286  126.473 2.30718 0.125 18.0571 0
299.257  121.416  278.41  126.099 1.75334 0.125 15.7549 0
505.776  275.499  505.707  249.499 2.02109 0.125 27.7874 0
473.769  221.474  474.304  206.493 1.42726 0.125 4.89868 0
85.6169  416.732  97.4939  418.54 1.52575 0.0625 1.11411 0
360.011  217.444  357.949  235.551 3.20702 0.125 32.7494 0
506.122  247.544  504.496  233.617 1.7546 0.125 3.1603 0
402.605  451.049  410.05  436.273 1.82088 0.125 11.8482 0
524.144  403.798  541.684  394.893 2.33183 0.125 19.8225 0
351.399  560.343  359.793  554.957 1.85896 0.125 1.01112 0
260.307  141.793  273.423  138.219 2.36631 0.125 7.41745 0
550.679  328.508  551.385  312.495 1.43965 0.125 6.86018 0
373.443  502.263  389.577  503.466 2.99169 0.125 15.2372 0
439.662  510.494  437.097  438.479 2.63654 0.125 79.603 0
308.301  452.347  303.639  458.38 2.80545 0.125 1.55013 0
178.421  349.032  171.491  348.673 1.54906 0.0625 0.409064 0
330.407  522.281  342.726  517.029 2.24605 0.125 0.989353 0
550.539  350.501  550.88  334.487 1.25543 0.125 1.01112 0
72.5814  341.344  59.5054  340.423 1.78433 0.125 4.20178 0
0.377334  91.4172  37.6469  96.4015 3.44045 0.125 79.2756 0
436.08  466.509  435.905  477.506 2.11137 0.125 5.52657 0
281.541  525.184  324.506  522.595 1.972 0.125 52.7108 0
542.516  359.5  542.637  314.503 3.02144 0.125 106.673 0
164.512  444.797  144.464  445.621 2.3268 0.125 28.1038 0
260.53  438.667  217.478  437.099 2.41878 0.125 71.7792 0
259.502  187.47  269.522  188.207 1.49461 0.0625 0.736218 0
261.509  447.3  251.485  446.832 1.32492 0.125 0.108034 0
455.417  78.5434  496.309  156.6 1.47453 0.125 102.157 0
54.5399  99.1834  78.6611  102.22 3.22632 0.125 46.5392 0
454.376  135.498  454.132  153.509 1.24452 0.125 1.91421 0
24.6249  278.716  32.3554  274.25 1.82794 0.125 0.108034 0
419.715  379.934  410.504  384.507 2.24228 0.125 4.20178 0
79.481  102.653  104.345  105.744 3.23462 0.125 52.7035 0
586.443  422.471  595.388  404.445 2.24954 0.125 15.9279 0
163.832  498.488  164.165  507.512 1.25768 0.125 0.108034 0
126.484  109.655  146.577  111.77 2.82637 0.125 37.1347 0
462.804  503.557  465.654  488.341 2.08749 0.125 6.55695 0
310.481  452.27  351.458  448.974 2.02826 0.125 39.7286 0
530.558  52.5101  530.739  69.5081 2.12802 0.125 16.3637 0
541.069  382.554  542.78  364.432 3.08071 0.125 34.5251 0
114.497  215.485  126.638  213.246 2.07172 0.125 4.89868 0
352.095  232.51  351.773  219.493 2.02413 0.125 10.042 0
500.662  159.191  571.324  167.922 3.36827 0.125 163.94 0
137.67  150.343  151.518  152.379 2.0079 0.125 6.64198 0
105.512  441.706  94.4328  442.358 1.99655 0.0625 0.380078 0
203.559  503.478  228.533  504.93 1.88051 0.125 19.5769 0
291.507  548.21  282.498  548.299 1.08828 0.015625 2.8173 0
422.27  504.517  420.576  481.568 2.84464 0.125 35.3952 0
226.481  467.962  135.51  464.246 1.20181 0.125 67.0549 0
435.69  478.502  435.505  497.5 1.04855 0.125 1.91421 0
132.541  537.163  192.515  544.373 2.29482 0.125 80.5364 0
321.694  336.486  319.9  437.489 1.96959 0.125 165.374 0
366.043  524.498  365.983  541.502 2.03151 0.125 17.2667 0
495.031  271.484  496.223  236.491 1.93073 0.125 47.0687 0
510.631  72.798  497.528  70.3514 2.88372 0.125 18.4304 0
235.45  541.404  216.453  540.363 1.88758 0.125 17.2667 0
272.5  550.77  311.5  550.785 1.01374 0.125 19.976 0
413.763  21.4938  413.94  0.4869 2.00832 0.125 22.6853 0
217.578  530.436  241.45  532.182 2.86998 0.125 40.2259 0
144.49  444.199  130.493  443.992 2.04401 0.125 10.042 0
425.117  2.50146  425.072  21.5014 1.03779 0.015625 8.28546 0
555.731  434.352  574.571  438.145 1.97356 0.125 14.5324 0
215.501  437.589  191.495  437.73 2.05854 0.125 26.4704 0
311.513  627.758  292.501  627.429 1.01712 0.125 1.91421 0
571.655  167.479  571.29  182.519 2.2906 0.125 16.9572 0
203.432  539.395  184.466  537.951 2.14601 0.125 20.8791 0
123.655  497.477  133.579  498.977 1.67867 0.125 0.108034 0
380.54  182.428  367.657  175.22 1.0496 0.0625 2.8173 0
405.616  174.759  398.159  149.307 3.04389 0.125 41.5792 0
100.531  503.219  139.612  507.465 2.11849 0.125 52.2112 0
470.5  167.5  470.5  136.5 1 0.125 13.6544 0
105.547  106.207  120.638  108.647 3.44043 0.125 24.8328 0
269.513  324.663  252.539  325.992 2.07196 0.125 17.2667 0
388.273  0.497076  388.105  13.5078 1.15424 0.03125 5.8276 0
390.886  15.5043  390.781  0.498035 1.09803 0.0625 2.8173 0
468.181  136.498  468.27  172.501 1.06692 0.125 18.1698 0
542.387  6.24521  554.412  8.07662 2.06247 0.125 5.97339 0
21.5  302.538  40.5008  302.553 2.01325 0.125 17.5383 0
292.507  324.307  270.536  323.511 1.65163 0.125 5.41095 0
529.522  431.316  553.541  434.148 2.04684 0.125 12.8921 0
430.071  401.553  428.341  387.52 2.61029 0.125 10.8174 0
226.493  518.604  203.461  517.085 1.07457 0.125 7.33275 0
307.448  195.811  339.491  193.376 2.13351 0.125 32.1132 0
416.565  25.2569  400.386  20.9245 1.86323 0.125 6.5569 0
428.26  386.666  424.946  381.884 2.03078 0.0625 0.409064 0
206.541  520.573  196.479  520.956 1.92238 0.125 0.563807 0
85.8156  294.536  87.1891  282.579 1.87282 0.125 6.42966 0
96.5252  264.527  106.893  254.924 1.9845 0.125 3.13013 0
167.524  518.008  142.487  516.764 1.94792 0.125 17.6301 0
163.52  550.337  171.52  551.343 2.72724 0.125 3.31706 0
3.50943  122.42  36.5205  126.326 1.80417 0.125 38.1086 0
408.411  406.051  402.644  415.587 1.3907 0.125 0.108034 0
56.3826  502.979  78.5223  508.409 1.97911 0.125 11.9302 0
596.119  337.486  597.766  291.51 2.99808 0.125 76.1776 0
105.56  488.687  140.518  491.256 1.87688 0.125 31.3244 0
229.576  449.651  197.386  446.784 3.87521 0.125 56.4489 0
354.616  298.5  354.583  235.5 2.03057 0.125 97.3982 0
282.584  169.118  263.396  171.737 2.11683 0.125 7.2156 0
355.782  319.542  354.672  300.49 3.28558 0.125 34.5129 0
574.544  153.048  598.607  155.417 3.19715 0.125 36.347 0
392.695  132.437  387.508  116.498 2.54326 0.125 13.3716 0
318.403  357.496  319.172  337.526 1.26863 0.125 9.13893 0
427.922  22.5063  427.716  3.49766 1.18391 0.125 4.62348 0
203.536  512.469  225.544  513.239 1.96377 0.125 18.9395 0
537.5  633.502  557.465  631.199 2.3306 0.125 19.5769 0
53.4047  177.739  35.4341  176.358 2.91453 0.125 33.5224 0
108.515  521.727  121.524  520.872 2.32358 0.125 8.38953 0
455.692  85.5646  455.044  97.5295 2.42988 0.125 13.6544 0
499.5  247.5  499.5  272.5 1 0.125 8.23584 0
554.27  348.508  554.542  323.511 3.02158 0.125 50.6636 0
59.2979  526.122  73.4307  530.713 1.64158 0.125 6.42966 0
138.5  349.5  88.5  349.5 1 0.125 30.8131 0
223.5  346.5  205.5  346.5 1 0.125 1.91421 0
238.484  547.192  248.459  546.688 1.3516 0.125 0.108034 0
276.438  534.44  326.502  531.529 3.04148 0.125 101.32 0
423.713  525.337  430.486  526.576 2.68682 0.0625 1.8894 0
406.049  305.769  416.42  299.371 1.57514 0.125 1.91421 0
133.472  352.726  165.465  351.555 1.85237 0.125 36.3166 0
405.486  220.745  414.571  221.268 1.8819 0.125 1.91421 0
227.491  558.591  261.655  561.893 2.40871 0.125 48.0197 0
392.667  216.22  372.921  204.473 2.23011 0.125 22.8982 0
133.464  463.909  116.507  462.417 1 0.125 0.108034 0
27.498  384.323  17.498  384.298 2.01725 0.125 1.91421 0
458.299  187.499  458.201  212.503 1.07038 0.125 8.23584 0
486.249  66.5466  487.309  49.4881 3.24225 0.125 33.6296 0
252.438  447.652  230.409  449.25 3.20918 0.125 38.4021 0
403.165  388.705  392.54  394.572 2.80895 0.125 8.25658 0
503.458  25.4473  513.498  17.4977 2.64629 0.125 4.94605 0
417.286  277.457  417.669  284.545 3.21186 0.125 6.42966 0
598.631  166.227  573.485  163.647 2.98433 0.125 38.1288 0
81.4994  352.77  119.501  352.848 1.07452 0.125 19.976 0
76.7692  259.355  78.5667  250.314 1.96735 0.125 1.01112 0
170.5  348.5  140.5  348.5 1 0.125 12.7513 0
374.22  372.499  374.294  357.499 2.04449 0.125 4.8643 0
533.272  18.464  532.246  53.4926 2.35495 0.125 48.0197 0
140.498  327.942  159.498  327.882 1.05946 0.125 1.91421 0
198.5  347.5  179.5  347.5 1 0.125 2.8173 0
175.464  351.503  212.489  350.183 1.96485 0.125 35.5469 0
399.524  21.3812  365.478  14.6122 1.95582 0.125 37.7478 0
503.602  169.461  507.43  179.527 2.22484 0.125 3.1603 0
47.495  346.937  20.5101  346.625 2.21947 0.125 33.5224 0
82.4491  451.157  123.513  454.338 2.06434 0.125 60.539 0
417.729  247.507  417.615  266.501 2.07176 0.125 19.0729 0
431.604  522.575  430.678  511.569 2.82174 0.125 5.7097 0
242.5  345.5  226.5  345.5 1 0.125 0.108034 0
221.47  349.972  277.572  346.745 2.67226 0.125 53.6611 0
452.657  31.6793  430.51  27.4452 1.44436 0.125 11.3022 0
42.443  243.423  51.5991  236.634 1.8413 0.125 1.42765 0
396.159  211.66  391.232  201.157 2.71598 0.125 5.7097 0
390.735  652.688  404.588  649.941 2.34219 0.125 9.1425 0
419.235  429.955  427.279  426.045 2.31132 0.125 3.72039 0
580.846  340.495  580.733  355.502 1.09078 0.03125 3.77414 0
598.577  269.386  576.475  267.858 2.92388 0.125 33.1778 0
417.638  218.421  411.813  208.319 2.59891 0.125 6.5569 0
501.5  202.5  501.5  184.5 1 0.125 1.91421 0
97.5344  495.157  121.494  497.558 1.79058 0.125 22.6853 0
484.884  174.502  484.632  214.501 1.17595 0.125 21.7822 0
85.3902  411.604  83.4093  390.415 3.01523 0.125 36.2778 0
380.376  267.495  380.914  253.478 2.11365 0.125 5.7097 0
453.146  175.512  451.735  252.486 2.05464 0.125 98.9111 0
509.5  250.5  509.5  275.5 1 0.125 8.23584 0
69.5624  298.491  71.3863  310.517 1.97739 0.125 5.97339 0
241.551  326.376  217.516  327.773 2.00852 0.125 7.88154 0
397.687  101.627  435.476  95.3526 2.81381 0.125 50.8224 0
487.365  33.5232  488.253  0.466509 3.75058 0.125 61.04 0
494.541  186.498  494.476  214.5 1 0.125 10.9451 0
535.458  228.365  546.48  228.905 1.89973 0.125 2.8173 0
594.197  28.9082  535.547  16.2824 3.32668 0.125 128.788 0
182.503  442.07  262.506  442.611 3.01346 0.125 161.465 0
56.4659  344.794  74.57  346.898 3.02571 0.125 21.0322 0
382.621  27.8876  329.527  17.3634 3.13718 0.125 95.6529 0
249.434  330.434  267.489  329.317 2.62391 0.125 26.4704 0
293.616  420.238  275.436  423.089 1.91743 0.125 12.7737 0
328.512  17.4366  237.547  0.251957 3.26466 0.125 191.951 0
285.341  339.171  317.36  335.331 3.57584 0.125 48.1289 0
406.71  32.4202  394.586  30.0606 3.16223 0.125 8.38105 0
407.468  649.899  420.484  649.205 2.42286 0.125 8.25658 0
90.4914  306.318  108.499  305.472 2.9967 0.125 19.3495 0
205.503  231.549  220.513  230.744 2.37199 0.125 6.61688 0
24.4127  174.557  0.411349  172.572 2.57785 0.125 33.631 0
194.512  491.3  208.521  492.15 1 0.0625 0.463196 0
438.849  23.4875  439.292  0.495992 1.9611 0.125 22.474 0
566.515  228.337  539.462  225.924 2.43638 0.125 29.6015 0
569.445  311.89  579.391  313.282 2.69383 0.125 6.86018 0
124.625  185.438  106.407  183.285 2.16676 0.125 20.2155 0
150.115  556.368  140.743  552.205 3.24974 0.125 4.24863 0
211.527  523.007  254.506  525.387 1.83107 0.125 19.721 0
94.4726  438.107  157.524  440.959 2.76632 0.125 106.909 0
410.291  380.251  413.104  366.625 3.10886 0.125 5.83682 0
577.85  272.971  569.766  282.902 1.74966 0.125 3.31706 0
66.4008  226.377  77.4719  217.465 1.7292 0.125 4.02883 0
245.5  420.5  260.5  420.5 1 0.0625 4.02142 0
382.74  578.34  388.288  586.642 2.49819 0.125 3.1603 0
451.268  454.567  449.878  470.446 1.81794 0.125 4.02089 0
369.224  462.774  383.781  457.24 2.03884 0.125 4.11395 0
528.728  220.396  522.982  207.735 2.15049 0.125 6.64198 0
556.492  323.627  576.476  324.884 1.80772 0.125 11.7388 0
132.683  534.172  124.448  534.735 3.05888 0.125 1.50405 0
129.515  487.272  172.464  490.06 1.21838 0.125 26.901 0
310.5  190.5  327.5  190.5 1 0.125 1.01112 0
584.463  329.025  593.417  329.664 2.49331 0.125 5.52657 0
460.914  144.502  461.036  121.498 1.12181 0.125 23.5884 0
482.93  173.514  483.512  155.5 1.45164 0.125 4.84021 0
489.5  209.5  489.5  175.5 1 0.125 16.3637 0
71.4859  453.561  59.4375  450.77 1.42557 0.125 1.91421 0
109.632  532.369  102.641  525.359 2.13013 0.125 4.62348 0
127.501  340.235  115.497  340.18 1.05489 0.015625 1.01019 0
213.5  492.5  229.5  492.5 1 0.125 0.108034 0
365.52  119.944  379.492  119.315 1.908 0.125 3.1603 0
45.2909  295.442  44.712  287.485 1.43269 0.0625 1.61318 0
182.499  338.546  160.506  338.164 1.17333 0.125 5.52657 0
213.462  202.758  225.482  202.146 2.30246 0.125 4.02089 0
322.87  547.751  328.165  539.951 1.98079 0.0625 1.11411 0
439.743  513.457  442.252  527.544 2.14436 0.125 7.41745 0
0.367915  285.436  13.5292  287.293 2.83093 0.125 17.5383 0
547.488  231.463  537.266  234.777 2.54547 0.125 2.34059 0
574.512  267.352  565.514  267.478 2.08381 0.125 1.91421 0
529.026  17.2072  488.431  47.4079 3.1705 0.125 68.698 0
134.396  253.936  103.478  246.592 2.50509 0.125 35.5166 0
323.356  334.851  342.523  330.604 2.82358 0.125 28.347 0
363.247  395.019  372.358  390.23 3.21166 0.125 1.42275 0
11.5167  398.77  0.476701  398.517 2.18273 0.125 9.13893 0
295.569  168.151  283.492  169.428 2.09408 0.125 6.86018 0
312.506  167.07  304.493  166.954 2.07239 0.0625 1.63941 0
403.943  205.516  404.365  220.476 2.14018 0.125 9.52392 0
463.5  121.5  463.5  144.5 1 0.125 6.42966 0
539.455  237.289  554.463  238.148 2.11101 0.125 11.3022 0
567.463  239.55  592.502  240.433 1.96349 0.125 16.068 0
593.306  241.886  550.471  255.409 2.55833 0.125 54.2283 0
56.5905  181.577  128.488  188.625 1.97092 0.125 78.7301 0
77.6503  134.412  57.4825  131.626 2.01409 0.125 20.2155 0
440.21  95.4972  438.078  317.506 2.95089 0.125 432.351 0
250.41  412.292  261.487  407.47 1.67215 0.125 2.43315 0
491.519  178.5  491.456  213.5 1.00719 0.125 17.2667 0
504.295  414.474  503.127  423.58 2.61972 0.125 7.33275 0
546.786  253.351  539.535  239.482 2.2357 0.125 7.45533 0
35.2704  179.615  39.0742  220.447 3.00595 0.125 47.3512 0
191.619  210.207  172.488  213.427 2.00131 0.125 7.6803 0
275.495  478.892  306.492  478.616 2.14257 0.125 41.6502 0
123.435  140.032  102.503  137.473 1.6212 0.125 13.0822 0
342.642  515.604  348.899  507.06 1.93119 0.125 0.563807 0
212.401  298.1  195.216  302.35 3.1418 0.125 21.8853 0
231.5  493.5  250.5  493.5 1 0.125 2.8173 0
453.47  438.497  451.737  454.526 1.77343 0.125 10.4128 0
177.5  146.5  162.453  144.956 1.47906 0.125 6.42966 0
187.531  206.036  212.563  204.585 2.24286 0.125 26.3785 0
327.519  554.64  317.573  556.025 2.2567 0.125 5.52657 0
417.068  231.46  418.065  245.46 2.42084 0.125 8.25658 0
437.882  407.482  437.456  422.47 2.19808 0.125 17.2667 0
458.5  156.5  458.5  176.5 1 0.125 3.72039 0
344.593  202.49  344.762  221.498 1.97326 0.125 2.70155 0
0.463516  175.821  33.6035  179.59 2.0766 0.125 46.1777 0
338.584  158.979  353.519  161.382 1.8158 0.125 0.811332 0
412.975  102.494  412.583  206.497 2.99245 0.125 171.395 0
422.124  523.542  420.89  512.457 1.31954 0.125 1.01112 0
74.6854  285.502  74.5836  295.511 1.98972 0.125 1.55013 0
409.559  110.863  401.448  112.179 2.77477 0.125 2.43315 0
28.5612  226.963  0.469792  223.765 3.00491 0.125 47.6367 0
218.534  338.983  238.506  337.587 2.15645 0.125 1.57241 0
297.488  557.557  284.438  554.79 2.93474 0.125 9.21386 0
313.506  462.748  303.488  462.983 1.2107 0.0625 0.463196 0
435.787  212.501  436.012  151.502 2.03313 0.125 95.8356 0
488.5  169.5  488.5  203.5 1 0.125 16.3637 0
541.074  250.799  533.256  239.671 2.29946 0.125 4.11395 0
115.474  493.861  97.4948  492.572 1 0.125 1.91421 0
77.9819  295.533  76.7555  276.484 2.44557 0.125 0.363372 0
97.9307  279.893  105.797  291.295 2.78197 0.125 4.81925 0
131.485  420.67  140.59  421.458 1.73384 0.0625 1.11411 0
245.409  422.758  261.512  428.466 2.61311 0.125 14.2225 0
376.994  550.426  379.718  568.617 2.0735 0.125 18.4304 0
408.849  175.502  408.982  151.503 1.11617 0.125 13.6544 0
598.636  218.986  570.592  226.828 2.16305 0.125 19.8818 0
344.3  303.586  345.807  289.533 2.20193 0.125 12.192 0
386.254  542.464  383.207  563.602 3.12101 0.125 33.0499 0
39.5402  222.191  54.5462  224.145 2.97488 0.125 6.07291 0
55.7394  216.491  54.3892  182.465 2.56148 0.125 25.6288 0
409.431  148.498  410.266  112.495 1.46378 0.125 36.2316 0
342.762  330.075  351.52  328.619 2.62853 0.125 0.563807 0
592.638  505.133  572.474  497.569 2.45658 0.125 18.5065 0
11.8532  386.471  12.7766  397.56 1.9931 0.125 0.57978 0
82.2195  286.456  85.0308  268.584 2.03121 0.125 6.72138 0
322.642  538.424  280.559  544.882 2.66193 0.125 40.7705 0
47.4206  244.573  65.157  263.816 2.3655 0.125 14.323 0
134.699  306.48  135.941  256.486 2.89974 0.125 72.9951 0
451.511  256.5  451.326  303.499 1.12202 0.125 28.1038 0
57.4032  228.766  28.4197  226.551 2.9975 0.125 51.5275 0
134.5  452.5  154.5  452.5 1 0.125 3.72039 0
367.884  480.554  365.349  498.479 2.40028 0.125 5.291 0
380.859  325.231  384.292  342.541 2.7651 0.125 20.2102 0
393.207  558.61  388.303  545.574 1.52855 0.125 0.563807 0
500.5  188.5  500.5  210.5 1 0.125 5.52657 0
457.5  7.5  457.5  24.5 1 0.125 1.01112 0
0.455166  147.87  44.5349  153.212 2.52631 0.125 35.3945 0
166.5  330.454  137.494  330.642 1.08414 0.125 11.8482 0
83.5823  421.174  72.2917  418.326 2.19247 0.125 4.89868 0
200.305  268.494  200.417  284.501 2.05608 0.03125 4.28123 0
352.461  459.276  337.396  461.905 1.42371 0.125 0.563807 0
377.063  325.46  378.351  343.439 2.63516 0.125 23.3587 0
574.432  449.894  536.521  443.38 1.29375 0.125 25.1291 0
564.491  263.667  574.516  264.184 2.25504 0.125 1.55013 0
477.707  431.503  477.513  447.5 1.08497 0.125 0.108034 0
318.665  142.718  328.408  135.378 2.99788 0.125 12.6064 0
393.19  472.469  394.674  457.419 2.0885 0.125 1.99536 0
523.592  203.055  548.566  198.896 2.30272 0.125 12.2783 0
370.952  445.557  372.203  457.531 2.19698 0.125 5.97339 0
561.478  12.6167  541.447  8.77436 0.967026 0.125 0.668085 0
64.4828  145.649  117.47  151.76 1.2239 0.125 24.4975 0
120.546  542.191  137.464  544.74 1.34042 0.125 1.42765 0
435.071  293.505  434.336  233.502 1.24467 0.125 54.2934 0
536.439  445.849  558.46  449.725 1.67818 0.125 15.7549 0
572.595  205.794  545.507  214.523 1.87196 0.125 12.6255 0
422.488  111.5  420.948  245.494 2.44804 0.125 117.696 0
563.442  240.273  547.471  244.387 1.24711 0.03125 4.5942 0
156.5  453.5  179.5  453.5 1 0.125 6.42966 0
181.5  454.5  209.5  454.5 1 0.125 10.9451 0
350.712  476.495  351.222  497.531 1.97515 0.125 15.9723 0
421.526  283.499  419.432  232.503 1.36834 0.125 26.3293 0
572.451  192.928  533.502  188.484 1.787 0.125 16.1264 0
545.5  364.5  545.5  385.5 1 0.125 4.62348 0
14.5295  271.246  0.48656  269.616 2.10197 0.125 5.69779 0
123.532  143.16  139.485  144.664 1.20963 0.125 2.8173 0
40.5199  398.682  30.5257  398.439 2.19344 0.125 3.13013 0
126.482  473.932  254.551  479.283 2.79408 0.125 225.35 0
211.5  455.5  284.5  455.5 1 0.125 51.5842 0
351.5  285.5  351.5  242.5 1 0.125 24.4915 0
423.218  319.373  419.348  297.527 2.08176 0.125 7.64561 0
573.346  263.602  598.577  265.45 3.96405 0.125 45.8897 0
89.8342  224.496  90.0135  239.506 1.1552 0.125 4.20178 0
40.4576  129.851  0.43661  125.026 2.42935 0.125 25.6469 0
329.505  197.915  316.495  198.057 1.13134 0.125 8.23584 0
447.326  306.499  447.004  361.497 1.29288 0.125 51.8113 0
344.659  288.51  345.318  278.488 3.38708 0.125 6.72138 0
383.947  225.505  384.474  283.509 2.4176 0.125 84.3207 0
389.827  583.307  383.476  572.514 2.28042 0.125 0.989353 0
566.498  508.452  578.517  507.837 2.25294 0.0625 2.00187 0
400.379  268.502  400.99  298.51 2.20322 0.125 14.5968 0
39.2939  98.4893  38.0977  121.531 1.78992 0.125 10.9811 0
50.5467  148.139  80.4353  152 1.30949 0.125 9.98151 0
80.5074  535.458  61.224  532.072 3.06028 0.125 14.6425 0
130.582  540.522  120.485  539.678 1.82636 0.125 2.8173 0
315.551  197.812  305.493  199.457 1.65103 0.125 1.01112 0
358.158  385.51  357.191  351.509 1.77192 0.125 25.2807 0
379.981  388.503  380.044  377.497 1.0622 0.125 3.72039 0
462.716  453.434  457.527  436.492 1.69695 0.125 5.69779 0
63.9906  267.071  49.5005  250.5 2.53843 0.125 7.69495 0
257.449  158.385  244.336  164.126 2.63423 0.125 1.43273 0
164.492  217.336  177.51  216.698 2.34028 0.125 2.34059 0
217.463  535.811  193.564  532.96 1.74903 0.125 6.41405 0
476.718  473.509  477.237  460.49 1.39719 0.125 6.42966 0
533.472  419.646  550.426  422.886 1.42075 0.125 0.57978 0
92.0779  204.632  103.333  199.157 2.30878 0.125 0.182574 0
304.158  152.161  294.635  161.635 2.14838 0.125 4.84021 0
317.16  140.148  304.434  152.432 2.95316 0.125 10.7136 0
47.3466  693.051  58.4208  689.268 1.91603 0.125 1.42765 0
102.5  450.5  118.5  450.5 1 0.125 0.108034 0
343.656  237.507  342.857  254.47 1.32819 0.125 6.42966 0
345.18  277.486  346.04  258.525 2.2245 0.125 7.2156 0
588.259  355.52  589.015  364.456 2.0772 0.125 1.91421 0
4.50431  243.464  22.3726  245.577 2.44534 0.125 11.811 0
110.469  148.759  64.5399  143.172 1.11343 0.125 22.0298 0
274.483  554.702  239.479  551.752 3.14596 0.125 49.3984 0
357.268  428.502  357.072  402.496 1.14326 0.125 1.50405 0
545.601  234.923  561.645  231.108 2.40839 0.125 4.2626 0
567.486  452.668  551.509  451.382 1.39791 0.125 2.8173 0
278.557  204.852  293.491  202.443 1.81521 0.125 1.50405 0
91.4962  388.943  128.502  389.263 1.24192 0.125 37.1347 0
134.505  388.86  210.5  389.475 1.38846 0.125 89.5139 0
338.517  536.955  349.506  537.306 2.09486 0.125 4.62348 0
412.674  394.028  426.492  389.475 2.2125 0.0625 0.804301 0
424.249  377.5  424.226  364.499 1.02259 0.0625 1.61318 0
477.5  391.5  477.5  412.5 1 0.125 4.62348 0
575.614  610.01  563.546  612.705 2.82363 0.125 0.888717 0
396.71  343.509  397.257  330.448 2.49515 0.125 6.64198 0
57.3976  385.5  57.448  352.5 1.0229 0.125 15.4606 0
201.497  422.977  215.503  423.065 1.07509 0.125 1.42765 0
328.515  543.029  339.534  542.721 2.0272 0.125 5.52657 0
447.91  236.498  448.071  266.502 1.14451 0.125 37.1347 0
149.453  189.891  165.512  188.652 2.37886 0.125 1.43273 0
383.81  34.6441  377.781  47.6304 1.74926 0.125 0.670152 0
171.573  213.039  158.541  214.802 1.17773 0.03125 2.32684 0
201.503  397.259  228.499  397.596 1.04984 0.125 6.86018 0
362.5  520.5  362.5  502.5 1 0.125 1.91421 0
479.5  410.5  479.5  389.5 1 0.125 4.62348 0
311.88  153.794  318.855  144.775 1.4028 0.125 0.108034 0
247.51  388.809  259.497  388.415 0.630759 0.0625 0.409064 0
308.477  263.276  277.598  266.45 2.57523 0.125 17.707 0
317.501  577.492  329.504  578.449 1.47399 0.125 1.91421 0
0.505042  375.365  14.5228  375.889 1.07395 0.0625 0.463196 0
205.499  428.011  214.501  427.992 1.0183 0.125 1.01112 0
360.297  355.491  361.039  338.48 1.12977 0.125 1.55013 0
427.5  135.5  427.5  109.5 1 0.125 9.13893 0
448.949  183.505  449.152  206.503 1.18443 0.125 20.8791 0
466.5  415.5  466.5  400.5 1 0.0625 1.63941 0
184.503  397.579  198.521  396.994 1.24931 0.125 1.01112 0
204.154  283.508  203.81  269.468 1.97497 0.125 5.69779 0
448.233  154.499  448.371  128.499 1.08484 0.125 9.13893 0
475.5  408.5  475.5  392.5 1 0.125 0.108034 0
5.42534  229.215  25.5195  231.314 1.51403 0.125 7.41745 0
164.523  186.714  178.577  185.224 2.09431 0.03125 4.06792 0
185.489  532.663  170.489  531.663 1.39712 0.125 0.668085 0
70.5309  156.029  86.5277  157.078 1.79935 0.125 4.02089 0
89.5521  157.974  120.448  161.03 1.71619 0.125 14.0365 0
271.514  172.706  284.522  171.832 1.19887 0.125 0.108034 0
460.5  391.5  460.5  407.5 1 0.125 0.108034 0
447.244  207.516  446.213  190.517 1 0.125 1.01112 0
329.376  212.488  328.275  223.478 1.29392 0.0625 0.463196 0
395.466  120.5  395.263  134.497 1.08708 0.0625 2.8173 0
471.5  413.5  471.5  384.5 1 0.125 9.52392 0
303.5  169.5  318.5  169.5 1 0.0625 1.63941 0
469.5  390.5  469.5  408.5 1 0.125 1.91421 0
424.229  363.496  427.115  143.508 2.7911 0.125 209.906 0
123.401  522.598  217.449  531.067 3.70541 0.125 179.065 0
138.487  456.07  290.476  459.536 3.6182 0.0625 412.999 0
162.533  545.128  402.221  566.354 18.4849 0.125 131.53 0
153.54  113.201  195.33  118.777 3.56635 0.125 88.5121 0
485.951  245.504  486.666  155.501 1.19074 0.125 69.935 0
303.442  442.93  354.527  437.762 2.861 0.125 62.7813 0
455.734  135.54  443.002  528.03 63.7239 0.03125 396.657 0
457.353  434.168  597.745  371.801 6.09139 0.125 30.4025 0
85.5144  428.861  240.507  422.676 12.9897 0.125 40.0701 0
131.365  541.479  324.272  568.147 7.04803 0.125 165.81 0
474.236  32.4206  427.829  422.42 16.4787 0.125 53.1033 0
182.419  126.012  379.486  93.4165 3.55268 0.03125 175.596 0
493.687  68.2247  192.631  146.006 2.4376 0.125 12.0861 0
441.435  95.5656  431.612  385.334 60.3382 0.0625 435.509 0
195.549  209.865  388.334  183.857 17.083 0.125 46.4337 0
202.498  495.619  250.518  496.543 2.59543 0.125 32.7681 0
198.164  620.685  245.096  705.723 1.80023 0.125 61.0153 0
339.404  8.00421  360.588  12.0362 2.8996 0.125 25.5371 0
93.4377  535.217  235.495  547.552 2.5865 0.125 69.4371 0
444.624  405.495  445.551  235.5 2.06541 0.0625 60.0978 0
100.5  392.571  262.5  392.382 3.08433 0.125 132.977 0
302.384  467.979  90.4867  460.898 9.32898 0.125 66.7114 0
233.481  475.066  400.773  467.731 15.9408 0.0625 89.0558 0
53.9073  353.488  53.2585  384.474 3.1668 0.125 12.2941 0
105.503  397.283  318.532  399.779 74.9949 0.0625 219.576 0
460.493  212.5  460.532  163.5 1.00395 0.125 19.5962 0
43.9404  567.104  113.919  539.05 6.69374 0.125 22.078 0
258.54  123.758  380.375  104.703 3.13258 0.125 146.032 0
17.0849  300.487  18.552  368.52 2.3445 0.125 65.7144 0
19.0845  311.493  173.494  318.627 20.9315 0.125 51.3478 0
124.518  455.084  302.687  449.691 13.691 0.125 82.9163 0
104.508  333.108  77.4991  332.544 2.10399 0.125 30.6931 0
104.765  518.071  415.148  477.033 139.891 0.125 116.822 0
48.5205  133.337  174.423  149.112 1.85778 0.125 62.4323 0
458.886  97.8371  541.19  247.67 1.754 0.125 177.987 0
87.7435  490.383  271.283  506.597 62.4876 0.125 229.001 0
141.476  342.045  269.484  335.203 3.5673 0.0625 52.712 0
196.509  446.074  166.485  446.552 2.27059 0.125 50.0225 0
100.539  486.102  388.782  479.083 32.8198 0.125 113.207 0
461.88  91.874  559.042  306.079 15.1924 0.125 34.239 0
446.175  33.5547  433.756  406.543 77.4898 0.0625 249.625 0
62.3465  326.226  298.25  315.165 20.1826 0.125 429.765 0
87.5171  386.741  268.749  373.9 138.4 0.125 336.876 0
275.575  418.071  94.6542  421.861 50.3397 0.125 68.9767 0
191.516  554.391  408.871  585.849 10.626 0.125 14.3395 0
433.222  422.497  436.81  107.492 2.2186 0.125 464.683 0
454.231  99.5094  450.367  401.511 2.40927 0.125 294.613 0
141.388  212.676  398.983  177.693 10.851 0.125 108.954 0
208.572  121.929  452.433  81.1026 3.52503 0.125 552.714 0
144.446  548.177  350.247  564.66 8.41476 0.125 214.474 0
582.781  314.767  571.349  369.677 3.87584 0.125 40.8759 0
343.05  634.686  164.288  615.473 7.72247 0.125 191.941 0
348.772  211.498  349.739  320.507 2.63882 0.125 195.724 0
235.463  674.228  593.443  625.086 4.9318 0.125 203.12 0
