437
679.444  32.2666  660.342  36.8399 1.7122 0.125 13.6544 0
553.591  257.36  574.463  255.148 2.15356 0.125 12.5627 0
174.657  317.68  142.494  311.534 1.73306 0.125 36.2316 0
328.665  482.501  328.625  454.5 3.02152 0.125 52.7108 0
322.451  454.501  322.761  479.509 2.99977 0.125 49.1353 0
277.236  477.618  276.288  467.427 2.61656 0.125 4.84021 0
256.428  443.504  257.888  467.537 3.35846 0.125 40.631 0
390.587  465.501  390.616  491.5 2.02846 0.125 30.8131 0
178.51  343.454  169.482  341.586 2.36377 0.125 2.43315 0
370.197  462.451  369.226  488.527 3.70524 0.125 47.3745 0
307.843  479.551  309.491  468.352 2.70667 0.125 6.5569 0
529.345  509.514  528.523  500.498 2.35499 0.125 3.72039 0
262.566  462.522  262.774  452.485 3.12378 0.125 14.5575 0
302.263  445.507  303.299  481.535 3.37235 0.125 87.8178 0
85.493  190.557  129.569  195.93 2.46934 0.125 69.6905 0
621.22  27.447  596.378  34.0421 1.81334 0.125 26.2976 0
273.742  449.53  274.981  439.436 2.59445 0.125 9.13893 0
396.016  488.554  396.862  480.434 1.67861 0.03125 7.33275 0
377.496  182.521  412.585  189.041 2.12256 0.125 41.7112 0
269.071  439.529  271.552  475.565 3.44125 0.125 78.8063 0
617.242  328.117  631.492  325.456 2.0312 0.125 10.9451 0
238.032  450.436  236.918  458.557 2.2533 0.125 2.8173 0
236.707  439.584  237.759  449.578 1.67484 0.125 1.01112 0
145.494  88.5607  122.515  86.3414 2.21706 0.125 23.7673 0
191.479  440.503  193.896  456.591 3.31503 0.125 27.4678 0
549.575  73.6605  524.433  85.3551 1.70774 0.125 27.2007 0
25.5237  300.618  15.5245  302.622 1.56802 0.125 0.108034 0
116.329  331.713  100.642  329.498 3.11035 0.125 23.3587 0
319.719  446.395  304.522  443.389 1.77888 0.125 9.13893 0
287.031  453.189  294.244  442.33 1.40482 0.0625 1.11411 0
184.21  447.542  181.312  427.527 1.57649 0.125 14.5575 0
94.5828  328.057  88.2435  326.872 2.94892 0.125 1.91421 0
698.806  40.833  680.528  32.438 1.25215 0.125 7.33275 0
376.071  488.485  376.316  464.498 2.2244 0.125 23.3587 0
14.5538  274.63  17.7677  248.533 2.38101 0.125 23.7415 0
759.215  100.571  766.496  129.751 1.94639 0.125 33.1122 0
263.201  451.56  260.552  438.29 2.16031 0.125 4.02089 0
287.607  441.568  277.911  456.762 1.61388 0.125 11.8482 0
705.865  41.611  698.507  65.8062 2.16506 0.125 17.0045 0
168.64  341.714  116.51  332.443 1.59886 0.125 60.6151 0
670.776  25.8087  655.428  19.6807 1.12268 0.125 0.668085 0
588.202  119.967  611.262  107.075 1.67005 0.125 22.0015 0
308.973  464.515  308.567  450.498 1.34706 0.125 3.72039 0
152.532  203.257  140.477  201.671 2.11335 0.125 9.13893 0
720.328  132.275  732.372  130.586 2.13739 0.125 3.1603 0
654.339  18.9775  640.428  23.2678 1.68783 0.125 7.33275 0
357.499  464.499  337.671  484.668 1.41416 0.125 17.1751 0
283.838  459.728  290.32  478.562 1.24038 0.125 7.33275 0
347.154  483.155  361.145  469.145 1 0.125 9.13893 0
633.586  33.3048  622.525  28.4424 1.20733 0.03125 4.66437 0
18.4952  245.499  20.0402  234.436 1.56589 0.125 1.91421 0
309.38  498.151  321.699  500.42 1.8892 0.125 5.08724 0
98.5675  337.125  60.5386  330.286 1.61442 0.125 40.7471 0
750.87  97.3827  756.605  115.467 1.99914 0.125 12.6064 0
605.824  65.7345  590.588  59.2921 1.24226 0.125 2.8173 0
342.495  375.905  332.487  375.988 1.98331 0.125 3.72039 0
248.507  147.401  203.443  144.334 2.56477 0.125 59.2323 0
532.502  0.624405  437.48  2.49525 2.5073 0.125 118.271 0
39.5897  303.016  26.4841  300.586 1.45882 0.125 3.72039 0
219.153  457.595  216.331  447.273 2.10281 0.125 4.20178 0
649.387  39.1323  625.209  46.5534 2.12969 0.125 30.9437 0
224.483  130.608  214.416  129.036 2.28473 0.125 5.08724 0
62.0267  428.452  62.8575  437.559 2.53682 0.125 8.23584 0
292.285  467.58  287.443  454.521 1.18001 0.125 0.108034 0
287.984  283.386  284.899  297.367 1.52195 0.125 5.52657 0
518.504  90.4924  538.781  99.8929 1.26176 0.125 6.64198 0
577.717  83.0198  550.792  70.8534 1.34992 0.125 20.8791 0
587.469  378.149  624.534  374.883 2.49239 0.125 49.2407 0
529.563  522.501  529.789  508.489 1.14475 0.0625 2.8173 0
737.303  444.222  745.461  438.445 1.53044 0.0625 2.8173 0
581.853  312.601  578.243  289.54 2.01104 0.125 25.5762 0
63.4939  15.4787  54.3802  18.0804 1.51223 0.0625 2.8173 0
178.467  476.728  188.545  478.189 1.56354 0.125 1.01112 0
31.449  0.282337  13.2749  4.53873 2.23687 0.125 17.1751 0
420.615  400.643  402.668  398.245 2.05089 0.125 15.7549 0
479.392  16.4317  465.433  17.8366 1.79603 0.125 6.42966 0
140.479  106.578  131.573  104.224 1.73333 0.0625 0.463196 0
244.468  486.702  255.507  488.458 1.77293 0.125 1.55013 0
101.337  6.72026  84.449  10.2567 1.9115 0.125 11.0177 0
249.207  267.068  263.522  274.458 1.28951 0.0625 2.24793 0
363.508  178.471  376.599  182.148 1.53601 0.125 3.72039 0
394.5  484.5  394.5  468.5 1 0.125 0.108034 0
331.362  297.583  333.185  278.566 2.31855 0.125 14.2465 0
408.925  478.503  409.136  452.497 2.05681 0.125 32.6193 0
600.358  84.7856  616.368  92.7643 1 0.0625 4.02142 0
197.41  209.154  163.498  204.512 1.34468 0.125 26.2976 0
316.425  219.198  366.596  224.606 2.23248 0.125 65.316 0
601.558  309.711  598.171  294.574 2.05438 0.125 8.27934 0
89.4767  200.692  107.574  202.89 1.62362 0.125 11.8482 0
298.412  283.961  312.525  281.651 1.66872 0.125 4.20178 0
763.511  3.96133  745.498  3.58443 1.31357 0.125 4.20178 0
345.643  438.757  381.66  445.666 1.70791 0.125 40.7471 0
715.981  30.6846  721.277  45.5793 1.94731 0.125 5.69779 0
225.467  483.717  241.551  486.167 1.74159 0.125 8.63548 0
13.2595  238.514  2.00355  229.846 2.74134 0.125 19.976 0
669.817  48.8104  650.719  40.0246 1.32641 0.125 10.042 0
149.581  410.698  201.556  415.941 1.89825 0.125 68.7841 0
756.526  421.504  757.887  411.553 1.57523 0.0625 4.02142 0
267.41  282.677  269.682  296.633 2.82377 0.125 17.1751 0
373.5  488.5  373.5  466.5 1 0.125 3.31706 0
137.673  296.526  130.543  295.256 3.12888 0.03125 8.79038 0
240.495  132.531  225.517  130.382 1 0.03125 3.18911 0
262.65  425.546  328.59  435.927 1.90391 0.125 93.8536 0
458.477  190.658  478.484  193.609 1.86475 0.125 15.4127 0
234.446  213.972  214.477  211.699 1.10667 0.125 4.62348 0
434.494  357.586  457.525  359.12 1.79618 0.125 21.1084 0
108.509  203.44  223.573  219.992 1.91313 0.125 174.656 0
20.1554  232.443  22.9578  215.411 1.66139 0.125 8.63548 0
91.4502  382.727  142.618  393.961 2.00222 0.125 69.1311 0
218.365  202.445  212.485  201.604 2.12145 0.03125 1.71607 0
251.872  273.725  257.861  276.795 2.73665 0.125 1.91421 0
797.663  240.504  798.119  220.491 1.38714 0.125 16.3637 0
708.465  448.191  725.523  449.05 1.84655 0.125 14.5575 0
209.207  379.99  222.43  372.379 2.10116 0.125 6.55695 0
235.526  428.287  246.604  429.652 1.86277 0.125 1.91421 0
15.7226  126.413  21.5975  141.462 2.38617 0.125 16.2936 0
208.448  112.152  227.486  113.674 1.95363 0.125 12.6064 0
613.884  346.657  711.437  314.31 2.59773 0.125 99.4582 0
220.435  132.999  238.519  135.352 1.76566 0.125 3.42942 0
583.335  89.1959  562.074  100.714 1.97881 0.125 24.6822 0
602.551  359.594  590.358  366.24 1.67693 0.125 1.42771 0
13.5689  27.7754  0.392362  31.0694 1.45532 0.125 4.62348 0
256.326  255.675  271.294  252.524 1.64829 0.125 7.33275 0
14.7878  136.028  10.1109  123.276 2.5045 0.125 11.8953 0
785.742  367.598  791.102  354.339 2.03174 0.125 5.69779 0
524.58  202.88  540.508  199.536 2.41659 0.125 7.6803 0
275.408  235.579  263.428  236.776 1.79117 0.125 4.62348 0
665.559  486.995  687.487  484.392 1.91804 0.125 17.1751 0
458.423  422.898  470.357  421.379 1.7497 0.125 1.55013 0
212.612  471.782  196.536  469.268 1.51253 0.125 2.2932 0
219.428  379.715  226.627  382.12 2.84763 0.125 2.43315 0
217.443  117.759  233.754  121.344 2.28605 0.125 8.38105 0
234.351  332.102  225.405  329.881 2.42969 0.125 3.31706 0
306.5  469.5  306.5  448.5 1 0.125 2.43315 0
792.475  349.204  794.758  341.286 2.06931 0.0625 1.63941 0
0.254696  34.5379  35.5123  25.5483 2.81067 0.125 43.7626 0
118.712  321.625  40.6856  302.733 2.33329 0.125 123.757 0
415.578  436.901  434.516  439.377 2.41773 0.125 15.0746 0
574.499  376.508  586.567  377.926 1.63623 0.125 0.668085 0
202.592  143.908  182.457  140.774 1.9762 0.125 11.6737 0
798.547  62.6754  788.523  63.0741 2.53738 0.125 2.2932 0
589.308  59.038  565.301  69.0206 1.92914 0.125 23.9554 0
44.2088  247.387  47.8935  237.878 1.78463 0.125 1.01112 0
158.238  447.374  154.99  428.416 1.43717 0.125 5.76976 0
596.36  292.455  599.517  282.505 1.55808 0.125 0.108034 0
374.164  123.167  394.202  103.201 2.16356 0.125 36.3166 0
285.483  392.631  306.648  395.349 2.59338 0.125 11.2591 0
646.458  82.5953  623.522  72.4491 1.72364 0.125 21.1084 0
734.339  166.232  711.999  179.666 2.58258 0.125 37.7478 0
748.572  296.659  768.558  287.629 2.05883 0.125 20.7059 0
230.462  102.748  250.457  105.783 1.52726 0.125 9.52392 0
363.451  164.714  382.597  169.074 1.728 0.125 12.7737 0
366.587  346.616  351.439  345.123 2.59315 0.125 22.6853 0
622.229  71.9325  600.043  82.5452 1.72614 0.125 20.2155 0
567.466  143.32  585.381  139.881 2.86755 0.125 5.60856 0
794.511  110.212  781.492  109.71 1.38439 0.125 5.52657 0
274.737  415.272  297.656  419.689 2.53156 0.125 19.6006 0
4.81311  96.4253  6.11406  84.458 1.77214 0.125 5.52657 0
759.382  82.5697  748.661  64.4049 1 0.125 2.43315 0
400.403  482.458  399.719  500.47 3.14956 0.125 12.2783 0
497.546  225.045  483.387  223.615 2.08025 0.125 7.51526 0
384.546  199.002  407.535  201.119 2.44988 0.125 18.569 0
480.516  223.399  453.391  219.208 2.05713 0.125 30.1068 0
246.916  240.758  239.06  246.94 2.52491 0.125 8.23584 0
398.389  169.082  381.432  165.859 1.45337 0.125 1.42771 0
306.563  391.408  289.447  390.415 2.5313 0.125 14.2225 0
406.618  513.507  407.645  496.509 2.81359 0.125 18.4943 0
584.925  290.641  590.198  274.731 2.53854 0.125 10.8849 0
395.509  172.424  413.494  174.551 1.6977 0.125 10.4128 0
406.5  464.5  406.5  492.5 1 0.125 10.9451 0
763.837  151.537  757.687  155.772 2.78147 0.125 3.72039 0
408.497  361.566  434.495  362.622 1.48618 0.125 10.8174 0
711.236  241.327  716.706  232.98 2.16347 0.125 2.43315 0
796.506  335.691  798.806  323.558 2.01623 0.0625 0.448113 0
451.46  346.524  542.438  350.088 3.29249 0.125 196.262 0
488.488  210.635  500.482  211.701 1.8151 0.125 4.62348 0
744.454  154.422  726.021  165.376 2.71638 0.125 6.80783 0
385.426  404.031  405.593  406.831 2.42149 0.125 13.0518 0
490.516  496.25  471.527  495.061 1.8086 0.125 8.25658 0
491.402  199.159  504.211  195.49 2.11353 0.125 1.63274 0
513.494  229.535  527.578  232.063 1.79193 0.125 8.23584 0
262.598  202.526  275.467  203.823 1.98991 0.125 5.97339 0
336.51  233.375  515.381  247.962 3.06195 0.125 354.211 0
678.439  476.222  695.702  472.414 2.39827 0.125 10.8849 0
786.59  341.525  794.303  314.163 2.91305 0.125 24.6636 0
368.481  214.639  396.506  218.456 1.93553 0.125 26.3785 0
746.429  320.328  761.358  314.156 2.16814 0.125 0.888717 0
450.486  204.615  462.546  206.139 1.85885 0.125 2.2932 0
282.518  201.3  313.542  204.023 2.20157 0.125 23.9697 0
359.38  204.277  339.546  201.204 2.06008 0.125 10.8849 0
100.499  429.137  77.5024  429.213 2.07604 0.125 24.4915 0
68.2606  17.6514  79.2336  14.5556 2.34423 0.125 4.89868 0
625.371  48.7578  645.377  58.746 1 0.125 2.8173 0
523.38  243.841  374.502  230.472 3.77656 0.125 342.68 0
798.389  316.743  793.276  335.439 2.1023 0.125 11.6737 0
81.5137  216.436  93.3994  218.972 1.53862 0.125 1.01112 0
790.608  87.2573  782.582  86.5587 2.46838 0.125 1.01112 0
102.529  372.37  118.61  376.013 1.63809 0.125 10.042 0
528.491  369.917  500.482  369.287 2.35922 0.125 12.1615 0
275.585  389.647  294.586  378.648 2.27706 0.125 3.66867 0
692.302  481.689  702.43  479.215 2.20262 0.125 3.31706 0
148.707  439.508  101.472  429.634 2.10134 0.125 61.5567 0
655.51  323.541  683.543  316.676 2.10113 0.125 27.1072 0
776.031  325.986  787.506  315.507 2.40764 0.125 9.13775 0
0.486481  61.0882  23.5035  60.8678 2.19141 0.125 23.3587 0
276.456  226.926  336.342  233.048 3.30273 0.125 116.87 0
387.5  258.508  401.508  259.369 1.79621 0.125 1.50405 0
378.53  358.065  406.535  359.996 1.72009 0.125 17.6378 0
521.497  157.391  509.477  157.769 2.06183 0.125 0.670152 0
519.451  268.066  531.534  269.104 1.73584 0.125 4.62348 0
23.5285  51.759  7.50274  53.5248 1.76065 0.125 10.9451 0
794.798  271.837  778.87  285.919 2.79062 0.125 10.454 0
476.452  436.945  439.455  432.91 2.33183 0.125 29.8127 0
625.496  374.473  653.711  369.764 3.11966 0.125 30.0032 0
311.429  333.016  329.634  335.534 3.21388 0.125 28.9949 0
219.583  425.05  234.623  427.834 2.69482 0.125 8.50244 0
427.526  208.272  448.486  210.626 1.66335 0.125 7.41745 0
743.702  301.072  724.3  307.936 2.39232 0.125 8.43613 0
178.499  386.982  190.501  387.013 3.01298 0.125 2.1969 0
366.409  261.44  379.48  262.704 1.70191 0.03125 8.76351 0
28.5539  40.885  13.4303  43.0019 1.82204 0.125 10.042 0
406.489  265.522  420.498  265.676 2.02181 0.125 8.63548 0
429.557  261.874  443.532  263.155 1.90039 0.125 9.13893 0
39.4028  25.1264  62.6501  19.0768 2.65147 0.125 12.256 0
266.534  334.18  251.595  332.602 2.35309 0.125 3.42942 0
294.572  315.096  305.533  313.778 1.74698 0.125 2.8173 0
414.488  203.14  426.508  202.752 1.25769 0.125 3.72039 0
770.385  422.847  788.062  377.72 2.63906 0.125 31.5061 0
338.397  207.027  355.524  210.375 2.13259 0.125 8.29566 0
618.954  257.051  624.405  250.422 1.8173 0.125 0.108034 0
321.49  409.615  336.55  410.919 1.73364 0.125 9.13893 0
294.584  297.511  296.114  285.451 1.73241 0.125 5.52657 0
40.5192  39.7337  52.5202  38.746 2.64949 0.125 4.11395 0
394.469  204.697  365.394  200.184 1.66956 0.125 20.2951 0
475.446  265.474  486.523  266.092 1.88555 0.125 3.72039 0
608.115  307.539  607.2  298.53 1.98976 0.125 1.91421 0
92.5007  230.472  71.4888  229.968 2.28711 0.125 6.32126 0
393.3  513.312  401.771  515.399 2.89855 0.125 9.13893 0
737.224  340.866  754.449  333.381 2.51128 0.125 16.7823 0
392.414  442.013  405.546  444.226 1.31842 0.125 1.91421 0
400.994  456.494  400.686  481.515 2.01214 0.125 31.7162 0
427.469  200.664  414.546  198.252 1.90045 0.125 4.20178 0
89.5178  361.439  75.5491  357.333 1.80548 0.125 1.50405 0
224.517  220.366  275.581  226.867 2.09193 0.125 67.9332 0
248.321  302.955  271.639  312.146 1.71785 0.125 15.0746 0
368.661  93.1576  377.534  94.2198 1.84241 0.125 0.108034 0
382.661  437.576  374.559  436.163 1.79831 0.03125 2.32684 0
403.498  402.525  438.475  404.868 1.46091 0.125 28.2592 0
398.588  114.057  410.704  116.48 1.76594 0.125 4.62348 0
701.506  229.504  706.292  220.942 2.90081 0.125 0.182574 0
785.968  216.54  787.616  197.424 2.02683 0.125 21.7822 0
361.445  305.982  376.476  307.711 1.98689 0.125 4.02089 0
403.463  309.843  419.49  311.589 2.33285 0.125 10.8174 0
477.493  358.791  487.511  359.042 1.22541 0.0625 1.63941 0
589.794  297.48  590.606  309.56 3.12744 0.125 3.48034 0
466.516  309.203  481.527  309.993 1.8921 0.125 4.84021 0
281.234  12.3631  289.666  14.9609 2.27816 0.125 0.563807 0
408.464  441.711  394.363  439.299 1.77672 0.125 1.42771 0
280.448  395.957  331.467  401.786 2.41299 0.125 66.8477 0
12.547  46.3236  25.5617  45.581 3.16602 0.125 15.1105 0
244.505  329.462  229.487  327.602 1.9753 0.125 4.02089 0
428.503  153.478  406.449  150.944 1.94053 0.125 13.4039 0
444.501  188.488  456.584  189.435 1.75929 0.125 2.43315 0
539.663  494.537  538.194  461.514 1.86471 0.125 13.2997 0
701.316  470.716  717.37  466.948 1.77793 0.125 2.45711 0
445.464  313.114  460.53  313.993 2.11312 0.125 3.42942 0
714.386  350.18  739.725  341.129 2.01835 0.125 16.1788 0
209.551  340.225  165.394  332.075 2.29992 0.125 63.3027 0
678.476  106.427  688.667  102.995 2.22421 0.125 0.57978 0
57.47  35.9026  44.4973  35.6251 2.14928 0.125 5.08724 0
133.47  218.701  145.648  220.493 1.68753 0.0625 2.67151 0
539.762  510.451  540.685  496.446 1.86418 0.125 6.86018 0
662.647  326.971  646.644  331.961 2.33025 0.125 9.98151 0
413.361  477.51  412.385  464.509 1.44603 0.125 2.8173 0
385.164  450.692  392.693  452.815 2.34484 0.0625 1.11411 0
684.504  359.508  694.132  354.755 1.759 0.125 0.668085 0
424.494  306.601  440.499  307.516 1.88257 0.125 8.38953 0
444.559  270.673  430.488  269.675 1.99499 0.125 4.84021 0
677.631  255.494  678.084  265.519 1.31488 0.125 0.108034 0
92.6784  296.814  81.6443  293.945 1.43235 0.125 0.108034 0
150.511  365.009  165.525  364.69 1.97832 0.125 9.52392 0
287.358  413.443  250.442  407.887 2.41425 0.125 39.0657 0
363.443  294.994  377.6  296.633 1.87171 0.125 2.27789 0
427.5  211.5  416.5  211.5 1 0.03125 2.8173 0
414.471  142.613  392.655  136.908 2.14342 0.125 8.21994 0
756.183  167.209  763.857  158.827 2.15038 0.0625 0.448113 0
188.449  195.972  200.415  197.276 1.87992 0.125 0.563807 0
451.499  362.507  425.537  359.206 1.60564 0.125 12.5312 0
788.464  377.489  797.998  346.654 1.75369 0.125 14.225 0
424.488  317.723  438.502  318.454 1.94518 0.125 5.69779 0
528.518  341.177  509.494  340.915 2.75131 0.125 16.9572 0
263.479  329.661  252.405  328.236 1.98363 0.0625 3.79296 0
519.508  485.391  492.515  483.312 1.61142 0.125 23.5884 0
527.458  214.827  510.478  212.673 1.1179 0.125 2.8173 0
529.468  298.246  550.515  299.159 3.08386 0.125 33.1778 0
645.504  495.525  665.651  492.509 2.22678 0.125 19.5769 0
94.5117  301.203  75.4625  300.451 2.58991 0.125 12.7544 0
157.681  458.459  152.258  434.33 1.63346 0.125 17.1751 0
378.593  265.834  363.605  263.748 1.84303 0.125 7.74756 0
446.485  301.742  462.486  302.734 1.6869 0.125 7.74756 0
509.568  498.062  500.477  496.645 1.60412 0.125 0.108034 0
527.459  195.775  516.555  194.132 1.8287 0.0625 1.11411 0
577.613  254.188  589.457  252.237 1.98505 0.125 1.42765 0
38.3372  214.473  40.2691  202.625 1.79162 0.125 2.43315 0
40.4503  323.983  48.4723  323.212 2.18214 0.125 1.91421 0
220.525  253.314  168.395  246.275 2.27489 0.125 66.9554 0
243.485  319.588  257.413  322.002 1.79993 0.125 1.50405 0
310.677  240.535  289.475  236.639 2.04699 0.125 7.42286 0
410.459  356.814  398.402  355.254 1.47013 0.0625 4.02142 0
495.462  43.0467  504.566  42.2838 2.41055 0.125 2.2932 0
712.43  334.243  697.456  338.337 1.49207 0.125 0.57978 0
50.0704  238.329  54.0607  228.325 2.41077 0.125 0.670152 0
169.495  224.547  181.453  225.915 1.64595 0.125 1.91421 0
169.533  268.348  182.575  271.15 1.81765 0.125 3.1603 0
404.406  298.485  420.545  300.025 1.89601 0.125 6.5569 0
508.504  341.432  374.478  332.841 3.49284 0.125 164.603 0
488.501  315.459  504.497  315.701 2.01489 0.125 3.42942 0
550.181  297.521  549.533  287.498 2.12482 0.125 0.563807 0
416.503  138.484  440.455  143.705 2.07931 0.125 10.8228 0
796.735  209.465  794.371  193.519 1.64767 0.125 5.97339 0
125.623  383.893  111.591  381.051 2.74183 0.125 0.522954 0
400.558  321.066  418.489  321.786 2.35948 0.0625 0.710484 0
512.482  310.916  526.499  311.525 1.95468 0.125 6.86018 0
557.468  331.502  555.35  291.455 2.05501 0.125 18.2748 0
205.407  296.076  219.522  298.364 1.49418 0.125 2.43315 0
69.506  235.428  81.4229  236.423 2.98959 0.125 17.2667 0
399.525  244.149  387.515  243.293 1.28199 0.0625 1.63941 0
547.59  345.234  533.524  345.965 2.89213 0.125 0.101818 0
73.545  439.362  82.5632  442.307 3.16222 0.125 4.02089 0
170.444  406.886  195.5  410.501 1.41807 0.125 9.10874 0
713.504  459.519  699.45  462.245 1.77295 0.125 4.89868 0
144.518  247.391  183.624  253.733 1.94753 0.125 43.6424 0
128.528  364.158  147.484  365.696 2.74753 0.125 22.7907 0
327.525  77.7006  339.336  76.2042 2.7383 0.125 2.79889 0
370.692  361.535  360.498  359.509 2.55258 0.125 0.811332 0
403.456  410.891  415.529  412.238 1.766 0.125 5.52657 0
489.481  303.737  505.456  305.037 1.83125 0.125 8.63548 0
545.513  342.281  529.451  341.326 2.4121 0.125 16.2936 0
602.5  505.5  584.5  505.5 1 0.125 1.91421 0
80.4397  435.794  94.6617  438.712 1.78351 0.125 4.89868 0
101.552  441.279  115.707  444.625 2.12356 0.125 6.5569 0
732.245  468.228  738.431  462.426 2.37227 0.125 2.43315 0
134.453  257.299  155.498  258.541 2.87691 0.125 24.4483 0
165.538  388.274  227.633  398.711 1.81497 0.125 25.153 0
260.516  348.398  233.564  344.096 1.77565 0.125 15.9358 0
341.52  310.282  353.51  311.391 1.27203 0.0625 0.463196 0
723.718  482.932  714.139  487.766 2.58765 0.125 1.50405 0
458.489  503.593  468.586  504.736 1.66862 0.0625 4.02142 0
469.448  505.051  513.528  509.202 1.93325 0.125 58.0597 0
249.461  407.717  195.585  398.025 1.63514 0.125 31.2487 0
406.532  346.118  383.527  344.178 1.23648 0.125 8.63548 0
466.554  297.43  491.527  295.969 3.11163 0.125 44.5171 0
535.583  254.349  519.522  253.189 1.42279 0.0625 0.380078 0
246.567  411.997  271.524  415.319 1.91837 0.125 6.32126 0
445.488  323.73  456.511  324.287 1.40207 0.125 1.91421 0
666.233  471.181  657.491  478.49 1.69152 0.125 0.668085 0
6.36006  330.034  15.517  332.435 1.52207 0.03125 7.33275 0
275.532  423.276  293.447  425.867 1 0.125 1.01112 0
378.601  312.822  364.467  310.723 1.87035 0.125 3.98429 0
521.439  442.869  504.407  440.067 1.98626 0.125 6.55695 0
35.7648  273.331  39.9007  255.362 2.10361 0.125 13.4748 0
175.381  263.503  188.434  265.053 2.03588 0.125 5.76976 0
487.516  325.942  500.505  326.311 1.2554 0.125 1.91421 0
499.5  351.5  482.5  351.5 1 0.125 1.01112 0
47.4981  365.51  67.5251  369.37 2.11737 0.125 1.57241 0
288.5  231.5  270.5  231.5 1 0.125 1.91421 0
514.511  508.338  524.6  509.018 3.78915 0.125 4.60708 0
361.576  240.697  345.53  239.181 1.8029 0.0625 3.07613 0
80.3898  238.061  92.3225  240.404 1.9446 0.125 4.20178 0
326.994  249.989  321.926  245.094 3.54726 0.125 1.42771 0
496.639  439.478  476.602  436.748 3.06139 0.125 10.2442 0
116.585  237.076  100.622  233.889 1.57148 0.125 9.13893 0
110.481  241.68  120.579  242.77 1.66633 0.125 1.01112 0
418.508  303.73  407.487  304.108 1.2733 0.125 2.8173 0
29.34  334.78  41.5246  336.303 2.72884 0.125 0.113964 0
377.532  271.024  364.523  270.16 0.965423 0.0625 1.61318 0
456.429  428.985  466.505  430.468 1.7177 0.125 1.01112 0
352.44  432.878  148.472  400.676 2.75646 0.125 270.904 0
342.429  505.292  527.545  522.004 3.27136 0.0625 95.9756 0
414.42  185.888  530.552  192.606 3.53134 0.125 78.7041 0
155.437  186.969  201.539  193.208 2.33214 0.125 66.1685 0
64.2954  206.818  534.555  249.902 18.7461 0.125 127.377 0
319.452  418.714  457.475  424.126 3.95775 0.125 50.4586 0
709.022  28.6981  685.429  90.8527 3.32359 0.125 71.494 0
665.397  493.056  718.773  480.679 3.34614 0.125 65.12 0
347.605  288.714  421.526  293.05 5.28122 0.125 109.986 0
588.956  313.943  602.286  348.817 3.5415 0.125 27.8843 0
367.494  224.565  519.508  238.408 2.34783 0.125 252.851 0
39.6119  141.978  336.404  190.094 14.8067 0.125 102.725 0
572.155  318.43  577.164  365.536 2.8551 0.125 74.7224 0
760.658  148.735  431.16  369.952 12.8086 0.125 97.3008 0
260.546  489.247  383.629  511.794 2.55835 0.125 180.756 0
505.602  154.294  470.514  151.329 2.72243 0.125 24.1755 0
374.48  333.654  234.292  315.071 5.77046 0.125 171.296 0
313.708  194.147  389.457  205.781 2.94699 0.125 24.6349 0
509.525  276.156  405.558  268.696 2.43771 0.125 33.795 0
226.569  338.073  265.527  344.331 2.8546 0.125 45.2756 0
17.9641  336.469  435.266  411.794 13.8025 0.125 407.065 0
81.2062  353.437  471.081  443.316 13.9277 0.125 334.466 0
498.5  369.498  462.46  367.095 1.92924 0.125 16.1029 0
138.535  297.326  408.947  352.226 5.98378 0.125 101.22 0
609.17  477.557  150.437  403.893 5.18177 0.0625 106.794 0
110.38  342.913  539.988  468.097 25.9219 0.125 397.324 0
116.433  222.924  200.54  236.249 2.22104 0.125 7.37451 0
121.482  255.109  211.522  257.733 2.64442 0.125 13.6468 0
380.919  379.894  786.939  300.08 85.9374 0.125 50.5717 0
55.7006  287.225  495.42  416.225 33.4991 0.125 264.675 0
312.609  313.888  331.037  299.172 5.14392 0.125 23.3584 0
239.495  122.52  473.512  174.446 2.92582 0.125 116.379 0
420.517  509.4  472.414  518.017 2.80292 0.0625 60.0986 0
101.371  370.926  443.063  430.985 13.0824 0.125 590.128 0
675.498  341.493  745.801  317.378 3.08507 0.125 124.809 0
595.037  385.409  465.582  352.18 4.04537 0.125 13.9536 0
599.191  409.624  50.5512  282.074 26.4848 0.125 309.927 0
745.532  161.813  219.494  166.857 6.91339 0.125 34.4822 0
558.613  415.499  70.7775  322.051 166.693 0.0625 736.682 0
438.573  432.665  387.441  428.166 3.25141 0.125 52.8902 0
524.573  236.276  452.095  212.674 4.95418 0.125 30.5098 0
52.9514  221.35  325.99  196.994 37.5927 0.125 158.67 0
103.52  241.33  296.175  263.68 11.5743 0.125 58.5773 0
236.504  214.466  685.125  264.841 12.483 0.125 130.424 0
45.4167  147.894  520.446  248.39 83.8412 0.125 570.65 0
25.0367  197.568  391.715  231.09 12.3174 0.125 276.652 0
75.9423  194.993  358.84  230.666 78.0099 0.125 338.654 0
758.016  157.256  512.268  325.089 7.59348 0.125 66.5861 0
82.293  246.605  212.592  271.006 4.11209 0.125 217.127 0
176.439  203.071  541.648  242.118 5.99733 0.125 342.98 0
198.823  380.536  375.127  409.518 29.7514 0.125 575.844 0
300.577  413.253  408.287  449.065 47.1211 0.125 194.082 0
105.252  299.13  451.144  351.838 12.6163 0.125 361.467 0
376.271  157.345  707.636  198.464 11.771 0.125 76.8836 0
-12.0786  293.706  376.064  409.384 94.1516 0.125 646.783 0
272.473  313.347  396.505  315.136 2.86989 0.125 17.8868 0
585.181  235.142  457.577  226.375 12.6572 0.125 15.685 0
168.478  279.916  519.601  298.597 3.83496 0.0625 220.37 0
3.24507  312.236  483.132  427.519 24.4179 0.125 477.574 0
563.681  327.241  23.1582  258.95 63.6206 0.03125 23.6524 0
