194
381.805  130.478  382.241  116.492 1.40522 0.125 9.45128 0
333.485  225.99  349.501  225.527 2.14355 0.125 15.7729 0
216.498  397.804  202.498  397.851 2.00678 0.125 10.3544 0
395.951  356.527  395.359  344.458 1.99759 0.125 8.54819 0
444.647  352.437  445.676  338.439 1.84798 0.125 9.45128 0
385.018  115.726  393.413  96.4622 2.25754 0.125 13.8927 0
135.361  134.283  170.361  130.283 2.07225 0.125 43.6617 0
339.534  305.775  304.457  310.16 2.23285 0.125 54.5661 0
176.48  130.129  204.508  128.648 1.89172 0.125 35.6409 0
316.469  205.674  346.464  204.546 1.92339 0.125 37.4471 0
155.037  378.641  149.133  359.307 1.62074 0.125 15.7729 0
318.497  331.894  331.501  331.84 1.0541 0.03125 6.13995 0
341.514  335.937  301.489  334.93 2.50243 0.125 66.2861 0
211.512  226.335  220.61  227 3.47907 0.125 9.57707 0
85.1724  374.864  96.2263  384.804 1.34298 0.125 4.03274 0
221.501  227.528  284.501  227.564 3.03384 0.125 152.63 0
182.403  160.527  178.551  146.765 1.50202 0.125 4.93583 0
445.474  294.217  430.417  295.602 3.07895 0.125 25.8885 0
351.513  396.583  370.522  393.644 1.89518 0.125 17.5791 0
349.505  214.657  313.479  215.882 3.13425 0.125 72.6405 0
96.4496  385.567  120.861  404.023 1.2255 0.125 19.3853 0
345.494  330.853  356.508  331.038 1.15036 0.125 2.22656 0
279.657  109.468  256.582  105.96 2.98888 0.125 36.9711 0
236.493  232.127  206.485  232.696 2.4926 0.125 60.9274 0
127.461  98.6939  138.436  98.1652 2.19016 0.125 6.28574 0
190.574  219.35  199.782  223.934 1 0.03125 0.119351 0
272.5  232.518  236.498  232.422 2.08531 0.125 47.6648 0
206.517  232.346  184.46  229.855 3.22187 0.125 32.3919 0
49.6845  357.504  50.08  340.467 2.6279 0.125 17.4874 0
341.5  377.5  341.5  344.5 1 0.125 15.7729 0
149.033  358.675  143.686  344.43 2.34184 0.125 15.176 0
63.5942  336.11  67.624  342.09 3.04667 0.125 3.62941 0
80.8149  372.455  84.2384  396.678 2.95991 0.125 33.2388 0
214.519  334.042  200.502  333.463 1.41196 0.125 1.86248 0
72.8377  435.439  75.197  448.555 2.14545 0.125 7.82761 0
145.455  282.63  133.186  278.413 1.95021 0.125 1.74006 0
169.665  15.4546  170.482  0.444608 1.83401 0.125 11.2575 0
15.2408  324.981  55.1867  382.019 2.69719 0.125 87.2918 0
313.461  422.076  352.501  418.512 2.35954 0.125 41.0419 0
401.502  215.56  390.536  215.852 3.07897 0.125 13.9667 0
56.7514  384.692  49.8311  357.671 2.23296 0.125 20.1942 0
312.527  129.045  267.507  126.376 1.16788 0.125 26.023 0
62.3248  421.668  63.7479  431.608 2.68625 0.125 8.94783 0
191.312  254.69  204.383  267.618 1.47648 0.125 9.45128 0
355.717  135.963  341.6  130.253 2.40622 0.125 7.03373 0
267.489  205.074  244.504  205.657 1.05039 0.125 5.83892 0
359.443  285.842  387.491  283.399 1.77724 0.125 29.3193 0
217.552  193.273  173.504  191.411 2.06812 0.125 52.2889 0
198.19  264.825  189.777  256.229 1.67448 0.125 1.32347 0
192.561  120.045  174.614  117.65 1.78513 0.125 12.5043 0
391.5  310.501  403.448  309.066 1.86647 0.125 2.7455 0
437.524  298.368  448.543  298.062 2.94338 0.125 10.4531 0
140.957  175.273  127.828  148.834 2.74907 0.125 33.3833 0
415.565  226.891  286.521  232.938 3.62003 0.125 219.092 0
427.475  300.273  435.489  299.402 2.52897 0.125 4.03274 0
65.0327  376.467  65.7789  388.483 2.18209 0.125 2.65294 0
252.496  126.663  231.484  126.115 1.05181 0.125 4.93583 0
86.2492  464.589  87.2177  456.466 1.98593 0.125 1.32347 0
328.366  413.527  310.43  415.995 1.88174 0.125 15.7729 0
289.478  204.841  272.551  203.725 2.66445 0.125 8.96497 0
341.797  129.501  341.806  112.5 2.00529 0.125 13.086 0
348.535  410.851  336.456  412.056 1.79162 0.125 4.93583 0
223.241  256.31  206.657  251.01 1.9444 0.125 9.45485 0
203.385  255.696  218.451  264.583 1.83367 0.125 8.59169 0
320.509  315.758  351.505  314.648 2.71439 0.125 50.0853 0
392.327  203.488  385.535  202.301 2.31433 0.0625 1.04857 0
372.532  415.668  448.658  401.337 2.48466 0.125 67.2402 0
383.335  385.724  356.487  391.44 2.87111 0.125 42.0235 0
293.136  215.168  299.344  208.358 2.95615 0.125 1.81639 0
124.973  210.562  126.367  222.398 2.51133 0.125 8.94783 0
182.534  208.731  239.49  207.155 2.86062 0.125 79.6754 0
6.87285  155.704  13.5317  143.517 1.99949 0.125 5.15256 0
102.488  477.94  119.523  477.578 1.99955 0.125 8.56892 0
337.636  134.957  354.81  139.266 2.43369 0.125 10.4653 0
426.498  209.517  407.461  206.771 2.55061 0.125 16.2974 0
431.467  477.408  446.658  471.939 1.54302 0.125 8.54819 0
210.518  237.451  251.522  236.693 2.944 0.125 32.2551 0
162.523  214.197  158.137  208.046 2.78957 0.125 2.7455 0
74.9352  354.705  77.8476  362.737 2.82032 0.125 3.47264 0
121.068  225.54  119.487  208.501 2.17623 0.125 15.7251 0
302.519  263.032  288.501  262.473 3.19687 0.125 19.0153 0
366.487  408.383  348.375  410.348 2.11972 0.125 20.2884 0
394.344  283.437  416.454  280.188 2.50368 0.125 23.9065 0
283.539  200.497  282.26  185.435 2.50045 0.125 7.33918 0
60.8209  410.453  62.1433  419.552 2.84222 0.125 6.28574 0
143.793  324.372  137.317  309.58 1.65877 0.125 1.81639 0
59.6338  383.473  60.8848  389.625 2.75693 0.125 0.099456 0
68.9026  299.517  69.5958  283.504 1.82513 0.125 5.15256 0
274.376  184.439  273.498  200.5 1.94247 0.125 8.59169 0
183.552  310.742  166.494  309.583 2.72198 0.125 16.2481 0
206.758  318.679  193.498  314.508 1.35404 0.125 0.099456 0
307.764  360.426  304.935  350.377 1.26185 0.0625 1.92553 0
114.118  252.199  121.807  255.853 3.09405 0.125 3.44248 0
163.893  508.325  178.295  513.117 3.48302 0.125 7.43602 0
201.414  500.988  216.493  498.46 1.98358 0.125 10.7252 0
304.805  349.696  300.855  335.682 1.53103 0.125 2.7455 0
397.504  403.53  386.438  405.043 1.84601 0.125 0.980432 0
396.14  36.3892  400.335  22.7568 2.05858 0.125 1.3017 0
385.498  405.489  367.322  408.386 2.3329 0.125 17.2696 0
260.417  492.975  292.56  487.875 2.08449 0.125 41.4284 0
315.442  111.485  317.858  102.331 1.98753 0.125 0.980432 0
43.1173  257.739  26.6207  244.351 2.56548 0.125 16.6254 0
160.553  358.494  162.592  377.597 2.838 0.125 21.3513 0
20.9212  138.756  13.9682  150.176 2.08017 0.125 1.94508 0
169.238  292.002  192.644  304.225 2.11755 0.125 15.9676 0
120.022  182.664  117.353  174.894 2.04123 0.0625 1.04857 0
82.8256  326.544  84.3099  315.61 2.11634 0.125 2.60554 0
373.5  258.5  352.5  258.5 1 0.125 4.93583 0
295.178  96.4528  294.642  111.469 2.81985 0.125 0.835301 0
330.464  310.132  345.516  308.662 1.77329 0.125 2.65294 0
248.533  260.235  234.377  258.499 2.22848 0.125 3.59659 0
146.294  370.528  147.791  381.596 2.11597 0.125 3.47264 0
303.431  315.271  315.602  316.356 2.89937 0.125 16.0672 0
331.332  113.36  332.532  120.495 2.63571 0.125 0.0141651 0
434.509  396.55  398.436  403.148 1.87166 0.125 22.1517 0
20.0033  325.873  41.9708  355.147 2.80142 0.125 27.5425 0
380.483  205.564  401.586  211.175 2.00566 0.125 14.5348 0
339.514  392.504  330.502  392.628 2.08277 0.125 4.93583 0
287.498  263.858  268.499  263.751 1.99997 0.125 17.8506 0
329.482  289.021  351.488  288.189 2.26301 0.125 22.3421 0
437.471  266.036  418.482  267.218 1.87193 0.125 12.2077 0
349.5  259.5  333.5  259.5 1 0.125 0.420381 0
372.521  218.431  353.43  212.735 2.5889 0.125 18.7913 0
319.641  177.349  291.784  151.198 2.85711 0.125 28.3937 0
149.163  282.181  163.192  289.123 1.38609 0.125 1.86248 0
310.56  148.429  328.4  163.617 2.08886 0.125 14.7203 0
314.519  383.493  310.099  370.937 3.33526 0.125 13.7162 0
31.6195  230.47  35.43  245.518 1.69676 0.125 1.12368 0
300.467  147.538  324.008  167.913 2.00762 0.125 20.0443 0
265.52  135.371  253.502  133.488 1.82117 0.125 0.876154 0
155.553  272.269  171.4  275.932 3.29977 0.125 11.3469 0
333.502  190.683  310.506  190.981 1.23319 0.125 9.83627 0
156.885  320.492  156.609  340.501 3.13762 0.125 8.16544 0
326.127  165.917  308.187  149.849 1.96904 0.125 17.0947 0
418.527  265.935  399.522  265.035 2.32911 0.125 14.5588 0
228.5  288.5  244.5  288.5 1 0.125 0.420381 0
309.475  186.522  288.558  163.448 1.82806 0.125 23.045 0
321.5  169.5  297.203  148.68 2.27941 0.125 20.3613 0
140.675  352.295  142.256  361.368 2.78384 0.125 4.34118 0
330.348  159.716  313.781  148.099 1.88222 0.125 7.17273 0
377.69  265.439  352.505  270.526 2.38562 0.125 24.8099 0
233.558  165.445  224.843  156.178 2.01179 0.125 1.74006 0
313.946  182.986  307.002  175.06 2.07014 0.125 0.876154 0
244.517  263.097  264.481  263.95 1.69967 0.125 9.57707 0
281.082  159.955  300.413  180.582 1.86808 0.125 23.9648 0
295.27  150.633  319.671  172.308 2.23868 0.125 22.3354 0
281.275  167.693  296.962  185.962 2.17699 0.125 17.2126 0
137.588  339.33  139.51  351.654 3.27236 0.03125 0.702336 0
327.515  137.198  298.488  135.733 2.44174 0.125 13.1117 0
295.86  167.169  311.683  184.331 1.58508 0.125 12.0512 0
154.654  420.474  158.975  446.421 2.30137 0.125 13.6121 0
261.52  110.302  274.486  111.633 1.98956 0.125 1.74006 0
146.554  309.417  153.306  313.798 2.26666 0.0625 0.296652 0
94.6614  297.291  87.8564  292.038 2.19424 0.125 0.980432 0
204.994  295.358  202.689  303.553 2.88794 0.125 6.28574 0
256.51  284.656  232.48  286.187 1.8688 0.125 24.9946 0
290.774  95.3944  288.717  109.532 1.85331 0.125 1.12368 0
149.679  399.463  153.365  417.322 1.98997 0.125 3.54894 0
193.502  196.418  175.488  195.958 1.33137 0.125 9.45128 0
143.297  375.59  138.584  364.904 2.23346 0.125 0.305473 0
302.09  164.908  311.108  173.894 1.43471 0.0625 0.296652 0
357.12  124.496  357.327  104.498 1.13463 0.125 4.03274 0
292.515  281.859  257.451  283.364 2.09701 0.125 51.8965 0
303.518  484.623  325.489  481.422 2.28705 0.125 14.8444 0
327.52  273.752  311.462  275.015 1.83693 0.125 11.6145 0
301.5  266.5  283.5  266.5 1 0.125 2.22656 0
357.756  103.487  356.296  75.5106 1 0.125 10.3544 0
385.5  268.507  376.503  268.351 2.08645 0.125 0.980432 0
351.508  273.997  328.498  273.61 2.23521 0.125 5.85798 0
103.657  326.347  88.9006  311.112 2.15489 0.125 2.93329 0
304.501  443.432  318.499  443.611 2.12822 0.125 14.8448 0
351.503  270.417  341.521  270.003 2.16404 0.125 0.0141651 0
274.484  267.193  247.506  268.621 1 0.125 10.3544 0
263.487  477.668  245.521  476.239 1 0.125 1.32347 0
302.537  281.475  293.474  281.824 3.18993 0.015625 10.5258 0
287.603  228.4  432.556  220.521 4.11315 0.125 237.314 0
433.501  377.505  384.374  385.746 3.28953 0.125 85.219 0
192.5  453.481  254.495  454.753 3.62983 0.125 79.693 0
352.49  314.396  391.433  310.78 2.91608 0.125 36.1166 0
87.4716  407.42  92.2009  464.525 3.80276 0.125 55.285 0
299.63  422.052  371.545  416.041 3.07589 0.125 32.2821 0
131.526  118.162  322.538  133.015 3.00181 0.0625 56.5396 0
146.43  148.067  168.411  189.547 2.86219 0.125 40.5336 0
223.5  447.539  292.502  447.37 1.9951 0.0625 39.8051 0
323.926  400.258  446.777  381.293 4.82263 0.125 217.52 0
268.239  401.076  169.932  391.102 9.68902 0.125 117.985 0
229.471  133.429  180.48  134.75 2.48666 0.125 19.2144 0
448.553  304.242  329.518  312.758 1.99332 0.125 37.861 0
217.617  499.255  304.687  485.702 4.16733 0.125 173.809 0
252.504  478.929  214.499  478.691 3.95596 0.03125 65.3772 0
300.302  133.118  127.437  112.018 7.62873 0.125 75.0953 0
131.378  284.98  326.478  290.29 8.53412 0.125 90.3838 0
214.123  295.504  446.461  277.985 9.97169 0.125 393.804 0
270.074  451.189  325.406  440.992 4.86366 0.015625 50.2601 0
