296
33.4976  321.799  44.5048  321.885 1.06296 0.03125 2.8173 0
146.481  397.826  167.526  399.049 1.8227 0.125 21.7822 0
410.567  405.02  446.566  410.023 1.78917 0.125 43.4564 0
391.524  285.733  352.5  284.489 3.03034 0.125 71.6268 0
487.328  420.946  467.099  427.203 2.3438 0.125 20.2951 0
192.463  399.012  210.511  397.644 1.84308 0.125 16.3637 0
410.468  462.309  398.472  464.336 2.47192 0.125 5.69779 0
545.626  409.946  511.532  419.611 2.08298 0.125 42.1394 0
510.504  462.533  492.426  464.949 3.10604 0.125 30.1068 0
421.542  463.776  413.426  465.012 2.7299 0.125 4.62348 0
399.444  463.861  383.517  461.393 1.517 0.125 4.62348 0
382.535  293.094  412.491  291.346 2.3462 0.125 32.0795 0
122.581  330.566  109.592  329.438 1.68821 0.125 3.72039 0
458.506  399.062  431.497  398.674 1.30152 0.125 21.7822 0
413.501  395.426  434.497  395.725 1.04267 0.125 3.72039 0
535.229  453.787  511.265  462.882 1.90367 0.125 26.4704 0
124.502  379.462  155.53  380.794 1.86949 0.125 36.2316 0
441.452  424.658  415.424  416.749 1.58567 0.125 18.9395 0
55.4996  270.82  38.4996  270.83 1.00926 0.125 0.108034 0
100.803  176.514  98.9911  86.4901 2.86491 0.125 177.813 0
297.769  215.492  297.95  198.483 1.96791 0.125 16.3637 0
392.503  443.456  410.556  444.677 3.26312 0.125 30.1068 0
411.454  444.987  423.536  446.119 1.71135 0.125 1.55013 0
286.351  298.593  294.773  287.926 2.35452 0.125 7.41745 0
25.9944  24.4997  25.9818  0.499748 2.00732 0.125 25.5762 0
154.123  214.511  153.635  198.496 1.39481 0.125 10.042 0
180.509  266.331  153.478  264.923 2.10129 0.125 35.3285 0
331.507  292.178  353.497  292.634 1.04124 0.125 2.43315 0
44.4745  30.8042  53.412  31.552 2.40992 0.125 0.563807 0
23.6096  433.616  31.8659  425.828 2.26469 0.125 6.64198 0
496.626  535.292  489.039  526.918 2.50206 0.125 10.9451 0
15.1141  425.955  6.29133  432.205 1.7342 0.0625 2.24793 0
525.728  533.415  531.698  538.451 2.81831 0.125 5.52657 0
576.276  555.569  569.194  549.667 2.68881 0.125 7.33275 0
555.765  597.257  551.949  593.089 2.82567 0.125 0.108034 0
583.243  561.648  576.935  556.148 3.01507 0.125 8.23584 0
13.1283  440.982  23.0463  433.868 1.87204 0.125 3.31706 0
247.501  332.399  222.518  332.078 2.29613 0.125 25.7106 0
264.464  330.753  253.49  331.289 1.33995 0.125 1.01112 0
147.513  438.067  211.503  436.646 2.17709 0.125 100.32 0
30.9959  102.569  29.4707  91.504 1.4351 0.125 0.108034 0
198.499  248.365  182.492  248.486 2.09862 0.125 9.96236 0
304.569  266.141  321.576  267.01 2.23058 0.125 15.4127 0
110.502  184.462  118.534  184.971 2.18556 0.0625 1.11411 0
549.846  430.499  549.789  410.499 1.0573 0.125 3.72039 0
108.508  147.356  118.533  147.944 2.23087 0.125 5.08724 0
399.358  22.6304  411.524  20.6464 1.95269 0.125 5.08724 0
542.044  527.032  538.228  522.594 3.47254 0.125 0.563807 0
383.5  474.779  407.5  474.785 1.0052 0.125 6.42966 0
362.626  26.5368  362.204  16.5125 2.25056 0.125 1.50405 0
389.522  267.193  420.578  269.413 2.20813 0.125 23.9697 0
32.5452  296.612  24.4643  296.201 2.30231 0.125 4.20178 0
338.477  467.621  356.591  471.013 3.01158 0.125 27.2501 0
102.579  194.493  101.496  182.5 1.44585 0.125 1.01112 0
417.465  37.2602  436.348  34.4729 2.82182 0.125 17.7339 0
364.5  290.5  391.5  290.5 1 0.125 10.042 0
396.602  41.9844  410.408  39.0645 2.0511 0.125 8.63548 0
22.4113  153.422  20.6258  178.438 1.92373 0.125 14.408 0
107.432  110.036  117.524  111.314 1.62027 0.125 1.01112 0
173.485  335.173  184.507  334.655 2.09162 0.125 6.42966 0
414.667  416.351  399.578  399.431 1 0.125 1.42765 0
138.529  450.998  174.524  453.08 1.97979 0.125 42.8969 0
112.685  220.174  119.551  221.132 2.5338 0.125 1.01112 0
581.612  407.524  584.861  392.363 3.28279 0.125 13.0518 0
139.5  382.5  124.5  382.5 1 0.0625 1.63941 0
342.355  259.525  343.774  267.627 2.48768 0.125 1.42765 0
407.52  271.165  391.474  271.645 2.35798 0.125 23.5884 0
17.5303  314.006  28.5502  314.681 2.24076 0.125 2.27789 0
586.191  427.524  586.432  420.464 2.16911 0.125 0.108034 0
34.1303  194.532  32.5722  176.494 1.85686 0.125 7.45533 0
321.5  339.5  337.5  339.5 1 0.125 0.108034 0
232.591  410.065  276.582  403.012 2.52477 0.125 61.8789 0
5.67037  160.128  13.7965  163.853 3.06815 0.125 5.76976 0
80.4087  441.163  106.6  444.771 1.74346 0.125 22.474 0
0.481321  351.928  29.4698  353.192 1.91099 0.125 25.3784 0
88.4796  406.739  120.503  409.469 1.77685 0.125 38.0378 0
584.11  391.583  583.508  381.56 2.9946 0.125 12.7513 0
103.081  373.498  103.17  358.498 2.04162 0.125 8.38953 0
370.676  90.4898  370.502  104.5 1.13659 0.0625 2.8173 0
102.647  11.4961  102.573  27.4957 2.04584 0.125 14.5575 0
340.49  463.548  355.668  466.689 1.45287 0.125 6.42966 0
175.461  453.168  189.504  451.534 1.5712 0.125 1.42765 0
319.409  304.43  317.429  335.432 2.10166 0.125 43.4564 0
351.983  250.554  353.682  235.408 2.43329 0.125 18.4304 0
65.6618  423.541  64.4779  399.501 1.83497 0.125 22.0015 0
11.5388  363.574  51.4686  365.25 2.24289 0.125 62.4212 0
516.321  423.493  534.63  420.231 2.95349 0.125 25.3784 0
506.718  328.573  583.702  346.641 1.73814 0.125 90.1936 0
120.593  148.5  120.681  167.504 2.07404 0.125 20.8791 0
475.507  408.784  484.501  408.548 2.13023 0.125 1.91421 0
243.999  256.517  243.622  245.496 1.23846 0.0625 2.8173 0
478.79  429.21  500.795  420.223 2.36034 0.125 18.6604 0
540.857  386.133  525.64  371.355 1 0.125 2.45711 0
222.492  254.926  238.505  255.231 1.24719 0.125 5.97339 0
255.499  400.49  245.405  401.721 1.74313 0.125 1.01112 0
23.1883  44.4758  27.0614  154.48 2.78702 0.125 221.856 0
59.5092  309.973  50.4945  309.816 2.03461 0.125 1.91421 0
124.286  145.49  124.697  176.511 2.34462 0.125 66.0336 0
134.687  148.511  134.867  161.509 2.11078 0.125 9.13893 0
44.5008  277.403  60.4997  277.534 2.08977 0.125 15.2144 0
131.384  273.203  150.411  271.505 2.27715 0.125 4.51227 0
325.303  461.931  337.498  467.505 1.2471 0.125 1.01112 0
19.7922  81.513  19.0942  43.5075 2.55047 0.125 65.0499 0
239.448  444.162  279.581  438.028 2.29224 0.125 37.628 0
88.623  76.492  87.5162  59.4341 1.73681 0.125 11.8482 0
170.498  273.631  203.521  274.144 1.9531 0.125 34.9173 0
19.741  195.882  0.539637  188.398 2.11677 0.125 14.2225 0
22.17  0.490076  22.7031  36.4822 2.44411 0.125 75.0645 0
10.0397  155.504  3.11902  152.331 2.80252 0.125 5.52657 0
317.375  355.603  334.566  376.445 1.36835 0.125 8.29566 0
528.176  471.99  545.266  461.131 2.14529 0.125 11.723 0
18.9423  92.5035  19.0505  109.503 1.10176 0.125 13.6544 0
82.4352  272.13  92.4323  273.158 1.785 0.125 1.91421 0
553.504  324.456  565.586  325.551 1.72109 0.125 2.43315 0
350.145  226.605  348.377  237.48 2.45546 0.125 3.98429 0
420.866  269.458  421.936  253.462 2.19576 0.125 17.2667 0
507.405  425.066  515.455  423.295 3.14478 0.125 0.670152 0
10.0526  38.5603  11.5508  74.5395 3.12159 0.125 77.1155 0
183.493  279.021  171.482  279.185 1.97245 0.125 7.33275 0
499.906  418.675  505.197  406.37 1.7175 0.125 0.57978 0
244.491  326.002  257.505  325.773 2.14089 0.125 6.86018 0
308.452  393.369  315.883  447.447 2.10948 0.125 59.2196 0
209.427  344.259  236.371  346.847 2.89065 0.125 41.7112 0
553.621  330.978  572.533  335.356 1.87638 0.125 16.6464 0
548.52  277.701  538.421  278.71 2.08948 0.125 2.43315 0
138.528  82.5054  135.465  98.4933 3.46952 0.125 13.6322 0
157.517  118.319  171.49  118.028 2.14563 0.125 9.13893 0
88.0201  304.024  96.1376  301.385 2.87662 0.125 0.57978 0
471.402  27.4927  472.661  10.438 2.91825 0.125 24.8328 0
91.5011  262.847  78.5012  262.887 1.0313 0.0625 1.61318 0
491.756  461.539  494.033  446.581 1.82672 0.125 8.63548 0
24.6201  223.544  23.3068  197.51 2.59316 0.125 17.929 0
29.5177  200.499  31.2717  226.515 2.65686 0.125 25.5002 0
64.5658  10.4961  51.4908  9.63976 1.79966 0.125 8.23584 0
512.681  387.703  510.119  377.347 2.65159 0.125 8.38953 0
76.6456  33.4958  77.9886  80.5146 2.99878 0.125 86.7729 0
329.5  289.5  362.5  289.5 1 0.125 15.4606 0
125.546  49.4863  132.741  73.7252 2.41174 0.125 19.732 0
8.39235  11.4942  8.56658  38.4996 1 0.125 10.042 0
27.5626  156.5  27.6471  172.499 2.01581 0.125 14.5575 0
97.8367  314.64  103.333  301.431 1.61734 0.125 3.1603 0
136.335  102.455  135.337  128.494 1.92194 0.125 22.0298 0
108.91  300.69  104.781  309.63 1.81565 0.0625 1.11411 0
491.439  407.181  498.745  405.781 2.7172 0.125 0.668085 0
32.4517  349.005  39.579  348.31 2.18477 0.125 0.108034 0
466.502  459.271  429.496  458.945 2.14087 0.125 16.8901 0
96.7843  351.666  93.4903  337.502 2.69551 0.125 5.61522 0
124.826  437.378  121.502  428.499 1.87307 0.125 1.91421 0
244.223  339.592  259.506  343.475 2.9392 0.125 11.1078 0
41.8698  182.524  42.6907  204.493 2.40932 0.125 11.2591 0
39.2955  117.471  39.0323  128.513 1.95175 0.0625 3.13832 0
119.504  97.4949  119.301  57.4959 2.18747 0.125 67.3186 0
349.5  284.87  330.5  284.871 1.00062 0.0625 3.0454 0
450.532  403.059  431.487  401.679 2.28386 0.125 17.8297 0
190.502  293.651  170.504  293.859 2.11399 0.125 10.8268 0
436.5  461.5  480.5  461.5 1 0.125 25.3946 0
208.479  117.03  224.536  116.315 3.08601 0.125 12.8921 0
346.437  454.799  384.445  462.761 2.06967 0.125 35.5166 0
92.2621  79.4708  92.9926  98.5195 2.45839 0.125 16.068 0
151.093  178.498  151.001  149.498 1.08282 0.125 22.6853 0
11.5  95.5  11.5  116.5 1 0.125 4.62348 0
429.5  472.5  462.5  472.5 1 0.125 15.4606 0
122.159  52.5221  121.634  44.4265 1.68979 0.125 0.108034 0
511.288  394.633  512.355  388.307 2.6374 0.125 1.91421 0
31.7018  83.5619  30.6885  70.4854 1.68497 0.125 4.20178 0
230.431  286.405  210.471  284.888 1.8307 0.125 12.6064 0
374.886  31.5405  373.526  44.5027 1.78037 0.125 6.42966 0
375.234  15.4888  374.815  25.4713 1.91441 0.125 2.8173 0
356.964  332.057  349.293  324.676 2.96432 0.125 7.41745 0
47.3001  109.402  42.7732  118.634 1.81303 0.125 0.668085 0
74.261  209.511  73.414  191.457 3.23101 0.125 13.2997 0
106.39  53.3661  117.591  54.7858 2.61285 0.125 14.5575 0
117.462  360.981  136.501  362.487 1.04759 0.125 1.55013 0
122.821  60.4926  123.67  97.519 2.22882 0.125 51.8284 0
233.543  365.69  223.603  367.954 2.39423 0.125 1.42771 0
216.429  426.656  278.494  421.424 2.83282 0.125 62.8309 0
123.46  426.233  143.564  427.323 2.99561 0.125 34.5129 0
232.569  452.951  278.567  445.94 2.68276 0.125 51.1923 0
174.528  360.424  157.483  360.936 2.38941 0.125 14.2225 0
173.583  413.495  192.534  411.911 2.16272 0.125 2.47705 0
295.5  213.5  295.5  192.5 1 0.125 4.62348 0
70.8355  24.4892  70.6416  0.490778 3.03221 0.125 42.4645 0
76.4203  449.267  131.449  454.987 2.49195 0.125 41.3556 0
220.484  353.454  229.728  350.135 2.896 0.125 2.45711 0
348.216  366.948  374.915  383.845 2.00021 0.125 37.5566 0
388.26  156.475  389.307  146.48 2.09326 0.125 0.563807 0
14.4827  358.329  0.424124  359.749 2.59303 0.125 12.5312 0
229.466  350.833  254.502  349.541 2.15201 0.125 30.0487 0
211.998  75.7537  207.965  67.7705 2.26398 0.125 3.72039 0
247.386  59.8273  269.8  67.6406 3.04898 0.125 39.2744 0
59.4418  348.375  74.505  347.596 2.42804 0.125 6.61688 0
368.5  383.499  346.478  369.534 2.53353 0.125 27.8311 0
120.502  339.528  137.468  338.114 3.0727 0.125 21.9297 0
150.546  361.04  142.526  360.241 2.18851 0.125 1.91421 0
211.504  366.069  177.498  365.747 3.00933 0.125 36.1846 0
411.249  304.444  411.924  313.468 2.36722 0.125 0.57978 0
374.981  384.417  387.17  391.317 2.61078 0.125 10.8174 0
151.433  369.869  135.24  366.933 2.95186 0.125 7.88154 0
378.614  392.371  369.021  383.909 2.82289 0.125 6.72138 0
45.5  359.5  30.5  359.5 1 0.0625 1.63941 0
71.5789  82.4858  71.1832  52.5042 2.25054 0.125 45.12 0
236.011  430.683  232.49  440.496 1.7516 0.0625 1.11411 0
264.408  211.748  247.417  213.824 3.12145 0.125 21.9297 0
279.41  404.338  289.162  398.894 2.8229 0.125 2.613 0
391.643  350.065  364.515  347.354 2.58804 0.125 26.4383 0
402.572  409.223  407.961  416.141 3.32965 0.125 6.5569 0
44.0998  48.5043  44.171  38.4977 2.01418 0.125 2.43315 0
63.2566  340.525  81.3756  336.002 1.94453 0.125 13.6527 0
73.6226  187.48  72.7283  138.478 2.76227 0.125 78.0389 0
132.074  131.499  132.049  144.501 1.02302 0.0625 1.61318 0
232.542  90.16  222.448  88.9226 2.34275 0.125 3.1603 0
221.974  88.6657  213.78  84.0077 3.10226 0.125 9.52392 0
278.474  212.036  264.462  212.815 3.05085 0.125 6.41405 0
72.6049  133.479  71.7141  87.4765 3.23176 0.125 82.9449 0
79.5  191.5  79.5  210.5 1 0.125 2.8173 0
188.521  268.199  208.495  269.574 1.20361 0.125 5.52657 0
270.097  67.67  286.865  73.4388 3.57859 0.125 22.8238 0
119.53  4.29208  109.453  2.82483 3.11278 0.125 3.42942 0
173.36  347.803  183.358  345.793 1.96078 0.125 1.55013 0
439.481  390.763  424.486  389.697 1.21024 0.125 1.01112 0
76.5038  423.436  122.457  426.211 2.35794 0.125 32.3045 0
200.379  336.761  215.307  334.32 2.11651 0.125 4.11395 0
464.486  500.515  455.029  492.025 1.71666 0.0625 4.52603 0
145.464  359.723  121.485  359.022 2.37911 0.125 36.3166 0
76.947  0.499301  76.9829  23.5008 1.03596 0.125 6.42966 0
306.251  74.3615  295.955  71.3839 3.28688 0.125 3.60558 0
443.584  366.056  421.613  361.9 2.46958 0.125 12.0479 0
95.7609  81.4971  95.9188  95.4953 1.13531 0.0625 2.8173 0
145.52  364.916  163.48  364.07 2.37422 0.125 9.32668 0
201.498  251.396  180.505  251.778 1.05437 0.125 2.8173 0
296.322  430.495  296.066  439.516 2.14099 0.125 0.668085 0
350.488  349.644  371.514  351.321 1.79176 0.125 12.5312 0
16.7399  232.805  5.36877  228.88 2.28388 0.125 4.84021 0
182.118  84.6309  184.273  90.9204 2.86435 0.125 0.668085 0
347.436  112.225  336.522  111.256 2.39976 0.125 0.670152 0
317.357  436.51  315.214  405.589 2.61772 0.125 31.6229 0
482.503  469.355  431.497  469.54 2.13421 0.125 67.7453 0
299.838  132.738  294.549  130.391 3.14776 0.125 1.91421 0
186.509  448.953  174.514  449.189 2.13714 0.125 7.33275 0
519.456  439.258  542.424  435.081 2.68288 0.125 6.70494 0
470.404  375.705  458.64  370.201 2.77526 0.125 5.22771 0
125.443  451.939  90.3879  447.358 1.93791 0.125 23.9697 0
275.609  443.152  235.554  449.826 1.80843 0.125 31.2674 0
206.507  357.407  191.518  356.266 1.30056 0.125 1.91421 0
349.334  458.164  328.395  452.917 1.94454 0.125 10.1529 0
290.707  69.1643  281.508  63.4863 1.57575 0.0625 2.8173 0
423.52  388.477  401.509  388.055 1.96126 0.125 2.76539 0
53.5798  383.567  39.4388  382.983 3.50151 0.125 10.2426 0
144.509  346.813  130.492  347.201 1.33184 0.125 5.97339 0
360.465  363.875  383.505  362.597 1.71887 0.125 12.5219 0
432.5  384.503  417.523  383.23 1.25049 0.125 1.01112 0
259.486  437.167  244.512  437.79 1.79047 0.125 1.42771 0
366.443  436.158  384.567  437.731 2.07897 0.03125 7.38522 0
128.509  434.401  143.473  435.789 1 0.03125 4.66437 0
143.5  458.5  191.5  458.5 1 0.125 29.0069 0
38.6037  383.527  26.5276  382.241 2.41235 0.125 1.19521 0
478.11  431.803  337.42  407.972 4.94585 0.125 101.368 0
77.8788  90.4928  79.4847  175.481 2.67975 0.125 134.944 0
13.4269  111.501  15.0115  207.492 3.09863 0.125 75.4486 0
21.6855  150.518  18.415  0.480054 2.82495 0.125 141.74 0
485.506  348.068  347.492  346.004 2.58522 0.125 288.995 0
145.532  333.167  199.606  338.405 2.92088 0.125 47.1609 0
329.257  410.704  375.587  420.068 3.76418 0.125 64.8701 0
597.585  342.115  463.487  312.557 12.5797 0.125 61.9429 0
38.2583  0.496297  37.1856  70.5105 2.95369 0.125 69.8144 0
148.507  346.656  208.518  343.885 1.98295 0.125 26.7509 0
372.473  351.714  416.532  357.245 3.85709 0.125 26.9525 0
37.5322  71.4731  39.8522  160.517 2.12335 0.125 57.5264 0
470.044  47.6175  473.635  0.434145 2.76369 0.125 45.401 0
376.336  419.549  392.717  422.109 3.27279 0.125 33.8741 0
205.335  37.676  247.701  57.0597 3.61292 0.125 18.8971 0
233.493  379.29  111.397  383.497 33.8421 0.125 181.63 0
93.2972  125.487  94.3638  190.502 2.4255 0.0625 25.9758 0
373.036  52.4792  371.651  83.462 2.37194 0.125 42.709 0
246.573  126.501  244.901  229.49 2.23392 0.125 151.791 0
417.506  288.438  204.556  267.917 2.29474 0.125 136.16 0
357.472  473.034  519.471  476.042 7.53311 0.125 334.184 0
478.356  489.66  505.721  514.363 2.75252 0.125 36.4291 0
588.792  434.643  584.087  411.381 3.17202 0.125 31.5706 0
151.501  275.484  423.481  294.775 1.92424 0.125 121.552 0
193.505  359.362  57.477  354.094 4.91886 0.125 41.8253 0
120.975  105.565  125.51  212.457 8.06115 0.125 158.556 0
0.523544  312.364  61.0957  322.838 8.0904 0.125 50.4994 0
491.534  318.325  554.477  330.618 2.82947 0.125 80.9128 0
497.428  323.014  591.82  336.323 14.4213 0.125 25.6014 0
442.848  436.346  542.16  444.596 13.9645 0.125 106.268 0
314.789  216.115  305.736  444.47 17.9859 0.125 41.0891 0
95.6857  106.496  97.0952  171.509 1.78013 0.125 44.0223 0
152.5  413.381  213.5  413.264 1.09015 0.0625 1.22941 0
514.917  373.465  516.753  395.479 3.65457 0.125 26.659 0
27.0163  50.494  28.6452  190.498 2.06967 0.125 15.8162 0
175.529  254.203  205.533  257.164 2.87427 0.125 41.6577 0
286.318  387.295  495.46  397.34 6.44167 0.125 74.5107 0
15.4872  273.982  535.439  287.794 18.0586 0.125 116.031 0
342.528  438.221  389.555  442.956 3.39918 0.125 86.5803 0
78.5727  339.88  436.529  347.069 14.3386 0.03125 107.955 0
